日付,機種名,台番号,G数,差枚,BB回数,RB回数,合成確率,BB確率,RB確率,ブドウ確率
2023-10-02,アイムジャグラーEX-TP,121,4659,-990,14,9,1/202.6,1/332.8,1/517.7,5.810410677058011
2023-10-02,アイムジャグラーEX-TP,122,5731,2121,29,20,1/117.0,1/197.6,1/286.6,6.17934890062741
2023-10-02,アイムジャグラーEX-TP,123,5299,484,20,20,1/132.5,1/264.9,1/264.9,6.098192803612322
2023-10-02,アイムジャグラーEX-TP,124,2024,-831,4,6,1/202.4,1/506.0,1/337.3,5.975305338398015
2023-10-02,アイムジャグラーEX-TP,125,4748,901,19,17,1/131.9,1/249.9,1/279.3,5.832508821976697
2023-10-02,アイムジャグラーEX-TP,126,4955,-760,14,19,1/150.2,1/353.9,1/260.8,6.154729400272857
2023-10-02,アイムジャグラーEX-TP,127,2361,-631,7,5,1/196.8,1/337.3,1/472.2,6.086299551526597
2023-10-02,アイムジャグラーEX-TP,128,6415,374,24,21,1/142.6,1/267.3,1/305.5,5.993280705508638
2023-10-02,アイムジャグラーEX-TP,129,4480,-1138,11,15,1/172.3,1/407.3,1/298.7,5.976945799374476
2023-10-02,アイムジャグラーEX-TP,130,4445,-667,14,14,1/158.8,1/317.5,1/317.5,6.216367633044952
2023-10-02,アイムジャグラーEX-TP,131,3082,-1083,9,5,1/220.1,1/342.4,1/616.4,6.207792499721737
2023-10-02,アイムジャグラーEX-TP,132,7266,-636,27,13,1/181.7,1/269.1,1/558.9,5.984696572424416
2023-10-02,アイムジャグラーEX-TP,145,2458,-25,9,6,1/163.9,1/273.1,1/409.7,5.857854280369632
2023-10-02,アイムジャグラーEX-TP,146,7598,2695,36,26,1/122.5,1/211.1,1/292.2,5.853803965612423
2023-10-02,アイムジャグラーEX-TP,147,2474,-25,9,9,1/137.4,1/274.9,1/274.9,6.360788990826633
2023-10-02,アイムジャグラーEX-TP,148,2991,1050,15,10,1/119.6,1/199.4,1/299.1,6.149646876420409
2023-10-02,アイムジャグラーEX-TP,149,6304,787,18,38,1/112.6,1/350.2,1/165.9,5.875438686684365
2023-10-02,アイムジャグラーEX-TP,150,6413,651,24,23,1/136.4,1/267.2,1/278.8,5.9349637729829805
2023-10-02,アイムジャグラーEX-TP,151,2220,-381,6,7,1/170.8,1/370.0,1/317.1,5.808438483730682
2023-10-02,アイムジャグラーEX-TP,152,5170,684,20,18,1/136.1,1/258.5,1/287.2,5.895168846415799
2023-10-02,アイムジャグラーEX-TP,153,757,-213,3,0,1/252.3,1/252.3,1/0.0,6.393660461831748
2023-10-02,アイムジャグラーEX-TP,154,6515,600,28,14,1/155.1,1/232.7,1/465.4,5.98839217047367
2023-10-02,アイムジャグラーEX-TP,155,3351,-1440,5,14,1/176.4,1/670.2,1/239.4,6.034235888274908
2023-10-02,アイムジャグラーEX-TP,156,5107,-1551,15,8,1/222.0,1/340.5,1/638.4,5.981511799407524
2023-10-02,アイムジャグラーEX-TP,157,7431,1337,29,32,1/121.8,1/256.2,1/232.2,6.07188707378423
2023-10-02,アイムジャグラーEX-TP,158,1345,-1012,2,1,1/448.3,1/672.5,1/1345.0,6.008352279745308
2023-10-02,アイムジャグラーEX-TP,159,5914,471,23,19,1/140.8,1/257.1,1/311.3,6.038556951934129
2023-10-02,アイムジャグラーEX-TP,160,4070,-1197,8,14,1/185.0,1/508.8,1/290.7,5.6628426941607195
2023-10-02,アイムジャグラーEX-TP,161,3324,1161,19,8,1/123.1,1/174.9,1/415.5,6.599517175034979
2023-10-02,アイムジャグラーEX-TP,162,1895,-794,4,5,1/210.6,1/473.8,1/379.0,6.02563741784107
2023-10-02,アイムジャグラーEX-TP,163,6628,1285,30,16,1/144.1,1/220.9,1/414.2,5.903884861347158
2023-10-02,アイムジャグラーEX-TP,164,5685,-804,17,20,1/153.6,1/334.4,1/284.2,6.151557829269437
2023-10-02,アイムジャグラーEX-TP,165,6791,2640,35,21,1/121.3,1/194.0,1/323.4,6.025851586549667
2023-10-02,アイムジャグラーEX-TP,166,4390,63,14,15,1/151.4,1/313.6,1/292.7,5.649867662467639
2023-10-02,アイムジャグラーEX-TP,167,2770,1446,16,7,1/120.4,1/173.1,1/395.7,5.889393574246384
2023-10-02,アイムジャグラーEX-TP,168,5760,-2446,15,12,1/213.3,1/384.0,1/480.0,6.395227383919545
2023-10-02,アイムジャグラーEX-TP,169,5509,-583,20,15,1/157.4,1/275.4,1/367.3,6.394878636660629
2023-10-02,アイムジャグラーEX-TP,170,2374,-1645,4,3,1/339.1,1/593.5,1/791.3,6.193417075950051
2023-10-02,アイムジャグラーEX-TP,171,6409,1205,25,26,1/125.7,1/256.4,1/246.5,5.926540434222055
2023-10-02,アイムジャグラーEX-TP,172,3135,-565,9,8,1/184.4,1/348.3,1/391.9,5.781421866480874
2023-10-02,アイムジャグラーEX-TP,173,3022,-660,10,7,1/177.8,1/302.2,1/431.7,6.35987421928177
2023-10-02,アイムジャグラーEX-TP,174,3355,418,15,5,1/167.8,1/223.7,1/671.0,5.765207086925919
2023-10-02,アイムジャグラーEX-TP,175,3691,-404,13,11,1/153.8,1/283.9,1/335.5,6.39961283989469
2023-10-02,アイムジャグラーEX-TP,176,4045,-1420,11,6,1/237.9,1/367.7,1/674.2,5.91395408797873
2023-10-02,アイムジャグラーEX-TP,177,4766,1115,22,15,1/128.8,1/216.6,1/317.7,6.141037257271024
2023-10-02,アイムジャグラーEX-TP,178,6539,-1154,19,22,1/159.5,1/344.2,1/297.2,6.147529559449643
2023-10-02,マイジャグラーV,117,7619,-1060,23,25,1/158.7,1/331.3,1/304.8,5.8969971663618646
2023-10-02,マイジャグラーV,118,3315,-919,10,4,1/236.8,1/331.5,1/828.8,5.647110589962395
2023-10-02,マイジャグラーV,119,7820,1762,36,30,1/118.5,1/217.2,1/260.7,6.206198607521885
2023-10-02,マイジャグラーV,120,6612,-1642,21,15,1/183.7,1/314.9,1/440.8,6.1244449137094
2023-10-02,ファンキージャグラー2,113,1108,-40,6,0,1/184.7,1/184.7,1/0.0,6.6832561813333875
2023-10-02,ファンキージャグラー2,114,4083,-620,14,10,1/170.1,1/291.6,1/408.3,6.045885986887882
2023-10-02,ファンキージャグラー2,115,3356,-1928,6,7,1/258.2,1/559.3,1/479.4,6.025043787490457
2023-10-02,ファンキージャグラー2,116,889,-390,2,3,1/177.8,1/444.5,1/296.3,6.502314986876057
2023-10-02,ハッピージャグラーVIII,109,5475,-2076,12,14,1/210.6,1/456.2,1/391.1,6.010339018112321
2023-10-02,ハッピージャグラーVIII,110,6096,-506,18,26,1/138.5,1/338.7,1/234.5,6.243415787525581
2023-10-02,ハッピージャグラーVIII,111,5572,-896,20,11,1/179.7,1/278.6,1/506.5,6.298241042117
2023-10-02,ハッピージャグラーVIII,112,6104,-856,17,19,1/169.6,1/359.1,1/321.3,5.819879866772043
2023-10-02,ゴーゴージャグラー3,133,2442,-759,7,5,1/203.5,1/348.9,1/488.4,6.21869998993472
2023-10-02,ゴーゴージャグラー3,134,1029,-642,3,0,1/343.0,1/343.0,1/0.0,6.911091975199656
2023-10-02,ゴーゴージャグラー3,135,3892,-1271,11,11,1/176.9,1/353.8,1/353.8,6.634664468294802
2023-10-02,ゴーゴージャグラー3,136,2729,-740,7,7,1/194.9,1/389.9,1/389.9,5.931095782714338
2023-10-02,ゴーゴージャグラー3,137,5998,696,24,24,1/125.0,1/249.9,1/249.9,6.378103560016977
2023-10-01,アイムジャグラーEX-TP,121,5685,381,21,21,1/135.4,1/270.7,1/270.7,6.081840714826501
2023-10-01,アイムジャグラーEX-TP,122,4931,414,19,15,1/145.0,1/259.5,1/328.7,5.906586525551274
2023-10-01,アイムジャグラーEX-TP,123,1888,-1114,4,2,1/314.7,1/472.0,1/944.0,6.1299493415531785
2023-10-01,アイムジャグラーEX-TP,124,3810,-626,11,13,1/158.8,1/346.4,1/293.1,6.090032742317767
2023-10-01,アイムジャグラーEX-TP,125,2276,287,11,4,1/151.7,1/206.9,1/569.0,6.285759752131172
2023-10-01,アイムジャグラーEX-TP,126,7363,-2005,17,27,1/167.3,1/433.1,1/272.7,6.030290584494453
2023-10-01,アイムジャグラーEX-TP,127,4069,-102,14,14,1/145.3,1/290.6,1/290.6,6.101897397667478
2023-10-01,アイムジャグラーEX-TP,128,3432,-1385,7,12,1/180.6,1/490.3,1/286.0,6.2535813004653935
2023-10-01,アイムジャグラーEX-TP,129,4583,-3,17,14,1/147.8,1/269.6,1/327.4,6.131574764332729
2023-10-01,アイムジャグラーEX-TP,130,3426,-450,11,9,1/171.3,1/311.5,1/380.7,5.969909564757001
2023-10-01,アイムジャグラーEX-TP,131,7253,895,26,28,1/134.3,1/279.0,1/259.0,5.783081638917523
2023-10-01,アイムジャグラーEX-TP,132,7506,972,28,33,1/123.0,1/268.1,1/227.5,6.145331489668389
2023-10-01,アイムジャグラーEX-TP,145,5870,-147,23,13,1/163.1,1/255.2,1/451.5,6.116782826491359
2023-10-01,アイムジャグラーEX-TP,146,1829,-503,5,5,1/182.9,1/365.8,1/365.8,6.12525814664357
2023-10-01,アイムジャグラーEX-TP,147,2747,-405,10,7,1/161.6,1/274.7,1/392.4,6.538442579156868
2023-10-01,アイムジャグラーEX-TP,148,3756,-230,17,6,1/163.3,1/220.9,1/626.0,6.792626975963161
2023-10-01,アイムジャグラーEX-TP,149,2981,363,13,9,1/135.5,1/229.3,1/331.2,6.3149723482168545
2023-10-01,アイムジャグラーEX-TP,150,4308,-659,12,17,1/148.6,1/359.0,1/253.4,6.155656930836036
2023-10-01,アイムジャグラーEX-TP,151,3437,-840,7,15,1/156.2,1/491.0,1/229.1,5.897473057196154
2023-10-01,アイムジャグラーEX-TP,152,1108,-374,3,3,1/184.7,1/369.3,1/369.3,6.386725939479891
2023-10-01,アイムジャグラーEX-TP,153,3410,1932,21,8,1/117.6,1/162.4,1/426.2,6.041652142044735
2023-10-01,アイムジャグラーEX-TP,154,4327,-1204,11,14,1/173.1,1/393.4,1/309.1,6.1389049904502215
2023-10-01,アイムジャグラーEX-TP,155,1977,-899,4,7,1/179.7,1/494.2,1/282.4,6.5147045647384845
2023-10-01,アイムジャグラーEX-TP,156,5121,-58,18,18,1/142.2,1/284.5,1/284.5,6.158261623637642
2023-10-01,アイムジャグラーEX-TP,157,3334,-1056,12,3,1/222.3,1/277.8,1/1111.3,6.549022468038206
2023-10-01,アイムジャグラーEX-TP,158,2173,-1081,5,3,1/271.6,1/434.6,1/724.3,6.05495007912396
2023-10-01,アイムジャグラーEX-TP,159,5172,14,19,13,1/161.6,1/272.2,1/397.8,5.845330123721181
2023-10-01,アイムジャグラーEX-TP,160,2223,-1131,5,2,1/317.6,1/444.6,1/1111.5,5.844798590685757
2023-10-01,アイムジャグラーEX-TP,161,4398,-309,14,17,1/141.9,1/314.1,1/258.7,6.20113355537001
2023-10-01,アイムジャグラーEX-TP,162,3908,1198,18,11,1/134.8,1/217.1,1/355.3,5.675669995923481
2023-10-01,アイムジャグラーEX-TP,163,5028,826,19,19,1/132.3,1/264.6,1/264.6,5.783554144016617
2023-10-01,アイムジャグラーEX-TP,164,2697,-870,7,7,1/192.6,1/385.3,1/385.3,6.123667012561896
2023-10-01,アイムジャグラーEX-TP,165,4559,-1087,12,15,1/168.9,1/379.9,1/303.9,6.082862949948899
2023-10-01,アイムジャグラーEX-TP,166,3312,-133,13,6,1/174.3,1/254.8,1/552.0,6.017652543903563
2023-10-01,アイムジャグラーEX-TP,167,7834,1924,36,26,1/126.4,1/217.6,1/301.3,6.138681256741168
2023-10-01,アイムジャグラーEX-TP,168,2546,236,10,7,1/149.8,1/254.6,1/363.7,5.829667599726413
2023-10-01,アイムジャグラーEX-TP,169,3847,-2067,7,10,1/226.3,1/549.6,1/384.7,6.2196391435535885
2023-10-01,アイムジャグラーEX-TP,170,1899,-1122,4,3,1/271.3,1/474.8,1/633.0,6.360398251362738
2023-10-01,アイムジャグラーEX-TP,171,3517,424,17,7,1/146.5,1/206.9,1/502.4,6.426529943536438
2023-10-01,アイムジャグラーEX-TP,172,6019,765,26,20,1/130.8,1/231.5,1/300.9,6.381587372094975
2023-10-01,アイムジャグラーEX-TP,173,1884,330,9,3,1/157.0,1/209.3,1/628.0,5.919049272503604
2023-10-01,アイムジャグラーEX-TP,174,3070,-289,10,7,1/180.6,1/307.0,1/438.6,5.720018509011032
2023-10-01,アイムジャグラーEX-TP,175,4699,66,17,18,1/134.3,1/276.4,1/261.1,6.306508866067024
2023-10-01,アイムジャグラーEX-TP,176,3179,-714,9,12,1/151.4,1/353.2,1/264.9,6.488948141506261
2023-10-01,アイムジャグラーEX-TP,177,4304,823,18,14,1/134.5,1/239.1,1/307.4,5.886929697530537
2023-10-01,アイムジャグラーEX-TP,178,7677,435,26,30,1/137.1,1/295.3,1/255.9,5.874367592994062
2023-10-01,マイジャグラーV,117,4645,978,25,6,1/149.8,1/185.8,1/774.2,6.013371320168921
2023-10-01,マイジャグラーV,118,4385,-38,15,15,1/146.2,1/292.3,1/292.3,5.807106671922749
2023-10-01,マイジャグラーV,119,6930,1235,29,27,1/123.8,1/239.0,1/256.7,5.986024252964634
2023-10-01,マイジャグラーV,120,4659,-1430,12,11,1/202.6,1/388.2,1/423.5,5.786688727087415
2023-10-01,ファンキージャグラー2,113,3448,593,16,9,1/137.9,1/215.5,1/383.1,5.961906907624765
2023-10-01,ファンキージャグラー2,114,4097,-128,15,13,1/146.3,1/273.1,1/315.2,6.063920672905744
2023-10-01,ファンキージャグラー2,115,1140,-1192,1,1,1/570.0,1/1140.0,1/1140.0,6.724582626096985
2023-10-01,ファンキージャグラー2,116,6320,2138,31,20,1/123.9,1/203.9,1/316.0,5.74699970469333
2023-10-01,ハッピージャグラーVIII,109,3277,-1725,6,10,1/204.8,1/546.2,1/327.7,6.54133744251222
2023-10-01,ハッピージャグラーVIII,110,2935,-962,5,12,1/172.6,1/587.0,1/244.6,5.9131951514318155
2023-10-01,ハッピージャグラーVIII,111,7422,322,26,30,1/132.5,1/285.5,1/247.4,6.167277685146971
2023-10-01,ハッピージャグラーVIII,112,4010,198,20,5,1/160.4,1/200.5,1/802.0,6.58523663025559
2023-10-01,ゴーゴージャグラー3,133,6000,-670,20,19,1/153.8,1/300.0,1/315.8,6.316205013487729
2023-10-01,ゴーゴージャグラー3,134,6254,1400,30,18,1/130.3,1/208.5,1/347.4,6.25541043866866
2023-10-01,ゴーゴージャグラー3,135,1224,-274,3,3,1/204.0,1/408.0,1/408.0,5.57730329183923
2023-10-01,ゴーゴージャグラー3,136,3905,-181,16,11,1/144.6,1/244.1,1/355.0,6.766779919255679
2023-10-01,ゴーゴージャグラー3,137,3979,-1015,13,12,1/159.2,1/306.1,1/331.6,6.9356599663278855
2023-09-30,アイムジャグラーEX-TP,121,3393,-683,12,6,1/188.5,1/282.8,1/565.5,6.299242186127031
2023-09-30,アイムジャグラーEX-TP,122,1853,12,6,7,1/142.5,1/308.8,1/264.7,5.876180908614859
2023-09-30,アイムジャグラーEX-TP,123,6779,3241,38,21,1/114.9,1/178.4,1/322.8,6.139890174491984
2023-09-30,アイムジャグラーEX-TP,124,3659,677,18,9,1/135.5,1/203.3,1/406.6,6.4357080591862115
2023-09-30,アイムジャグラーEX-TP,125,3063,-927,8,7,1/204.2,1/382.9,1/437.6,5.91813417749151
2023-09-30,アイムジャグラーEX-TP,126,3072,217,12,10,1/139.6,1/256.0,1/307.2,6.118761576997662
2023-09-30,アイムジャグラーEX-TP,127,1172,-121,4,3,1/167.4,1/293.0,1/390.7,6.043413676874244
2023-09-30,アイムジャグラーEX-TP,128,6820,-1261,19,26,1/151.6,1/358.9,1/262.3,6.248359175841426
2023-09-30,アイムジャグラーEX-TP,129,1786,-269,5,5,1/178.6,1/357.2,1/357.2,5.683193346247059
2023-09-30,アイムジャグラーEX-TP,130,1457,-352,6,1,1/208.1,1/242.8,1/1457.0,6.741421333142212
2023-09-30,アイムジャグラーEX-TP,131,3392,-624,10,10,1/169.6,1/339.2,1/339.2,6.047610527035708
2023-09-30,アイムジャグラーEX-TP,132,5480,193,20,18,1/144.2,1/274.0,1/304.4,5.998336009050919
2023-09-30,アイムジャグラーEX-TP,145,1237,-83,5,3,1/154.6,1/247.4,1/412.3,6.586216502407032
2023-09-30,アイムジャグラーEX-TP,146,3369,-3,13,10,1/146.5,1/259.2,1/336.9,6.273509249683265
2023-09-30,アイムジャグラーEX-TP,147,1781,1158,12,3,1/118.7,1/148.4,1/593.7,6.0368074420108035
2023-09-30,アイムジャグラーEX-TP,148,3645,-216,15,8,1/158.5,1/243.0,1/455.6,6.524984110455361
2023-09-30,アイムジャグラーEX-TP,149,1912,-230,7,5,1/159.3,1/273.1,1/382.4,6.456329884419539
2023-09-30,アイムジャグラーEX-TP,150,2274,-737,6,6,1/189.5,1/379.0,1/379.0,6.20167791113961
2023-09-30,アイムジャグラーEX-TP,151,1864,-1175,4,3,1/266.3,1/466.0,1/621.3,6.636290447504931
2023-09-30,アイムジャグラーEX-TP,152,4653,1585,24,11,1/132.9,1/193.9,1/423.0,5.93540041827416
2023-09-30,アイムジャグラーEX-TP,153,2645,1765,18,6,1/110.2,1/146.9,1/440.8,6.30060733566968
2023-09-30,アイムジャグラーEX-TP,154,1382,-552,4,3,1/197.4,1/345.5,1/460.7,6.694973194189634
2023-09-30,アイムジャグラーEX-TP,155,5294,298,22,11,1/160.4,1/240.6,1/481.3,5.958628322859642
2023-09-30,アイムジャグラーEX-TP,156,3877,-67,14,14,1/138.5,1/276.9,1/276.9,6.350146661034905
2023-09-30,アイムジャグラーEX-TP,157,5521,-1196,16,16,1/172.5,1/345.1,1/345.1,6.118422064601406
2023-09-30,アイムジャグラーEX-TP,158,1312,-614,3,2,1/262.4,1/437.3,1/656.0,5.967346154243253
2023-09-30,アイムジャグラーEX-TP,159,6131,729,23,24,1/130.4,1/266.6,1/255.5,6.006823991111978
2023-09-30,アイムジャグラーEX-TP,160,1137,-391,3,2,1/227.4,1/379.0,1/568.5,5.908604336208837
2023-09-30,アイムジャグラーEX-TP,161,3527,-795,10,11,1/168.0,1/352.7,1/320.6,6.184824041054606
2023-09-30,アイムジャグラーEX-TP,162,4611,669,20,12,1/144.1,1/230.6,1/384.2,5.989202757230998
2023-09-30,アイムジャグラーEX-TP,163,3241,887,17,8,1/129.6,1/190.6,1/405.1,6.405082770131697
2023-09-30,アイムジャグラーEX-TP,164,2625,393,13,5,1/145.8,1/201.9,1/525.0,6.388143605468251
2023-09-30,アイムジャグラーEX-TP,165,7322,2083,31,30,1/120.0,1/236.2,1/244.1,5.887562370107465
2023-09-30,アイムジャグラーEX-TP,166,2573,-728,8,6,1/183.8,1/321.6,1/428.8,6.440817994398866
2023-09-30,アイムジャグラーEX-TP,167,4352,850,18,17,1/124.3,1/241.8,1/256.0,6.095773140199855
2023-09-30,アイムジャグラーEX-TP,168,4142,-894,14,8,1/188.3,1/295.9,1/517.8,6.253489657087433
2023-09-30,アイムジャグラーEX-TP,169,4535,-838,15,11,1/174.4,1/302.3,1/412.3,6.242868366057573
2023-09-30,アイムジャグラーEX-TP,170,6664,1467,32,19,1/130.7,1/208.2,1/350.7,6.297207737389731
2023-09-30,アイムジャグラーEX-TP,171,4929,1445,23,16,1/126.4,1/214.3,1/308.1,5.97061997093523
2023-09-30,アイムジャグラーEX-TP,172,1255,-436,4,3,1/179.3,1/313.8,1/418.3,6.94189193935718
2023-09-30,アイムジャグラーEX-TP,173,4970,-1573,13,17,1/165.7,1/382.3,1/292.4,6.5102947146231305
2023-09-30,アイムジャグラーEX-TP,174,1641,-545,5,3,1/205.1,1/328.2,1/547.0,6.366717331407307
2023-09-30,アイムジャグラーEX-TP,175,4518,537,17,14,1/145.7,1/265.8,1/322.7,5.687311393025356
2023-09-30,アイムジャグラーEX-TP,176,3755,-487,11,13,1/156.5,1/341.4,1/288.8,6.002187961353263
2023-09-30,アイムジャグラーEX-TP,177,2717,-1024,6,8,1/194.1,1/452.8,1/339.6,6.078392515966351
2023-09-30,アイムジャグラーEX-TP,178,5665,1294,28,7,1/161.9,1/202.3,1/809.3,5.725704780943278
2023-09-30,マイジャグラーV,117,3684,-1061,10,11,1/175.4,1/368.4,1/334.9,6.112972358720335
2023-09-30,マイジャグラーV,118,4773,75,16,18,1/140.4,1/298.3,1/265.2,5.77607307382292
2023-09-30,マイジャグラーV,119,4741,-837,17,9,1/182.3,1/278.9,1/526.8,6.082354844039564
2023-09-30,マイジャグラーV,120,6679,-571,19,29,1/139.1,1/351.5,1/230.3,5.922142838762433
2023-09-30,ファンキージャグラー2,113,3312,67,13,10,1/144.0,1/254.8,1/331.2,6.050275929665908
2023-09-30,ファンキージャグラー2,114,2062,-741,6,2,1/257.8,1/343.7,1/1031.0,5.79380421198608
2023-09-30,ファンキージャグラー2,115,1455,-493,4,2,1/242.5,1/363.8,1/727.5,5.709356944434567
2023-09-30,ファンキージャグラー2,116,3802,-438,13,9,1/172.8,1/292.5,1/422.4,5.839553506080135
2023-09-30,ハッピージャグラーVIII,109,5966,503,21,25,1/129.7,1/284.1,1/238.6,6.06126043585654
2023-09-30,ハッピージャグラーVIII,110,1531,-89,5,4,1/170.1,1/306.2,1/382.8,5.758238693568098
2023-09-30,ハッピージャグラーVIII,111,1690,-1019,3,2,1/338.0,1/563.3,1/845.0,5.976464576407021
2023-09-30,ハッピージャグラーVIII,112,3761,-503,12,9,1/179.1,1/313.4,1/417.9,5.91386105999827
2023-09-30,ゴーゴージャグラー3,133,6908,2906,39,24,1/109.7,1/177.1,1/287.8,6.583113161647304
2023-09-30,ゴーゴージャグラー3,134,1113,-537,2,4,1/185.5,1/556.5,1/278.2,6.540451524742761
2023-09-30,ゴーゴージャグラー3,135,1631,-451,7,0,1/233.0,1/233.0,1/0.0,6.808353256689267
2023-09-30,ゴーゴージャグラー3,136,1277,-1353,1,2,1/425.7,1/1277.0,1/638.5,7.385541991859567
2023-09-30,ゴーゴージャグラー3,137,3009,-1071,8,8,1/188.1,1/376.1,1/376.1,6.490119351386013
2023-09-29,アイムジャグラーEX-TP,121,3004,-252,11,7,1/166.9,1/273.1,1/429.1,6.1422491746914964
2023-09-29,アイムジャグラーEX-TP,122,3949,200,18,4,1/179.5,1/219.4,1/987.2,5.982386484708798
2023-09-29,アイムジャグラーEX-TP,123,1709,-336,5,6,1/155.4,1/341.8,1/284.8,6.337995549013751
2023-09-29,アイムジャグラーEX-TP,124,3718,-483,11,14,1/148.7,1/338.0,1/265.6,6.1708983322591235
2023-09-29,アイムジャグラーEX-TP,125,886,186,4,4,1/110.8,1/221.5,1/221.5,6.814784914312156
2023-09-29,アイムジャグラーEX-TP,126,4612,776,19,18,1/124.6,1/242.7,1/256.2,6.20271614142424
2023-09-29,アイムジャグラーEX-TP,127,3211,543,14,11,1/128.4,1/229.4,1/291.9,6.271200333719259
2023-09-29,アイムジャグラーEX-TP,128,1597,-810,4,2,1/266.2,1/399.2,1/798.5,6.28669914755194
2023-09-29,アイムジャグラーEX-TP,129,5989,1045,22,22,1/136.1,1/272.2,1/272.2,5.5945111054922085
2023-09-29,アイムジャグラーEX-TP,130,3715,146,16,7,1/161.5,1/232.2,1/530.7,6.125361163413011
2023-09-29,アイムジャグラーEX-TP,131,2623,1856,17,5,1/119.2,1/154.3,1/524.6,5.610270126699705
2023-09-29,アイムジャグラーEX-TP,132,2627,-460,10,3,1/202.1,1/262.7,1/875.7,6.2110504541337095
2023-09-29,アイムジャグラーEX-TP,145,994,-20,4,3,1/142.0,1/248.5,1/331.3,6.613439347076557
2023-09-29,アイムジャグラーEX-TP,146,2087,-1656,2,5,1/298.1,1/1043.5,1/417.4,6.319804580862051
2023-09-29,アイムジャグラーEX-TP,147,5670,-1387,12,27,1/145.4,1/472.5,1/210.0,6.161516158956468
2023-09-29,アイムジャグラーEX-TP,148,340,-419,0,0,1/0.0,1/0.0,1/0.0,6.172996408768561
2023-09-29,アイムジャグラーEX-TP,149,1258,-757,2,3,1/251.6,1/629.0,1/419.3,6.1539343574791125
2023-09-29,アイムジャグラーEX-TP,150,2079,-387,7,4,1/189.0,1/297.0,1/519.8,6.093139573253385
2023-09-29,アイムジャグラーEX-TP,151,1623,-1198,2,3,1/324.6,1/811.5,1/541.0,6.132589301250205
2023-09-29,アイムジャグラーEX-TP,152,250,-344,0,0,1/0.0,1/0.0,1/0.0,6.942515967786725
2023-09-29,アイムジャグラーEX-TP,153,6491,2037,27,29,1/115.9,1/240.4,1/223.8,5.8330828519549724
2023-09-29,アイムジャグラーEX-TP,154,203,-248,0,0,1/0.0,1/0.0,1/0.0,6.122549924418177
2023-09-29,アイムジャグラーEX-TP,155,2720,-1315,5,5,1/272.0,1/544.0,1/544.0,5.682158835976338
2023-09-29,アイムジャグラーEX-TP,156,836,-749,1,0,1/836.0,1/836.0,1/0.0,6.0066882605672625
2023-09-29,アイムジャグラーEX-TP,157,2833,-698,8,10,1/157.4,1/354.1,1/283.3,6.471304390650967
2023-09-29,アイムジャグラーEX-TP,158,2245,-1104,6,6,1/187.1,1/374.2,1/374.2,7.203945130646512
2023-09-29,アイムジャグラーEX-TP,159,3651,-666,12,7,1/192.2,1/304.2,1/521.6,5.981389474317451
2023-09-29,アイムジャグラーEX-TP,160,645,-193,2,0,1/322.5,1/322.5,1/0.0,5.517144633871163
2023-09-29,アイムジャグラーEX-TP,161,7080,1418,27,32,1/120.0,1/262.2,1/221.2,5.970428920926349
2023-09-29,アイムジャグラーEX-TP,162,318,-431,0,0,1/0.0,1/0.0,1/0.0,6.820270014060909
2023-09-29,アイムジャグラーEX-TP,163,7238,3389,38,28,1/109.7,1/190.5,1/258.5,6.11157541333645
2023-09-29,アイムジャグラーEX-TP,164,1388,231,5,6,1/126.2,1/277.6,1/231.3,5.805836513750776
2023-09-29,アイムジャグラーEX-TP,165,1388,-618,3,4,1/198.3,1/462.7,1/347.0,6.321453085276721
2023-09-29,アイムジャグラーEX-TP,166,6473,366,23,28,1/126.9,1/281.4,1/231.2,6.249528304468986
2023-09-29,アイムジャグラーEX-TP,167,1311,-790,2,3,1/262.2,1/655.5,1/437.0,6.040161128093849
2023-09-29,アイムジャグラーEX-TP,168,4357,-775,17,5,1/198.0,1/256.3,1/871.4,6.345079900968405
2023-09-29,アイムジャグラーEX-TP,169,5385,1457,28,14,1/128.2,1/192.3,1/384.6,6.426490554968335
2023-09-29,アイムジャグラーEX-TP,170,3787,1710,19,15,1/111.4,1/199.3,1/252.5,5.9611417927229615
2023-09-29,アイムジャグラーEX-TP,171,1203,-757,3,0,1/401.0,1/401.0,1/0.0,6.286830939172585
2023-09-29,アイムジャグラーEX-TP,172,3478,1420,20,5,1/139.1,1/173.9,1/695.6,5.904614133381497
2023-09-29,アイムジャグラーEX-TP,173,2245,-226,8,5,1/172.7,1/280.6,1/449.0,6.059730043750171
2023-09-29,アイムジャグラーEX-TP,174,3139,557,14,7,1/149.5,1/224.2,1/448.4,5.827604170930852
2023-09-29,アイムジャグラーEX-TP,175,1318,50,6,4,1/131.8,1/219.7,1/329.5,7.058386782672699
2023-09-29,アイムジャグラーEX-TP,176,3692,-316,13,10,1/160.5,1/284.0,1/369.2,6.153580194458802
2023-09-29,アイムジャグラーEX-TP,177,911,16,4,1,1/182.2,1/227.8,1/911.0,5.978428177388561
2023-09-29,アイムジャグラーEX-TP,178,4524,600,22,9,1/145.9,1/205.6,1/502.7,6.401845633416989
2023-09-29,マイジャグラーV,117,3701,-493,12,8,1/185.1,1/308.4,1/462.6,5.6509300245018235
2023-09-29,マイジャグラーV,118,1512,-557,5,0,1/302.4,1/302.4,1/0.0,5.835271219701357
2023-09-29,マイジャグラーV,119,4090,-1167,12,6,1/227.2,1/340.8,1/681.7,5.699983295495165
2023-09-29,マイジャグラーV,120,6145,-1257,15,24,1/157.6,1/409.7,1/256.0,5.839619402686642
2023-09-29,ファンキージャグラー2,113,1504,105,8,1,1/167.1,1/188.0,1/1504.0,6.336250578488304
2023-09-29,ファンキージャグラー2,114,2246,4,9,6,1/149.7,1/249.6,1/374.3,6.072916502603059
2023-09-29,ファンキージャグラー2,115,2563,-1598,5,2,1/366.1,1/512.6,1/1281.5,5.864471726619287
2023-09-29,ファンキージャグラー2,116,2808,531,14,8,1/127.6,1/200.6,1/351.0,6.38165573967208
2023-09-29,ハッピージャグラーVIII,109,7129,355,26,25,1/139.8,1/274.2,1/285.2,6.0592675882613785
2023-09-29,ハッピージャグラーVIII,110,2877,-584,8,11,1/151.4,1/359.6,1/261.5,6.426316222838268
2023-09-29,ハッピージャグラーVIII,111,1551,-294,5,2,1/221.6,1/310.2,1/775.5,5.736356977821963
2023-09-29,ハッピージャグラーVIII,112,1572,-999,3,2,1/314.4,1/524.0,1/786.0,6.321085827437975
2023-09-29,ゴーゴージャグラー3,133,2055,-1372,4,4,1/256.9,1/513.8,1/513.8,6.897661403283899
2023-09-29,ゴーゴージャグラー3,134,2633,1069,15,10,1/105.3,1/175.5,1/263.3,6.91273450468915
2023-09-29,ゴーゴージャグラー3,135,4310,-233,15,15,1/143.7,1/287.3,1/287.3,6.354480101981297
2023-09-29,ゴーゴージャグラー3,136,1285,-336,4,4,1/160.6,1/321.2,1/321.2,6.809816337001116
2023-09-29,ゴーゴージャグラー3,137,4360,-320,17,10,1/161.5,1/256.5,1/436.0,6.385696040868454
2023-09-28,アイムジャグラーEX-TP,121,6844,1787,33,17,1/136.9,1/207.4,1/402.6,5.964060903623547
2023-09-28,アイムジャグラーEX-TP,122,2987,-1325,7,6,1/229.8,1/426.7,1/497.8,6.1321452040250115
2023-09-28,アイムジャグラーEX-TP,123,1825,-650,4,6,1/182.5,1/456.2,1/304.2,6.114711997064938
2023-09-28,アイムジャグラーEX-TP,124,1908,-646,5,5,1/190.8,1/381.6,1/381.6,6.241580163970367
2023-09-28,アイムジャグラーEX-TP,125,3528,-262,13,8,1/168.0,1/271.4,1/441.0,6.096340110252863
2023-09-28,アイムジャグラーEX-TP,126,827,-330,2,2,1/206.8,1/413.5,1/413.5,6.195216903008823
2023-09-28,アイムジャグラーEX-TP,127,5672,583,22,18,1/141.8,1/257.8,1/315.1,5.907078817469473
2023-09-28,アイムジャグラーEX-TP,128,1030,-381,3,3,1/171.7,1/343.3,1/343.3,6.961402066928135
2023-09-28,アイムジャグラーEX-TP,129,3399,1244,17,10,1/125.9,1/199.9,1/339.9,5.893355646362666
2023-09-28,アイムジャグラーEX-TP,130,7002,1081,27,26,1/132.1,1/259.3,1/269.3,5.881533566282493
2023-09-28,アイムジャグラーEX-TP,131,928,-749,1,1,1/464.0,1/928.0,1/928.0,5.9354916947248695
2023-09-28,アイムジャグラーEX-TP,132,7402,465,30,20,1/148.0,1/246.7,1/370.1,6.081466776828688
2023-09-28,アイムジャグラーEX-TP,145,3874,2569,23,14,1/104.7,1/168.4,1/276.7,5.901595001260677
2023-09-28,アイムジャグラーEX-TP,146,3308,-793,9,13,1/150.4,1/367.6,1/254.5,6.500322599141808
2023-09-28,アイムジャグラーEX-TP,147,2197,-332,6,9,1/146.5,1/366.2,1/244.1,6.149821692959977
2023-09-28,アイムジャグラーEX-TP,148,6620,-677,22,23,1/147.1,1/300.9,1/287.8,6.348423641817335
2023-09-28,アイムジャグラーEX-TP,149,2016,714,9,9,1/112.0,1/224.0,1/224.0,5.989764989074918
2023-09-28,アイムジャグラーEX-TP,150,3133,508,15,8,1/136.2,1/208.9,1/391.6,6.429178068470932
2023-09-28,アイムジャグラーEX-TP,151,6751,1643,30,22,1/129.8,1/225.0,1/306.9,5.948876984907882
2023-09-28,アイムジャグラーEX-TP,152,319,-233,1,0,1/319.0,1/319.0,1/0.0,7.918479870305725
2023-09-28,アイムジャグラーEX-TP,153,5235,-349,16,22,1/137.8,1/327.2,1/238.0,6.184968482652964
2023-09-28,アイムジャグラーEX-TP,154,659,174,3,2,1/131.8,1/219.7,1/329.5,5.884500734044586
2023-09-28,アイムジャグラーEX-TP,155,7635,2691,34,34,1/112.3,1/224.6,1/224.6,5.980189476840335
2023-09-28,アイムジャグラーEX-TP,156,3492,439,15,9,1/145.5,1/232.8,1/388.0,6.018233800731108
2023-09-28,アイムジャグラーEX-TP,157,2180,-1938,1,5,1/363.3,1/2180.0,1/436.0,6.127387256777157
2023-09-28,アイムジャグラーEX-TP,158,3107,-238,11,8,1/163.5,1/282.5,1/388.4,6.0746769203511315
2023-09-28,アイムジャグラーEX-TP,159,1406,-634,3,1,1/351.5,1/468.7,1/1406.0,5.429048514070194
2023-09-28,アイムジャグラーEX-TP,160,1168,-172,5,0,1/233.6,1/233.6,1/0.0,6.127905226489319
2023-09-28,アイムジャグラーEX-TP,161,1580,-509,4,3,1/225.7,1/395.0,1/526.7,5.7585536845723055
2023-09-28,アイムジャグラーEX-TP,162,1404,-707,4,1,1/280.8,1/351.0,1/1404.0,6.445869320283538
2023-09-28,アイムジャグラーEX-TP,163,748,-640,1,1,1/374.0,1/748.0,1/748.0,6.6144689562986985
2023-09-28,アイムジャグラーEX-TP,164,6478,1432,27,24,1/127.0,1/239.9,1/269.9,5.92903986338423
2023-09-28,アイムジャグラーEX-TP,165,1298,-778,2,3,1/259.6,1/649.0,1/432.7,6.053012733197795
2023-09-28,アイムジャグラーEX-TP,166,966,-721,2,0,1/483.0,1/483.0,1/0.0,6.340365801038271
2023-09-28,アイムジャグラーEX-TP,167,3552,1918,21,5,1/136.6,1/169.1,1/710.4,5.521859396608141
2023-09-28,アイムジャグラーEX-TP,168,3593,99,15,8,1/156.2,1/239.5,1/449.1,6.178178779161267
2023-09-28,アイムジャグラーEX-TP,169,5257,-12,20,16,1/146.0,1/262.9,1/328.6,6.248682986351745
2023-09-28,アイムジャグラーEX-TP,170,1562,-535,3,5,1/195.2,1/520.7,1/312.4,5.720993938090494
2023-09-28,アイムジャグラーEX-TP,171,886,-624,1,3,1/221.5,1/886.0,1/295.3,6.568488277991472
2023-09-28,アイムジャグラーEX-TP,172,3845,-458,12,12,1/160.2,1/320.4,1/320.4,6.025004473702931
2023-09-28,アイムジャグラーEX-TP,173,5342,1441,24,16,1/133.6,1/222.6,1/333.9,5.780380095807582
2023-09-28,アイムジャグラーEX-TP,174,2393,849,14,7,1/114.0,1/170.9,1/341.9,7.051145734571007
2023-09-28,アイムジャグラーEX-TP,175,926,-470,2,2,1/231.5,1/463.0,1/463.0,6.2874275078620006
2023-09-28,アイムジャグラーEX-TP,176,2976,-490,9,9,1/165.3,1/330.7,1/330.7,6.080014212850429
2023-09-28,アイムジャグラーEX-TP,177,431,-491,0,1,1/431.0,1/0.0,1/431.0,6.8486631361887635
2023-09-28,アイムジャグラーEX-TP,178,7283,1137,28,31,1/123.4,1/260.1,1/234.9,6.09264584518822
2023-09-28,マイジャグラーV,117,6559,1759,30,20,1/131.2,1/218.6,1/327.9,5.657818271414094
2023-09-28,マイジャグラーV,118,8179,3928,45,28,1/112.0,1/181.8,1/292.1,5.846342373608945
2023-09-28,マイジャグラーV,119,2195,1008,12,9,1/104.5,1/182.9,1/243.9,6.195613403391045
2023-09-28,マイジャグラーV,120,3467,-873,7,15,1/157.6,1/495.3,1/231.1,5.782130856188088
2023-09-28,ファンキージャグラー2,113,5683,49,22,15,1/153.6,1/258.3,1/378.9,5.883516036495865
2023-09-28,ファンキージャグラー2,114,1017,277,6,1,1/145.3,1/169.5,1/1017.0,6.173280243325578
2023-09-28,ファンキージャグラー2,115,1727,77,6,5,1/157.0,1/287.8,1/345.4,5.455877545087303
2023-09-28,ファンキージャグラー2,116,1731,-485,5,3,1/216.4,1/346.2,1/577.0,5.745629672343518
2023-09-28,ハッピージャグラーVIII,109,5244,201,21,14,1/149.8,1/249.7,1/374.6,6.138544634646852
2023-09-28,ハッピージャグラーVIII,110,2058,-22,8,5,1/158.3,1/257.2,1/411.6,6.1287451922815634
2023-09-28,ハッピージャグラーVIII,111,923,-141,3,2,1/184.6,1/307.7,1/461.5,5.96534107750508
2023-09-28,ハッピージャグラーVIII,112,777,-340,2,2,1/194.2,1/388.5,1/388.5,6.7831152373364665
2023-09-28,ゴーゴージャグラー3,133,882,-723,1,2,1/294.0,1/882.0,1/441.0,6.827123418252454
2023-09-28,ゴーゴージャグラー3,134,5802,-814,17,24,1/141.5,1/341.3,1/241.8,6.442192385105423
2023-09-28,ゴーゴージャグラー3,135,1196,-486,2,3,1/239.2,1/598.0,1/398.7,5.5824630377700775
2023-09-28,ゴーゴージャグラー3,136,2765,-507,9,10,1/145.5,1/307.2,1/276.5,6.834058885674569
2023-09-28,ゴーゴージャグラー3,137,986,-959,0,2,1/493.0,1/0.0,1/493.0,6.0902929162203305
2023-09-27,アイムジャグラーEX-TP,121,663,-678,1,0,1/663.0,1/663.0,1/0.0,7.100152958498802
2023-09-27,アイムジャグラーEX-TP,122,724,-534,2,0,1/362.0,1/362.0,1/0.0,7.294676518375834
2023-09-27,アイムジャグラーEX-TP,123,1070,470,5,5,1/107.0,1/214.0,1/214.0,5.932898365015196
2023-09-27,アイムジャグラーEX-TP,124,5420,1562,25,17,1/129.0,1/216.8,1/318.8,5.887309296528453
2023-09-27,アイムジャグラーEX-TP,125,342,-452,0,0,1/0.0,1/0.0,1/0.0,6.629746859981298
2023-09-27,アイムジャグラーEX-TP,126,2913,-130,10,10,1/145.7,1/291.3,1/291.3,6.181438656956086
2023-09-27,アイムジャグラーEX-TP,127,1466,-150,4,6,1/146.6,1/366.5,1/244.3,5.923181108656273
2023-09-27,アイムジャグラーEX-TP,128,2418,802,12,9,1/115.1,1/201.5,1/268.7,6.356408893956725
2023-09-27,アイムジャグラーEX-TP,129,2250,567,10,7,1/132.4,1/225.0,1/321.4,5.85086153936167
2023-09-27,アイムジャグラーEX-TP,130,253,-130,1,0,1/253.0,1/253.0,1/0.0,7.832363884815337
2023-09-27,アイムジャグラーEX-TP,131,6336,625,24,31,1/115.2,1/264.0,1/204.4,6.6157766287436965
2023-09-27,アイムジャグラーEX-TP,132,1725,-493,5,3,1/215.6,1/345.0,1/575.0,5.932034361094108
2023-09-27,アイムジャグラーEX-TP,145,3211,403,14,7,1/152.9,1/229.4,1/458.7,5.922734889145345
2023-09-27,アイムジャグラーEX-TP,146,1948,-674,5,4,1/216.4,1/389.6,1/487.0,5.961932935783401
2023-09-27,アイムジャグラーEX-TP,147,273,-267,0,0,1/0.0,1/0.0,1/0.0,5.1602981404780595
2023-09-27,アイムジャグラーEX-TP,148,7205,-112,22,31,1/135.9,1/327.5,1/232.4,5.989009730748502
2023-09-27,アイムジャグラーEX-TP,149,214,-62,1,0,1/214.0,1/214.0,1/0.0,7.515018624252932
2023-09-27,アイムジャグラーEX-TP,150,1668,1001,11,5,1/104.2,1/151.6,1/333.6,6.745397479421279
2023-09-27,アイムジャグラーEX-TP,151,425,-392,1,0,1/425.0,1/425.0,1/0.0,7.883399878502895
2023-09-27,アイムジャグラーEX-TP,152,4490,407,19,17,1/124.7,1/236.3,1/264.1,6.693803654786978
2023-09-27,アイムジャグラーEX-TP,153,371,-233,1,0,1/371.0,1/371.0,1/0.0,6.540949961027573
2023-09-27,アイムジャグラーEX-TP,154,2378,649,12,5,1/139.9,1/198.2,1/475.6,6.001082062223147
2023-09-27,アイムジャグラーEX-TP,155,255,-273,0,0,1/0.0,1/0.0,1/0.0,5.48797809973916
2023-09-27,アイムジャグラーEX-TP,156,5612,2017,30,16,1/122.0,1/187.1,1/350.8,6.2840546323974715
2023-09-27,アイムジャグラーEX-TP,157,3622,-449,11,10,1/172.5,1/329.3,1/362.2,5.804109261283196
2023-09-27,アイムジャグラーEX-TP,158,4655,2210,22,20,1/110.8,1/211.6,1/232.8,5.688249469636417
2023-09-27,アイムジャグラーEX-TP,159,637,-462,1,1,1/318.5,1/637.0,1/637.0,6.353799083097917
2023-09-27,アイムジャグラーEX-TP,160,2004,1364,12,9,1/95.4,1/167.0,1/222.7,6.266163551684015
2023-09-27,アイムジャグラーEX-TP,161,1237,-231,4,2,1/206.2,1/309.2,1/618.5,5.817645365180231
2023-09-27,アイムジャグラーEX-TP,162,5270,-468,17,18,1/150.6,1/310.0,1/292.8,6.136383391453346
2023-09-27,アイムジャグラーEX-TP,163,702,868,6,1,1/100.3,1/117.0,1/702.0,5.399321762120189
2023-09-27,アイムジャグラーEX-TP,164,3854,-109,14,10,1/160.6,1/275.3,1/385.4,5.969241585398349
2023-09-27,アイムジャグラーEX-TP,165,1848,-281,7,5,1/154.0,1/264.0,1/369.6,6.856076412900821
2023-09-27,アイムジャグラーEX-TP,166,1717,-152,7,3,1/171.7,1/245.3,1/572.3,6.404848018589203
2023-09-27,アイムジャグラーEX-TP,167,785,-755,1,1,1/392.5,1/785.0,1/785.0,7.110256068852639
2023-09-27,アイムジャグラーEX-TP,168,6142,-1327,17,21,1/161.6,1/361.3,1/292.5,6.19587199171097
2023-09-27,アイムジャグラーEX-TP,169,4063,-1054,13,5,1/225.7,1/312.5,1/812.6,5.935649957760904
2023-09-27,アイムジャグラーEX-TP,170,2021,-55,8,7,1/134.7,1/252.6,1/288.7,6.799034436184265
2023-09-27,アイムジャグラーEX-TP,171,1071,-145,4,2,1/178.5,1/267.8,1/535.5,6.266223580495581
2023-09-27,アイムジャグラーEX-TP,172,2075,-144,7,7,1/148.2,1/296.4,1/296.4,6.201517952273715
2023-09-27,アイムジャグラーEX-TP,173,3482,-96,13,9,1/158.3,1/267.8,1/386.9,6.076642694351958
2023-09-27,アイムジャグラーEX-TP,174,708,415,3,5,1/88.5,1/236.0,1/141.6,5.808929538997445
2023-09-27,アイムジャグラーEX-TP,175,7353,955,30,25,1/133.7,1/245.1,1/294.1,6.110323016371884
2023-09-27,アイムジャグラーEX-TP,176,2681,-135,8,10,1/148.9,1/335.1,1/268.1,5.8267947973264285
2023-09-27,アイムジャグラーEX-TP,177,886,121,4,2,1/147.7,1/221.5,1/443.0,6.081032573057842
2023-09-27,アイムジャグラーEX-TP,178,2269,319,12,3,1/151.3,1/189.1,1/756.3,6.588728407649535
2023-09-27,マイジャグラーV,117,591,147,3,2,1/118.2,1/197.0,1/295.5,6.438844601631422
2023-09-27,マイジャグラーV,118,8449,3099,42,31,1/115.7,1/201.2,1/272.5,5.888729239264027
2023-09-27,マイジャグラーV,119,357,0,2,0,1/178.5,1/178.5,1/0.0,6.721594045797355
2023-09-27,マイジャグラーV,120,1723,-901,4,2,1/287.2,1/430.8,1/861.5,5.962961142997903
2023-09-27,ファンキージャグラー2,113,3046,-406,10,8,1/169.2,1/304.6,1/380.8,5.883261584807935
2023-09-27,ファンキージャグラー2,114,869,-500,2,1,1/289.7,1/434.5,1/869.0,6.186758041784289
2023-09-27,ファンキージャグラー2,115,683,78,3,2,1/136.6,1/227.7,1/341.5,6.092420366747204
2023-09-27,ファンキージャグラー2,116,2557,-55,9,9,1/142.1,1/284.1,1/284.1,6.015787796320411
2023-09-27,ハッピージャグラーVIII,109,3938,20,13,16,1/135.8,1/302.9,1/246.1,6.129038119605502
2023-09-27,ハッピージャグラーVIII,110,647,-86,3,1,1/161.8,1/215.7,1/647.0,7.3527521183554425
2023-09-27,ハッピージャグラーVIII,111,472,-653,0,0,1/0.0,1/0.0,1/0.0,7.293776955682577
2023-09-27,ハッピージャグラーVIII,112,1296,-582,4,1,1/259.2,1/324.0,1/1296.0,6.570472115798487
2023-09-27,ゴーゴージャグラー3,133,3788,-1568,8,13,1/180.4,1/473.5,1/291.4,6.495092544352197
2023-09-27,ゴーゴージャグラー3,134,1358,102,8,1,1/150.9,1/169.8,1/1358.0,7.456686493966769
2023-09-27,ゴーゴージャグラー3,135,2143,354,9,9,1/119.1,1/238.1,1/238.1,6.467767230852093
2023-09-27,ゴーゴージャグラー3,136,1172,-445,3,2,1/234.4,1/390.7,1/586.0,6.043528358302851
2023-09-27,ゴーゴージャグラー3,137,2188,-489,6,8,1/156.3,1/364.7,1/273.5,6.402115155851856
2023-09-26,アイムジャグラーEX-TP,121,2993,-42,11,7,1/166.3,1/272.1,1/427.6,5.847470842845811
2023-09-26,アイムジャグラーEX-TP,122,2211,-528,6,6,1/184.2,1/368.5,1/368.5,5.929371451226937
2023-09-26,アイムジャグラーEX-TP,123,1126,313,6,1,1/160.9,1/187.7,1/1126.0,5.7849709844659145
2023-09-26,アイムジャグラーEX-TP,124,4751,-42,17,15,1/148.5,1/279.5,1/316.7,6.061835261901139
2023-09-26,アイムジャグラーEX-TP,125,461,-318,0,2,1/230.5,1/0.0,1/230.5,5.612919894501457
2023-09-26,アイムジャグラーEX-TP,126,4029,40,14,14,1/143.9,1/287.8,1/287.8,5.99598041616658
2023-09-26,アイムジャグラーEX-TP,127,1430,-478,3,7,1/143.0,1/476.7,1/204.3,6.662793238616058
2023-09-26,アイムジャグラーEX-TP,128,2991,1488,19,5,1/124.6,1/157.4,1/598.2,6.296502226700857
2023-09-26,アイムジャグラーEX-TP,129,382,-405,0,1,1/382.0,1/0.0,1/382.0,6.564021635152775
2023-09-26,アイムジャグラーEX-TP,130,2701,-70,11,5,1/168.8,1/245.5,1/540.2,6.1403941910279585
2023-09-26,アイムジャグラーEX-TP,131,4643,-605,13,18,1/149.8,1/357.2,1/257.9,6.03649483016407
2023-09-26,アイムジャグラーEX-TP,132,1235,-1035,2,1,1/411.7,1/617.5,1/1235.0,6.632095637504152
2023-09-26,アイムジャグラーEX-TP,145,363,-351,0,1,1/363.0,1/0.0,1/363.0,6.158672861986177
2023-09-26,アイムジャグラーEX-TP,146,3426,67,13,11,1/142.8,1/263.5,1/311.5,6.207893323677094
2023-09-26,アイムジャグラーEX-TP,147,282,-323,0,0,1/0.0,1/0.0,1/0.0,5.784819484913109
2023-09-26,アイムジャグラーEX-TP,148,472,-144,1,1,1/236.0,1/472.0,1/472.0,5.372282074857287
2023-09-26,アイムジャグラーEX-TP,149,2934,1050,13,11,1/122.2,1/225.7,1/266.7,5.650333774113291
2023-09-26,アイムジャグラーEX-TP,150,963,-478,2,1,1/321.0,1/481.5,1/963.0,5.668781736421427
2023-09-26,アイムジャグラーEX-TP,151,1924,497,9,7,1/120.2,1/213.8,1/274.9,6.325078251474855
2023-09-26,アイムジャグラーEX-TP,152,3713,-1519,5,19,1/154.7,1/742.6,1/195.4,6.184915961100959
2023-09-26,アイムジャグラーEX-TP,153,644,-89,2,1,1/214.7,1/322.0,1/644.0,5.472188240556375
2023-09-26,アイムジャグラーEX-TP,154,716,-233,2,1,1/238.7,1/358.0,1/716.0,5.847719662932866
2023-09-26,アイムジャグラーEX-TP,155,2938,-223,10,6,1/183.6,1/293.8,1/489.7,5.703187487804535
2023-09-26,アイムジャグラーEX-TP,156,667,-496,1,1,1/333.5,1/667.0,1/667.0,6.323103178065601
2023-09-26,アイムジャグラーEX-TP,157,1701,282,6,6,1/141.8,1/283.5,1/283.5,5.435216058944966
2023-09-26,アイムジャグラーEX-TP,158,7103,1979,33,23,1/126.8,1/215.2,1/308.8,6.009524271066617
2023-09-26,アイムジャグラーEX-TP,159,536,-136,1,2,1/178.7,1/536.0,1/268.0,5.515612527808309
2023-09-26,アイムジャグラーEX-TP,160,633,220,4,0,1/158.2,1/158.2,1/0.0,6.210246573278163
2023-09-26,アイムジャグラーEX-TP,161,3903,-1107,9,14,1/169.7,1/433.7,1/278.8,6.043803686664503
2023-09-26,アイムジャグラーEX-TP,162,877,-130,4,0,1/219.2,1/219.2,1/0.0,6.482271541689654
2023-09-26,アイムジャグラーEX-TP,163,941,-214,3,1,1/235.2,1/313.7,1/941.0,5.719716622991777
2023-09-26,アイムジャグラーEX-TP,164,843,-336,3,0,1/281.0,1/281.0,1/0.0,6.474506687520262
2023-09-26,アイムジャグラーEX-TP,165,3664,-1181,10,10,1/183.2,1/366.4,1/366.4,6.347660242732865
2023-09-26,アイムジャグラーEX-TP,166,1257,-168,5,1,1/209.5,1/251.4,1/1257.0,6.062951085731286
2023-09-26,アイムジャグラーEX-TP,167,5016,-1707,13,15,1/179.1,1/385.8,1/334.4,6.389754868825059
2023-09-26,アイムジャグラーEX-TP,168,2436,-1217,7,3,1/243.6,1/348.0,1/812.0,6.725827071034286
2023-09-26,アイムジャグラーEX-TP,169,6507,944,29,15,1/147.9,1/224.4,1/433.8,5.996697365235309
2023-09-26,アイムジャグラーEX-TP,170,568,248,4,0,1/142.0,1/142.0,1/0.0,6.691349263456797
2023-09-26,アイムジャグラーEX-TP,171,3958,-379,13,12,1/158.3,1/304.5,1/329.8,6.067248009584718
2023-09-26,アイムジャグラーEX-TP,172,1290,310,7,2,1/143.3,1/184.3,1/645.0,6.361406285020097
2023-09-26,アイムジャグラーEX-TP,173,2632,461,13,5,1/146.2,1/202.5,1/526.4,6.24244331128603
2023-09-26,アイムジャグラーEX-TP,174,913,-524,2,1,1/304.3,1/456.5,1/913.0,6.155370034485578
2023-09-26,アイムジャグラーEX-TP,175,2320,239,10,6,1/145.0,1/232.0,1/386.7,6.14426631368916
2023-09-26,アイムジャグラーEX-TP,176,4681,685,19,14,1/141.8,1/246.4,1/334.4,5.839556361380788
2023-09-26,アイムジャグラーEX-TP,177,7069,836,27,29,1/126.2,1/261.8,1/243.8,6.171983862632682
2023-09-26,アイムジャグラーEX-TP,178,413,-408,0,1,1/413.0,1/0.0,1/413.0,6.1078167187655055
2023-09-26,マイジャグラーV,117,1268,-955,3,1,1/317.0,1/422.7,1/1268.0,7.040962883880669
2023-09-26,マイジャグラーV,118,1466,-537,4,4,1/183.2,1/366.5,1/366.5,6.392127201500005
2023-09-26,マイジャグラーV,119,3783,-903,11,10,1/180.1,1/343.9,1/378.3,5.950750590033024
2023-09-26,マイジャグラーV,120,7176,932,27,28,1/130.5,1/265.8,1/256.3,5.7613488415955505
2023-09-26,ファンキージャグラー2,113,868,-376,2,1,1/289.3,1/434.0,1/868.0,5.576786177794111
2023-09-26,ファンキージャグラー2,114,152,-166,0,0,1/0.0,1/0.0,1/0.0,5.5687242858660655
2023-09-26,ファンキージャグラー2,115,5034,-469,20,10,1/167.8,1/251.7,1/503.4,6.1738692944407365
2023-09-26,ファンキージャグラー2,116,750,-178,2,3,1/150.0,1/375.0,1/250.0,6.287495742841424
2023-09-26,ハッピージャグラーVIII,109,4379,24,16,11,1/162.2,1/273.7,1/398.1,5.841262426334556
2023-09-26,ハッピージャグラーVIII,110,891,-329,3,2,1/178.2,1/297.0,1/445.5,7.345066548178348
2023-09-26,ハッピージャグラーVIII,111,2176,-472,6,6,1/181.3,1/362.7,1/362.7,5.976517997119406
2023-09-26,ハッピージャグラーVIII,112,3308,797,15,11,1/127.2,1/220.5,1/300.7,6.078602318376719
2023-09-26,ゴーゴージャグラー3,133,1040,-566,2,3,1/208.0,1/520.0,1/346.7,6.67194862599558
2023-09-26,ゴーゴージャグラー3,134,2000,-317,7,4,1/181.8,1/285.7,1/500.0,6.194587479190058
2023-09-26,ゴーゴージャグラー3,135,98,-135,0,0,1/0.0,1/0.0,1/0.0,7.254597508637968
2023-09-26,ゴーゴージャグラー3,136,6787,1031,29,27,1/121.2,1/234.0,1/251.4,6.5184433132357995
2023-09-26,ゴーゴージャグラー3,137,349,-55,1,1,1/174.5,1/349.0,1/349.0,5.875115497994948
2023-09-25,アイムジャグラーEX-TP,121,5993,-21,25,8,1/181.6,1/239.7,1/749.1,5.927814960619991
2023-09-25,アイムジャグラーEX-TP,122,664,-398,1,1,1/332.0,1/664.0,1/664.0,5.685512714227807
2023-09-25,アイムジャグラーEX-TP,123,4432,616,17,17,1/130.4,1/260.7,1/260.7,5.978066914909312
2023-09-25,アイムジャグラーEX-TP,124,4516,-91,14,20,1/132.8,1/322.6,1/225.8,6.118833767626909
2023-09-25,アイムジャグラーEX-TP,125,3738,-1385,9,6,1/249.2,1/415.3,1/623.0,5.714383814920494
2023-09-25,アイムジャグラーEX-TP,126,2108,207,8,5,1/162.2,1/263.5,1/421.6,5.528367277237416
2023-09-25,アイムジャグラーEX-TP,127,2228,-152,9,5,1/159.1,1/247.6,1/445.6,6.496581043011507
2023-09-25,アイムジャグラーEX-TP,128,1151,-239,3,3,1/191.8,1/383.7,1/383.7,5.643552812131864
2023-09-25,アイムジャグラーEX-TP,129,2157,-941,5,6,1/196.1,1/431.4,1/359.5,6.427207642280633
2023-09-25,アイムジャグラーEX-TP,130,1033,-565,2,1,1/344.3,1/516.5,1/1033.0,5.7032256682477245
2023-09-25,アイムジャグラーEX-TP,131,1136,-200,4,3,1/162.3,1/284.0,1/378.7,6.578730581814014
2023-09-25,アイムジャグラーEX-TP,132,5081,-793,16,12,1/181.5,1/317.6,1/423.4,5.899227311520674
2023-09-25,アイムジャグラーEX-TP,145,1748,477,9,5,1/124.9,1/194.2,1/349.6,6.477062638753837
2023-09-25,アイムジャグラーEX-TP,146,4804,-642,15,18,1/145.6,1/320.3,1/266.9,6.383205653054091
2023-09-25,アイムジャグラーEX-TP,147,2614,629,11,9,1/130.7,1/237.6,1/290.4,5.781541427066673
2023-09-25,アイムジャグラーEX-TP,148,757,-338,2,1,1/252.3,1/378.5,1/757.0,6.191037422408595
2023-09-25,アイムジャグラーEX-TP,149,752,-480,1,3,1/188.0,1/752.0,1/250.7,6.803146962087292
2023-09-25,アイムジャグラーEX-TP,150,3036,-212,12,8,1/151.8,1/253.0,1/379.5,6.587506078688498
2023-09-25,アイムジャグラーEX-TP,151,2459,99,8,12,1/123.0,1/307.4,1/204.9,6.219138882703752
2023-09-25,アイムジャグラーEX-TP,152,4370,1686,21,17,1/115.0,1/208.1,1/257.1,5.987061644677344
2023-09-25,アイムジャグラーEX-TP,153,504,-479,1,0,1/504.0,1/504.0,1/0.0,7.411447539524412
2023-09-25,アイムジャグラーEX-TP,154,6983,-1082,19,25,1/158.7,1/367.5,1/279.3,5.93145746043311
2023-09-25,アイムジャグラーEX-TP,155,1041,-462,3,2,1/208.2,1/347.0,1/520.5,6.794312279515267
2023-09-25,アイムジャグラーEX-TP,156,2577,-1007,6,5,1/234.3,1/429.5,1/515.4,5.848957581621046
2023-09-25,アイムジャグラーEX-TP,157,4062,-1046,12,12,1/169.2,1/338.5,1/338.5,6.414482847401253
2023-09-25,アイムジャグラーEX-TP,158,2819,825,14,7,1/134.2,1/201.4,1/402.7,5.985004453509966
2023-09-25,アイムジャグラーEX-TP,159,3432,770,16,9,1/137.3,1/214.5,1/381.3,6.0079507665940355
2023-09-25,アイムジャグラーEX-TP,160,1846,-551,5,6,1/167.8,1/369.2,1/307.7,6.453054257496931
2023-09-25,アイムジャグラーEX-TP,161,1018,-730,1,2,1/339.3,1/1018.0,1/509.0,5.808514060569564
2023-09-25,アイムジャグラーEX-TP,162,370,-213,1,0,1/370.0,1/370.0,1/0.0,6.281455022659925
2023-09-25,アイムジャグラーEX-TP,163,7659,2228,35,30,1/117.8,1/218.8,1/255.3,6.163470247326083
2023-09-25,アイムジャグラーEX-TP,164,215,-124,0,1,1/215.0,1/0.0,1/215.0,5.30309663845337
2023-09-25,アイムジャグラーEX-TP,165,4551,-464,13,21,1/133.9,1/350.1,1/216.7,6.30345034334067
2023-09-25,アイムジャグラーEX-TP,166,1859,-659,5,3,1/232.4,1/371.8,1/619.7,5.9508307090778105
2023-09-25,アイムジャグラーEX-TP,167,2394,-139,8,8,1/149.6,1/299.2,1/299.2,6.09587233562763
2023-09-25,アイムジャグラーEX-TP,168,6451,-374,22,19,1/157.3,1/293.2,1/339.5,6.001668354021475
2023-09-25,アイムジャグラーEX-TP,169,6162,8,26,12,1/162.2,1/237.0,1/513.5,6.230529721012005
2023-09-25,アイムジャグラーEX-TP,170,1017,-332,3,2,1/203.4,1/339.0,1/508.5,6.282375934040118
2023-09-25,アイムジャグラーEX-TP,171,816,-742,0,2,1/408.0,1/0.0,1/408.0,5.773878774301767
2023-09-25,アイムジャグラーEX-TP,172,2221,-383,7,2,1/246.8,1/317.3,1/1110.5,5.411877899944783
2023-09-25,アイムジャグラーEX-TP,173,296,-372,0,0,1/0.0,1/0.0,1/0.0,6.291468428731265
2023-09-25,アイムジャグラーEX-TP,174,8093,1273,29,40,1/117.3,1/279.1,1/202.3,6.085852542026316
2023-09-25,アイムジャグラーEX-TP,175,1043,621,7,1,1/130.4,1/149.0,1/1043.0,5.942860112252251
2023-09-25,アイムジャグラーEX-TP,176,147,-183,0,0,1/0.0,1/0.0,1/0.0,6.233335368708147
2023-09-25,アイムジャグラーEX-TP,177,5092,189,20,12,1/159.1,1/254.6,1/424.3,5.907873283033029
2023-09-25,アイムジャグラーEX-TP,178,2197,-1371,4,5,1/244.1,1/549.2,1/439.4,6.5036822771520075
2023-09-25,マイジャグラーV,117,4664,689,21,12,1/141.3,1/222.1,1/388.7,5.899930847851688
2023-09-25,マイジャグラーV,118,1637,-281,5,5,1/163.7,1/327.4,1/327.4,5.982701668657085
2023-09-25,マイジャグラーV,119,8748,-54,31,36,1/130.6,1/282.2,1/243.0,6.22781587539251
2023-09-25,マイジャグラーV,120,5604,1652,27,18,1/124.5,1/207.6,1/311.3,5.853627872832524
2023-09-25,ファンキージャグラー2,113,1443,-913,2,3,1/288.6,1/721.5,1/481.0,5.854952676776942
2023-09-25,ファンキージャグラー2,114,1389,254,8,0,1/173.6,1/173.6,1/0.0,5.998819994533472
2023-09-25,ファンキージャグラー2,115,2026,68,7,7,1/144.7,1/289.4,1/289.4,5.687723619865512
2023-09-25,ファンキージャグラー2,116,2282,-886,5,7,1/190.2,1/456.4,1/326.0,6.0420453011745785
2023-09-25,ハッピージャグラーVIII,109,1614,383,10,0,1/161.4,1/161.4,1/0.0,6.491037973879203
2023-09-25,ハッピージャグラーVIII,110,1390,-593,3,3,1/231.7,1/463.3,1/463.3,6.015958520182403
2023-09-25,ハッピージャグラーVIII,111,1455,-183,4,4,1/181.9,1/363.8,1/363.8,5.584778886657056
2023-09-25,ハッピージャグラーVIII,112,4130,986,18,13,1/133.2,1/229.4,1/317.7,5.8261956265091195
2023-09-25,ゴーゴージャグラー3,133,6235,317,25,23,1/129.9,1/249.4,1/271.1,6.573476089870279
2023-09-25,ゴーゴージャグラー3,134,662,-738,0,1,1/662.0,1/0.0,1/662.0,6.552358366493099
2023-09-25,ゴーゴージャグラー3,135,2306,264,9,8,1/135.6,1/256.2,1/288.2,6.027434891908371
2023-09-25,ゴーゴージャグラー3,136,682,-6,3,2,1/136.4,1/227.3,1/341.0,7.039413230845531
2023-09-25,ゴーゴージャグラー3,137,705,-112,3,1,1/176.2,1/235.0,1/705.0,6.862887657327743
2023-09-24,アイムジャグラーEX-TP,121,5220,-346,16,21,1/141.1,1/326.2,1/248.6,6.112787606217735
2023-09-24,アイムジャグラーEX-TP,122,6151,635,25,22,1/130.9,1/246.0,1/279.6,6.3006835109719415
2023-09-24,アイムジャグラーEX-TP,123,826,-179,3,2,1/165.2,1/275.3,1/413.0,6.846658635795806
2023-09-24,アイムジャグラーEX-TP,124,705,-278,2,2,1/176.2,1/352.5,1/352.5,6.950387052759846
2023-09-24,アイムジャグラーEX-TP,125,4173,78,17,10,1/154.6,1/245.5,1/417.3,6.176583961866987
2023-09-24,アイムジャグラーEX-TP,126,4247,-1044,11,13,1/177.0,1/386.1,1/326.7,5.969315329792092
2023-09-24,アイムジャグラーEX-TP,127,1271,567,6,5,1/115.5,1/211.8,1/254.2,5.65912335058928
2023-09-24,アイムジャグラーEX-TP,128,4968,1286,21,23,1/112.9,1/236.6,1/216.0,6.229766113412942
2023-09-24,アイムジャグラーEX-TP,129,1249,-469,2,4,1/208.2,1/624.5,1/312.2,5.534594405513218
2023-09-24,アイムジャグラーEX-TP,130,2464,-1271,6,3,1/273.8,1/410.7,1/821.3,6.227076354039718
2023-09-24,アイムジャグラーEX-TP,131,1392,-798,3,2,1/278.4,1/464.0,1/696.0,6.2661371600705
2023-09-24,アイムジャグラーEX-TP,132,4296,907,19,13,1/134.2,1/226.1,1/330.5,5.970125691157393
2023-09-24,アイムジャグラーEX-TP,145,1803,6,7,4,1/163.9,1/257.6,1/450.8,5.948504950670463
2023-09-24,アイムジャグラーEX-TP,146,2922,-573,8,12,1/146.1,1/365.2,1/243.5,6.383831053680809
2023-09-24,アイムジャグラーEX-TP,147,3032,286,11,10,1/144.4,1/275.6,1/303.2,5.726675559256992
2023-09-24,アイムジャグラーEX-TP,148,1314,-492,4,2,1/219.0,1/328.5,1/657.0,6.430488620237364
2023-09-24,アイムジャグラーEX-TP,149,2132,-476,6,7,1/164.0,1/355.3,1/304.6,6.224526192248579
2023-09-24,アイムジャグラーEX-TP,150,1463,-169,6,2,1/182.9,1/243.8,1/731.5,6.388882872169241
2023-09-24,アイムジャグラーEX-TP,151,5304,6,20,16,1/147.3,1/265.2,1/331.5,6.1789292083435665
2023-09-24,アイムジャグラーEX-TP,152,2234,-1387,4,4,1/279.2,1/558.5,1/558.5,6.2157708295933904
2023-09-24,アイムジャグラーEX-TP,153,1325,-1159,2,1,1/441.7,1/662.5,1/1325.0,6.652967411757173
2023-09-24,アイムジャグラーEX-TP,154,3686,771,15,15,1/122.9,1/245.7,1/245.7,6.026707108934317
2023-09-24,アイムジャグラーEX-TP,155,1171,-818,1,2,1/390.3,1/1171.0,1/585.5,5.5076312204896665
2023-09-24,アイムジャグラーEX-TP,156,1472,-1103,2,4,1/245.3,1/736.0,1/368.0,6.786588263130413
2023-09-24,アイムジャグラーEX-TP,157,3952,-167,14,11,1/158.1,1/282.3,1/359.3,6.011022773851862
2023-09-24,アイムジャグラーEX-TP,158,2077,-124,8,4,1/173.1,1/259.6,1/519.2,6.072387773970816
2023-09-24,アイムジャグラーEX-TP,159,4444,-1559,9,17,1/170.9,1/493.8,1/261.4,6.133510739564758
2023-09-24,アイムジャグラーEX-TP,160,5611,331,21,17,1/147.7,1/267.2,1/330.1,5.889342456541616
2023-09-24,アイムジャグラーEX-TP,161,2724,651,13,6,1/143.4,1/209.5,1/454.0,5.889103129156787
2023-09-24,アイムジャグラーEX-TP,162,4357,1682,23,13,1/121.0,1/189.4,1/335.2,6.135658061930799
2023-09-24,アイムジャグラーEX-TP,163,4073,269,18,7,1/162.9,1/226.3,1/581.9,6.059211543498674
2023-09-24,アイムジャグラーEX-TP,164,5421,226,20,20,1/135.5,1/271.1,1/271.1,6.193638857544295
2023-09-24,アイムジャグラーEX-TP,165,2192,130,10,2,1/182.7,1/219.2,1/1096.0,5.906211728852718
2023-09-24,アイムジャグラーEX-TP,166,5134,310,17,22,1/131.6,1/302.0,1/233.4,5.932135560366869
2023-09-24,アイムジャグラーEX-TP,167,544,-626,0,1,1/544.0,1/0.0,1/544.0,6.652846519442272
2023-09-24,アイムジャグラーEX-TP,168,4280,1221,21,11,1/133.8,1/203.8,1/389.1,5.987888236905482
2023-09-24,アイムジャグラーEX-TP,169,2792,-68,11,8,1/146.9,1/253.8,1/349.0,6.445581824918282
2023-09-24,アイムジャグラーEX-TP,170,612,-606,0,1,1/612.0,1/0.0,1/612.0,5.7866742536395765
2023-09-24,アイムジャグラーEX-TP,171,7001,2939,40,18,1/120.7,1/175.0,1/388.9,6.310569774413311
2023-09-24,アイムジャグラーEX-TP,172,245,-216,0,1,1/245.0,1/0.0,1/245.0,6.3597461812319995
2023-09-24,アイムジャグラーEX-TP,173,6221,2103,32,20,1/119.6,1/194.4,1/311.1,6.310387650734681
2023-09-24,アイムジャグラーEX-TP,174,1542,-220,5,5,1/154.2,1/308.4,1/308.4,6.33860533746743
2023-09-24,アイムジャグラーEX-TP,175,5227,-792,15,17,1/163.3,1/348.5,1/307.5,5.943547690539996
2023-09-24,アイムジャグラーEX-TP,176,3911,40,15,9,1/163.0,1/260.7,1/434.6,5.900880536303889
2023-09-24,アイムジャグラーEX-TP,177,2030,1092,13,2,1/135.3,1/156.2,1/1015.0,5.867604018817377
2023-09-24,アイムジャグラーEX-TP,178,5501,1355,26,17,1/127.9,1/211.6,1/323.6,6.188253232951714
2023-09-24,マイジャグラーV,117,3447,243,16,4,1/172.3,1/215.4,1/861.8,5.797251460770824
2023-09-24,マイジャグラーV,118,2598,-1200,6,5,1/236.2,1/433.0,1/519.6,6.002483232858453
2023-09-24,マイジャグラーV,119,4196,-1380,11,7,1/233.1,1/381.5,1/599.4,5.651555335706999
2023-09-24,マイジャグラーV,120,3440,-1536,7,8,1/229.3,1/491.4,1/430.0,5.815386989914277
2023-09-24,ファンキージャグラー2,113,1896,-382,7,2,1/210.7,1/270.9,1/948.0,5.954855224937902
2023-09-24,ファンキージャグラー2,114,2581,1204,17,3,1/129.1,1/151.8,1/860.3,6.113262276627072
2023-09-24,ファンキージャグラー2,115,3802,-1058,12,8,1/190.1,1/316.8,1/475.2,6.178199203618422
2023-09-24,ファンキージャグラー2,116,5477,595,20,22,1/130.4,1/273.9,1/249.0,5.792556847363127
2023-09-24,ハッピージャグラーVIII,109,3711,-1267,10,9,1/195.3,1/371.1,1/412.3,6.34481898448146
2023-09-24,ハッピージャグラーVIII,110,3149,-850,10,9,1/165.7,1/314.9,1/349.9,6.80466755031185
2023-09-24,ハッピージャグラーVIII,111,1405,-17,6,4,1/140.5,1/234.2,1/351.2,6.825269162444139
2023-09-24,ハッピージャグラーVIII,112,1501,-749,3,2,1/300.2,1/500.3,1/750.5,5.81943572312571
2023-09-24,ゴーゴージャグラー3,133,1369,-227,5,4,1/152.1,1/273.8,1/342.2,6.900068150143517
2023-09-24,ゴーゴージャグラー3,134,5919,813,23,28,1/116.1,1/257.3,1/211.4,6.485513050965063
2023-09-24,ゴーゴージャグラー3,135,399,-356,0,1,1/399.0,1/0.0,1/399.0,5.933750567210415
2023-09-24,ゴーゴージャグラー3,136,4732,709,23,13,1/131.4,1/205.7,1/364.0,6.654736799323331
2023-09-24,ゴーゴージャグラー3,137,1759,-1223,3,2,1/351.8,1/586.3,1/879.5,6.3121602789910245
2023-09-23,アイムジャグラーEX-TP,121,4271,-718,16,7,1/185.7,1/266.9,1/610.1,6.334792461534676
2023-09-23,アイムジャグラーEX-TP,122,1027,402,6,2,1/128.4,1/171.2,1/513.5,6.317159027804603
2023-09-23,アイムジャグラーEX-TP,123,5080,227,20,17,1/137.3,1/254.0,1/298.8,6.323701700783223
2023-09-23,アイムジャグラーEX-TP,124,1433,-1178,2,0,1/716.5,1/716.5,1/0.0,5.901422279833502
2023-09-23,アイムジャグラーEX-TP,125,5042,-1493,11,19,1/168.1,1/458.4,1/265.4,6.037158001045977
2023-09-23,アイムジャグラーEX-TP,126,2331,-1312,4,7,1/211.9,1/582.8,1/333.0,6.40876734769603
2023-09-23,アイムジャグラーEX-TP,127,487,-500,0,2,1/243.5,1/0.0,1/243.5,7.20425071502558
2023-09-23,アイムジャグラーEX-TP,128,6112,143,21,22,1/142.1,1/291.0,1/277.8,5.945278169517331
2023-09-23,アイムジャグラーEX-TP,129,3181,416,13,8,1/151.5,1/244.7,1/397.6,5.744033964810505
2023-09-23,アイムジャグラーEX-TP,130,5264,-778,14,21,1/150.4,1/376.0,1/250.7,6.004568605224835
2023-09-23,アイムジャグラーEX-TP,131,6866,160,28,19,1/146.1,1/245.2,1/361.4,6.331980460426832
2023-09-23,アイムジャグラーEX-TP,132,4061,674,18,14,1/126.9,1/225.6,1/290.1,6.388349613530805
2023-09-23,アイムジャグラーEX-TP,145,3640,-297,13,8,1/173.3,1/280.0,1/455.0,5.969861873960964
2023-09-23,アイムジャグラーEX-TP,146,1514,-515,4,5,1/168.2,1/378.5,1/302.8,6.612701952201522
2023-09-23,アイムジャグラーEX-TP,147,3107,21,10,11,1/148.0,1/310.7,1/282.5,5.758715599203996
2023-09-23,アイムジャグラーEX-TP,148,3475,321,13,12,1/139.0,1/267.3,1/289.6,5.917837426362306
2023-09-23,アイムジャグラーEX-TP,149,1882,237,6,7,1/144.8,1/313.7,1/268.9,5.337023233604825
2023-09-23,アイムジャグラーEX-TP,150,4876,-688,18,13,1/157.3,1/270.9,1/375.1,6.634760219071727
2023-09-23,アイムジャグラーEX-TP,151,1336,-578,3,3,1/222.7,1/445.3,1/445.3,6.071569810736989
2023-09-23,アイムジャグラーEX-TP,152,2367,-426,7,6,1/182.1,1/338.1,1/394.5,5.865655959874452
2023-09-23,アイムジャグラーEX-TP,153,1829,-173,7,4,1/166.3,1/261.3,1/457.2,6.3299592124284825
2023-09-23,アイムジャグラーEX-TP,154,3457,-443,11,12,1/150.3,1/314.3,1/288.1,6.298836366052075
2023-09-23,アイムジャグラーEX-TP,155,4215,161,16,13,1/145.3,1/263.4,1/324.2,6.065164036066645
2023-09-23,アイムジャグラーEX-TP,156,5627,2157,28,17,1/125.0,1/201.0,1/331.0,5.823840991732537
2023-09-23,アイムジャグラーEX-TP,157,7012,2298,33,22,1/127.5,1/212.5,1/318.7,5.8191898540814915
2023-09-23,アイムジャグラーEX-TP,158,1264,213,6,2,1/158.0,1/210.7,1/632.0,5.910697220980955
2023-09-23,アイムジャグラーEX-TP,159,3827,572,19,6,1/153.1,1/201.4,1/637.8,6.244810643128522
2023-09-23,アイムジャグラーEX-TP,160,3810,-521,13,10,1/165.7,1/293.1,1/381.0,6.229117231904557
2023-09-23,アイムジャグラーEX-TP,161,1327,-411,5,0,1/265.4,1/265.4,1/0.0,6.289730585765406
2023-09-23,アイムジャグラーEX-TP,162,3446,-728,11,7,1/191.4,1/313.3,1/492.3,6.053458680331252
2023-09-23,アイムジャグラーEX-TP,163,1782,-839,5,2,1/254.6,1/356.4,1/891.0,6.4224425370695135
2023-09-23,アイムジャグラーEX-TP,164,4355,-1213,13,10,1/189.3,1/335.0,1/435.5,6.244753170574465
2023-09-23,アイムジャグラーEX-TP,165,4264,-390,17,12,1/147.0,1/250.8,1/355.3,6.854607772961244
2023-09-23,アイムジャグラーEX-TP,166,4133,-135,11,21,1/129.2,1/375.7,1/196.8,5.956890847160104
2023-09-23,アイムジャグラーEX-TP,167,3150,-1028,8,7,1/210.0,1/393.8,1/450.0,5.916245681962352
2023-09-23,アイムジャグラーEX-TP,168,3556,-2014,8,8,1/222.2,1/444.5,1/444.5,6.76575259750865
2023-09-23,アイムジャグラーEX-TP,169,5908,-1399,20,10,1/196.9,1/295.4,1/590.8,6.251178312194975
2023-09-23,アイムジャグラーEX-TP,170,6610,501,26,22,1/137.7,1/254.2,1/300.5,6.159440614699127
2023-09-23,アイムジャグラーEX-TP,171,6550,2949,31,31,1/105.6,1/211.3,1/211.3,5.976280098667927
2023-09-23,アイムジャグラーEX-TP,172,5460,135,20,18,1/143.7,1/273.0,1/303.3,6.066559490782329
2023-09-23,アイムジャグラーEX-TP,173,5090,1191,26,12,1/133.9,1/195.8,1/424.2,6.3777979455972575
2023-09-23,アイムジャグラーEX-TP,174,940,-614,2,1,1/313.3,1/470.0,1/940.0,6.455651562387862
2023-09-23,アイムジャグラーEX-TP,175,1933,-927,5,3,1/241.6,1/386.6,1/644.3,6.394726590206071
2023-09-23,アイムジャグラーEX-TP,176,3066,380,13,9,1/139.4,1/235.8,1/340.7,6.1192579914695235
2023-09-23,アイムジャグラーEX-TP,177,1075,-432,3,1,1/268.8,1/358.3,1/1075.0,5.9849235599995545
2023-09-23,アイムジャグラーEX-TP,178,2613,-1104,7,3,1/261.3,1/373.3,1/871.0,6.045112502250435
2023-09-23,マイジャグラーV,117,1874,-85,8,1,1/208.2,1/234.2,1/1874.0,5.661710059552866
2023-09-23,マイジャグラーV,118,6328,770,26,20,1/137.6,1/243.4,1/316.4,5.847284615922616
2023-09-23,マイジャグラーV,119,3740,-1887,7,12,1/196.8,1/534.3,1/311.7,6.2864641710832645
2023-09-23,マイジャグラーV,120,6333,-1979,15,18,1/191.9,1/422.2,1/351.8,5.794411951414286
2023-09-23,ファンキージャグラー2,113,600,251,4,0,1/150.0,1/150.0,1/0.0,5.917013880328394
2023-09-23,ファンキージャグラー2,114,4231,800,20,11,1/136.5,1/211.6,1/384.6,5.9736898213800025
2023-09-23,ファンキージャグラー2,115,3479,-325,13,8,1/165.7,1/267.6,1/434.9,6.050306805466919
2023-09-23,ファンキージャグラー2,116,1590,-1193,2,2,1/397.5,1/795.0,1/795.0,5.8926181523214005
2023-09-23,ハッピージャグラーVIII,109,6171,-78,24,19,1/143.5,1/257.1,1/324.8,6.447575774589679
2023-09-23,ハッピージャグラーVIII,110,1700,76,9,2,1/154.5,1/188.9,1/850.0,6.996568594667173
2023-09-23,ハッピージャグラーVIII,111,4614,-871,16,8,1/192.2,1/288.4,1/576.8,6.18052911638359
2023-09-23,ハッピージャグラーVIII,112,3591,-2079,6,10,1/224.4,1/598.5,1/359.1,6.481134490917917
2023-09-23,ゴーゴージャグラー3,133,5071,114,23,11,1/149.1,1/220.5,1/461.0,6.622480556135569
2023-09-23,ゴーゴージャグラー3,134,4351,-1414,12,14,1/167.3,1/362.6,1/310.8,6.743664586924485
2023-09-23,ゴーゴージャグラー3,135,3858,-88,16,12,1/137.8,1/241.1,1/321.5,6.86263571015539
2023-09-23,ゴーゴージャグラー3,136,3154,-1104,9,6,1/210.3,1/350.4,1/525.7,6.327986629369532
2023-09-23,ゴーゴージャグラー3,137,2444,-1088,6,6,1/203.7,1/407.3,1/407.3,6.602164099706185
2023-09-22,アイムジャグラーEX-TP,121,783,-576,1,0,1/783.0,1/783.0,1/0.0,5.4354967929527644
2023-09-22,アイムジャグラーEX-TP,122,5600,-8,22,12,1/164.7,1/254.5,1/466.7,5.989231148493895
2023-09-22,アイムジャグラーEX-TP,123,1543,-154,4,6,1/154.3,1/385.8,1/257.2,5.686650729302821
2023-09-22,アイムジャグラーEX-TP,124,3341,963,18,7,1/133.6,1/185.6,1/477.3,6.3323481266095865
2023-09-22,アイムジャグラーEX-TP,125,2500,-567,6,10,1/156.2,1/416.7,1/250.0,6.072014087072682
2023-09-22,アイムジャグラーEX-TP,126,4038,-596,13,9,1/183.5,1/310.6,1/448.7,5.88430717645615
2023-09-22,アイムジャグラーEX-TP,127,3805,1263,17,17,1/111.9,1/223.8,1/223.8,6.096831137966721
2023-09-22,アイムジャグラーEX-TP,128,3449,-554,11,9,1/172.4,1/313.5,1/383.2,6.070612434501101
2023-09-22,アイムジャグラーEX-TP,129,913,-844,1,1,1/456.5,1/913.0,1/913.0,6.53393545731322
2023-09-22,アイムジャグラーEX-TP,130,2605,-741,8,5,1/200.4,1/325.6,1/521.0,6.204183858666547
2023-09-22,アイムジャグラーEX-TP,131,2143,-219,8,4,1/178.6,1/267.9,1/535.8,6.105000539564677
2023-09-22,アイムジャグラーEX-TP,132,1629,-1052,2,4,1/271.5,1/814.5,1/407.2,5.96940192309285
2023-09-22,アイムジャグラーEX-TP,145,820,-697,0,4,1/205.0,1/0.0,1/205.0,6.5914915098373985
2023-09-22,アイムジャグラーEX-TP,146,2968,1680,19,7,1/114.2,1/156.2,1/424.0,6.34263630823349
2023-09-22,アイムジャグラーEX-TP,147,994,-468,2,2,1/248.5,1/497.0,1/497.0,5.8810039784932755
2023-09-22,アイムジャグラーEX-TP,148,4437,585,22,6,1/158.5,1/201.7,1/739.5,6.222831387439793
2023-09-22,アイムジャグラーEX-TP,149,1233,-775,2,2,1/308.2,1/616.5,1/616.5,5.980289199607405
2023-09-22,アイムジャグラーEX-TP,150,3693,-241,14,9,1/160.6,1/263.8,1/410.3,6.257551146923726
2023-09-22,アイムジャグラーEX-TP,151,3012,756,15,7,1/136.9,1/200.8,1/430.3,6.122262558961839
2023-09-22,アイムジャグラーEX-TP,152,1152,-563,3,1,1/288.0,1/384.0,1/1152.0,6.1414425395547285
2023-09-22,アイムジャグラーEX-TP,153,1724,195,8,1,1/191.6,1/215.5,1/1724.0,5.632666932857009
2023-09-22,アイムジャグラーEX-TP,154,3821,-7,13,15,1/136.5,1/293.9,1/254.7,6.164505599552297
2023-09-22,アイムジャグラーEX-TP,155,2755,526,13,4,1/162.1,1/211.9,1/688.8,5.733205739157452
2023-09-22,アイムジャグラーEX-TP,156,1807,-1047,4,1,1/361.4,1/451.8,1/1807.0,5.970040177676588
2023-09-22,アイムジャグラーEX-TP,157,2592,427,12,5,1/152.5,1/216.0,1/518.4,5.942985446357757
2023-09-22,アイムジャグラーEX-TP,158,239,-309,0,0,1/0.0,1/0.0,1/0.0,6.475462602713301
2023-09-22,アイムジャグラーEX-TP,159,8167,2998,40,31,1/115.0,1/204.2,1/263.5,6.13827112989352
2023-09-22,アイムジャグラーEX-TP,160,1623,-115,6,4,1/162.3,1/270.5,1/405.8,6.182965020875411
2023-09-22,アイムジャグラーEX-TP,161,433,-237,1,1,1/216.5,1/433.0,1/433.0,6.775383669791897
2023-09-22,アイムジャグラーEX-TP,162,4310,-1296,12,12,1/179.6,1/359.2,1/359.2,6.334672972140373
2023-09-22,アイムジャグラーEX-TP,163,530,-470,0,2,1/265.0,1/0.0,1/265.0,6.239794110340751
2023-09-22,アイムジャグラーEX-TP,164,7426,628,25,35,1/123.8,1/297.0,1/212.2,6.069284122952156
2023-09-22,アイムジャグラーEX-TP,165,3455,-418,10,11,1/164.5,1/345.5,1/314.1,5.810267929027956
2023-09-22,アイムジャグラーEX-TP,166,1078,-536,3,1,1/269.5,1/359.3,1/1078.0,6.433281381701742
2023-09-22,アイムジャグラーEX-TP,167,4531,1507,20,22,1/107.9,1/226.6,1/206.0,6.204386768462611
2023-09-22,アイムジャグラーEX-TP,168,7633,-965,25,20,1/169.6,1/305.3,1/381.6,6.017689294505518
2023-09-22,アイムジャグラーEX-TP,169,5185,-914,20,5,1/207.4,1/259.2,1/1037.0,6.196511393962303
2023-09-22,アイムジャグラーEX-TP,170,2711,395,11,10,1/129.1,1/246.5,1/271.1,6.1386479880281195
2023-09-22,アイムジャグラーEX-TP,171,1977,769,10,7,1/116.3,1/197.7,1/282.4,6.1107193732336835
2023-09-22,アイムジャグラーEX-TP,172,4383,-641,14,13,1/162.3,1/313.1,1/337.2,6.167943952682764
2023-09-22,アイムジャグラーEX-TP,173,1418,-360,4,4,1/177.2,1/354.5,1/354.5,6.168040744911409
2023-09-22,アイムジャグラーEX-TP,174,6728,1905,31,21,1/129.4,1/217.0,1/320.4,5.897527204009701
2023-09-22,アイムジャグラーEX-TP,175,1640,-407,5,2,1/234.3,1/328.0,1/820.0,5.72252355612269
2023-09-22,アイムジャグラーEX-TP,176,2565,-220,9,7,1/160.3,1/285.0,1/366.4,6.1489763932046255
2023-09-22,アイムジャグラーEX-TP,177,7409,1125,30,28,1/127.7,1/247.0,1/264.6,6.140379942411209
2023-09-22,アイムジャグラーEX-TP,178,5009,1223,21,21,1/119.3,1/238.5,1/238.5,6.061545855624652
2023-09-22,マイジャグラーV,117,2836,-629,9,9,1/157.6,1/315.1,1/315.1,6.414324879244849
2023-09-22,マイジャグラーV,118,2852,-971,7,3,1/285.2,1/407.4,1/950.7,5.323910633754532
2023-09-22,マイジャグラーV,119,2111,-882,3,8,1/191.9,1/703.7,1/263.9,5.666736000966755
2023-09-22,マイジャグラーV,120,6077,-177,24,15,1/155.8,1/253.2,1/405.1,6.054084676523287
2023-09-22,ファンキージャグラー2,113,442,-391,1,0,1/442.0,1/442.0,1/0.0,7.254294620374309
2023-09-22,ファンキージャグラー2,114,1621,-296,5,5,1/162.1,1/324.2,1/324.2,6.086769223345988
2023-09-22,ファンキージャグラー2,115,819,-442,2,0,1/409.5,1/409.5,1/0.0,5.694889019633373
2023-09-22,ファンキージャグラー2,116,3933,-1714,9,7,1/245.8,1/437.0,1/561.9,5.814416444937832
2023-09-22,ハッピージャグラーVIII,109,3246,-98,13,9,1/147.5,1/249.7,1/360.7,6.531755858621291
2023-09-22,ハッピージャグラーVIII,110,2606,-704,6,10,1/162.9,1/434.3,1/260.6,6.196533424751619
2023-09-22,ハッピージャグラーVIII,111,2374,461,10,8,1/131.9,1/237.4,1/296.8,5.959897097631788
2023-09-22,ハッピージャグラーVIII,112,738,-112,3,2,1/147.6,1/246.0,1/369.0,7.307279778464663
2023-09-22,ゴーゴージャグラー3,133,5889,2677,32,23,1/107.1,1/184.0,1/256.0,6.356190574384058
2023-09-22,ゴーゴージャグラー3,134,1016,153,6,0,1/169.3,1/169.3,1/0.0,6.58252352960613
2023-09-22,ゴーゴージャグラー3,135,4279,-560,14,14,1/152.8,1/305.6,1/305.6,6.389423689549862
2023-09-22,ゴーゴージャグラー3,136,1394,-659,4,2,1/232.3,1/348.5,1/697.0,6.765601864957081
2023-09-22,ゴーゴージャグラー3,137,990,-515,3,1,1/247.5,1/330.0,1/990.0,7.035641029513271
2023-09-21,アイムジャグラーEX-TP,121,4785,-254,19,9,1/170.9,1/251.8,1/531.7,6.1612636397629545
2023-09-21,アイムジャグラーEX-TP,122,1247,-700,2,5,1/178.1,1/623.5,1/249.4,6.7676796676488555
2023-09-21,アイムジャグラーEX-TP,123,1670,90,7,3,1/167.0,1/238.6,1/556.7,5.891186608450925
2023-09-21,アイムジャグラーEX-TP,124,922,-605,1,3,1/230.5,1/922.0,1/307.3,6.202953090066341
2023-09-21,アイムジャグラーEX-TP,125,4702,489,19,14,1/142.5,1/247.5,1/335.9,5.99944754555545
2023-09-21,アイムジャグラーEX-TP,126,284,-316,0,0,1/0.0,1/0.0,1/0.0,5.651138505425093
2023-09-21,アイムジャグラーEX-TP,127,4207,-542,14,13,1/155.8,1/300.5,1/323.6,6.303929445858229
2023-09-21,アイムジャグラーEX-TP,128,1698,-350,6,4,1/169.8,1/283.0,1/424.5,6.611546563783006
2023-09-21,アイムジャグラーEX-TP,129,1688,-57,6,3,1/187.6,1/281.3,1/562.7,5.585810743532629
2023-09-21,アイムジャグラーEX-TP,130,1181,-512,3,3,1/196.8,1/393.7,1/393.7,6.586515300625624
2023-09-21,アイムジャグラーEX-TP,131,472,-86,2,0,1/236.0,1/236.0,1/0.0,6.242694262196862
2023-09-21,アイムジャグラーEX-TP,132,4744,-105,20,11,1/153.0,1/237.2,1/431.3,6.5247738331702525
2023-09-21,アイムジャグラーEX-TP,145,7201,2357,32,29,1/118.0,1/225.0,1/248.3,5.901744082985226
2023-09-21,アイムジャグラーEX-TP,146,409,-142,1,1,1/204.5,1/409.0,1/409.0,5.997255632361484
2023-09-21,アイムジャグラーEX-TP,147,378,-336,0,0,1/0.0,1/0.0,1/0.0,4.879741482140146
2023-09-21,アイムジャグラーEX-TP,148,1525,114,5,7,1/127.1,1/305.0,1/217.9,5.960849919479666
2023-09-21,アイムジャグラーEX-TP,149,1084,-661,1,5,1/180.7,1/1084.0,1/216.8,6.413257789416302
2023-09-21,アイムジャグラーEX-TP,150,2701,-696,6,12,1/150.1,1/450.2,1/225.1,6.204751659007248
2023-09-21,アイムジャグラーEX-TP,151,260,-265,0,1,1/260.0,1/0.0,1/260.0,7.000698723584142
2023-09-21,アイムジャグラーEX-TP,152,102,-143,0,0,1/0.0,1/0.0,1/0.0,7.102529893294933
2023-09-21,アイムジャグラーEX-TP,153,8164,1933,31,41,1/113.4,1/263.4,1/199.1,6.002828358608201
2023-09-21,アイムジャグラーEX-TP,154,391,-206,0,3,1/130.3,1/0.0,1/130.3,6.296003293888577
2023-09-21,アイムジャグラーEX-TP,155,4916,1196,22,13,1/140.5,1/223.5,1/378.2,5.7333866287930375
2023-09-21,アイムジャグラーEX-TP,156,2414,501,12,5,1/142.0,1/201.2,1/482.8,6.203433932182284
2023-09-21,アイムジャグラーEX-TP,157,1637,-894,4,1,1/327.4,1/409.2,1/1637.0,6.106472028497267
2023-09-21,アイムジャグラーEX-TP,158,4408,224,19,8,1/163.3,1/232.0,1/551.0,6.045514965070213
2023-09-21,アイムジャグラーEX-TP,159,496,-575,0,0,1/0.0,1/0.0,1/0.0,5.8434859975466775
2023-09-21,アイムジャグラーEX-TP,160,1292,-689,3,2,1/258.4,1/430.7,1/646.0,6.32813960581274
2023-09-21,アイムジャグラーEX-TP,161,4396,630,21,7,1/157.0,1/209.3,1/628.0,6.061886065113923
2023-09-21,アイムジャグラーEX-TP,162,161,-151,0,0,1/0.0,1/0.0,1/0.0,5.030080506282289
2023-09-21,アイムジャグラーEX-TP,163,6739,1626,30,23,1/127.2,1/224.6,1/293.0,6.033057952602151
2023-09-21,アイムジャグラーEX-TP,164,432,-90,1,2,1/144.0,1/432.0,1/216.0,6.166096659559955
2023-09-21,アイムジャグラーEX-TP,165,2946,635,14,6,1/147.3,1/210.4,1/491.0,5.900214987331162
2023-09-21,アイムジャグラーEX-TP,166,1404,-239,4,5,1/156.0,1/351.0,1/280.8,6.139344492043798
2023-09-21,アイムジャグラーEX-TP,167,3486,-551,8,14,1/158.5,1/435.8,1/249.0,5.669187400535116
2023-09-21,アイムジャグラーEX-TP,168,3426,-436,11,8,1/180.3,1/311.5,1/428.2,5.831149021106496
2023-09-21,アイムジャグラーEX-TP,169,2346,527,12,5,1/138.0,1/195.5,1/469.2,6.325179073881084
2023-09-21,アイムジャグラーEX-TP,170,5101,954,23,16,1/130.8,1/221.8,1/318.8,6.231931780712871
2023-09-21,アイムジャグラーEX-TP,171,964,328,6,0,1/160.7,1/160.7,1/0.0,6.131338095848078
2023-09-21,アイムジャグラーEX-TP,172,2309,-287,9,5,1/164.9,1/256.6,1/461.8,6.565742475144441
2023-09-21,アイムジャグラーEX-TP,173,2167,-1312,3,6,1/240.8,1/722.3,1/361.2,6.100746551762047
2023-09-21,アイムジャグラーEX-TP,174,5474,1939,26,19,1/121.6,1/210.5,1/288.1,5.888575057456905
2023-09-21,アイムジャグラーEX-TP,175,1849,-1322,4,1,1/369.8,1/462.2,1/1849.0,6.566594232882399
2023-09-21,アイムジャグラーEX-TP,176,2551,170,11,6,1/150.1,1/231.9,1/425.2,6.213437446285491
2023-09-21,アイムジャグラーEX-TP,177,2163,-773,4,8,1/180.2,1/540.8,1/270.4,5.9083102363837625
2023-09-21,アイムジャグラーEX-TP,178,2112,-952,5,2,1/301.7,1/422.4,1/1056.0,5.7448639026236865
2023-09-21,マイジャグラーV,117,4458,176,16,15,1/143.8,1/278.6,1/297.2,5.751930816761886
2023-09-21,マイジャグラーV,118,3967,39,14,16,1/132.2,1/283.4,1/247.9,6.098254013343766
2023-09-21,マイジャグラーV,119,3022,-13,11,8,1/159.1,1/274.7,1/377.8,5.701198802976526
2023-09-21,マイジャグラーV,120,1107,-384,4,0,1/276.8,1/276.8,1/0.0,6.064520956155547
2023-09-21,ファンキージャグラー2,113,1625,-575,4,1,1/325.0,1/406.2,1/1625.0,5.2379489400708135
2023-09-21,ファンキージャグラー2,114,930,-51,4,1,1/186.0,1/232.5,1/930.0,5.959432604344138
2023-09-21,ファンキージャグラー2,115,501,-221,1,1,1/250.5,1/501.0,1/501.0,5.634129894527345
2023-09-21,ファンキージャグラー2,116,561,-337,0,4,1/140.2,1/0.0,1/140.2,6.405931367182477
2023-09-21,ハッピージャグラーVIII,109,1552,-498,4,3,1/221.7,1/388.0,1/517.3,5.896864896821962
2023-09-21,ハッピージャグラーVIII,110,3374,-227,13,8,1/160.7,1/259.5,1/421.8,6.336399823448445
2023-09-21,ハッピージャグラーVIII,111,3699,434,18,5,1/160.8,1/205.5,1/739.8,6.145118365690901
2023-09-21,ハッピージャグラーVIII,112,2751,-33,9,11,1/137.6,1/305.7,1/250.1,6.146961824736008
2023-09-21,ゴーゴージャグラー3,133,920,-573,2,1,1/306.7,1/460.0,1/920.0,6.491582111457642
2023-09-21,ゴーゴージャグラー3,134,2951,-451,12,2,1/210.8,1/245.9,1/1475.5,6.211707505722898
2023-09-21,ゴーゴージャグラー3,135,983,-668,2,1,1/327.7,1/491.5,1/983.0,6.5805609526550235
2023-09-21,ゴーゴージャグラー3,136,2890,-572,9,6,1/192.7,1/321.1,1/481.7,5.982558977499937
2023-09-21,ゴーゴージャグラー3,137,5669,1448,31,12,1/131.8,1/182.9,1/472.4,6.544563910057733
2023-09-20,アイムジャグラーEX-TP,121,4780,-339,14,18,1/149.4,1/341.4,1/265.6,5.87009984818792
2023-09-20,アイムジャグラーEX-TP,122,580,-428,1,0,1/580.0,1/580.0,1/0.0,5.894491648369182
2023-09-20,アイムジャグラーEX-TP,123,6739,845,24,30,1/124.8,1/280.8,1/224.6,5.992986667112027
2023-09-20,アイムジャグラーEX-TP,124,948,621,5,5,1/94.8,1/189.6,1/189.6,5.900350548041739
2023-09-20,アイムジャグラーEX-TP,125,2641,-78,11,4,1/176.1,1/240.1,1/660.2,6.116004133131214
2023-09-20,アイムジャグラーEX-TP,126,1387,-594,4,1,1/277.4,1/346.8,1/1387.0,6.121830248047115
2023-09-20,アイムジャグラーEX-TP,127,4608,-34,15,15,1/153.6,1/307.2,1/307.2,5.742951903700069
2023-09-20,アイムジャグラーEX-TP,128,411,-351,0,2,1/205.5,1/0.0,1/205.5,6.607192290515834
2023-09-20,アイムジャグラーEX-TP,129,4246,1774,21,16,1/114.8,1/202.2,1/265.4,5.94990707929501
2023-09-20,アイムジャグラーEX-TP,130,1230,-682,3,2,1/246.0,1/410.0,1/615.0,6.632588820744581
2023-09-20,アイムジャグラーEX-TP,131,491,-323,1,0,1/491.0,1/491.0,1/0.0,5.887686210067607
2023-09-20,アイムジャグラーEX-TP,132,4279,-1298,12,10,1/194.5,1/356.6,1/427.9,6.164394474800938
2023-09-20,アイムジャグラーEX-TP,145,5204,394,20,18,1/136.9,1/260.2,1/289.1,6.111677925002197
2023-09-20,アイムジャグラーEX-TP,146,775,-44,3,1,1/193.8,1/258.3,1/775.0,5.813691806820399
2023-09-20,アイムジャグラーEX-TP,147,2568,876,14,6,1/128.4,1/183.4,1/428.0,6.263938360504874
2023-09-20,アイムジャグラーEX-TP,148,505,-691,0,0,1/0.0,1/0.0,1/0.0,6.896532887585148
2023-09-20,アイムジャグラーEX-TP,149,4301,-531,12,17,1/148.3,1/358.4,1/253.0,6.026917606907617
2023-09-20,アイムジャグラーEX-TP,150,510,285,4,0,1/127.5,1/127.5,1/0.0,7.164893706694538
2023-09-20,アイムジャグラーEX-TP,151,2273,1022,12,6,1/126.3,1/189.4,1/378.8,5.713978019208921
2023-09-20,アイムジャグラーEX-TP,152,768,-101,2,3,1/153.6,1/384.0,1/256.0,5.837531022334864
2023-09-20,アイムジャグラーEX-TP,153,3051,-120,9,14,1/132.7,1/339.0,1/217.9,6.103290357647414
2023-09-20,アイムジャグラーEX-TP,154,726,-601,1,0,1/726.0,1/726.0,1/0.0,5.906578911934942
2023-09-20,アイムジャグラーEX-TP,155,2821,-223,10,8,1/156.7,1/282.1,1/352.6,6.208714852368383
2023-09-20,アイムジャグラーEX-TP,156,1690,-760,5,2,1/241.4,1/338.0,1/845.0,6.543695526880747
2023-09-20,アイムジャグラーEX-TP,157,2755,-966,9,6,1/183.7,1/306.1,1/459.2,6.959769375221124
2023-09-20,アイムジャグラーEX-TP,158,1570,-789,3,4,1/224.3,1/523.3,1/392.5,6.139670463942046
2023-09-20,アイムジャグラーEX-TP,159,2519,-772,5,9,1/179.9,1/503.8,1/279.9,5.785255274446402
2023-09-20,アイムジャグラーEX-TP,160,1507,-63,5,4,1/167.4,1/301.4,1/376.8,5.7139384038956695
2023-09-20,アイムジャグラーEX-TP,161,683,-567,1,0,1/683.0,1/683.0,1/0.0,6.013696612263697
2023-09-20,アイムジャグラーEX-TP,162,3654,1305,19,9,1/130.5,1/192.3,1/406.0,5.9505570268554795
2023-09-20,アイムジャグラーEX-TP,163,1999,-886,3,7,1/199.9,1/666.3,1/285.6,5.820327565356688
2023-09-20,アイムジャグラーEX-TP,164,1285,573,8,2,1/128.5,1/160.6,1/642.5,6.3402342383503765
2023-09-20,アイムジャグラーEX-TP,165,2345,-335,8,8,1/146.6,1/293.1,1/293.1,6.647978617606003
2023-09-20,アイムジャグラーEX-TP,166,4259,462,17,11,1/152.1,1/250.5,1/387.2,5.764056475248202
2023-09-20,アイムジャグラーEX-TP,167,485,174,3,0,1/161.7,1/161.7,1/0.0,6.0016841839534765
2023-09-20,アイムジャグラーEX-TP,168,4978,989,25,7,1/155.6,1/199.1,1/711.1,6.009376558931027
2023-09-20,アイムジャグラーEX-TP,169,5423,-645,18,14,1/169.5,1/301.3,1/387.4,6.017132105464094
2023-09-20,アイムジャグラーEX-TP,170,4601,1517,19,22,1/112.2,1/242.2,1/209.1,5.860632926192365
2023-09-20,アイムジャグラーEX-TP,171,2171,-146,8,6,1/155.1,1/271.4,1/361.8,6.289374861632305
2023-09-20,アイムジャグラーEX-TP,172,1245,-438,3,2,1/249.0,1/415.0,1/622.5,5.641434501246213
2023-09-20,アイムジャグラーEX-TP,173,3980,1336,20,8,1/142.1,1/199.0,1/497.5,5.673846220519878
2023-09-20,アイムジャグラーEX-TP,174,1347,598,8,2,1/134.7,1/168.4,1/673.5,5.976218112528416
2023-09-20,アイムジャグラーEX-TP,175,7578,-371,25,25,1/151.6,1/303.1,1/303.1,5.986899828895383
2023-09-20,アイムジャグラーEX-TP,176,3592,-816,11,10,1/171.0,1/326.5,1/359.2,6.316332592401026
2023-09-20,アイムジャグラーEX-TP,177,793,-458,1,2,1/264.3,1/793.0,1/396.5,5.740097228416131
2023-09-20,アイムジャグラーEX-TP,178,3594,-581,13,6,1/189.2,1/276.5,1/599.0,6.159340704445202
2023-09-20,マイジャグラーV,117,6512,1281,29,20,1/132.9,1/224.6,1/325.6,5.842611057857399
2023-09-20,マイジャグラーV,118,4448,1031,20,16,1/123.6,1/222.4,1/278.0,5.952694174930089
2023-09-20,マイジャグラーV,119,4444,1095,22,10,1/138.9,1/202.0,1/444.4,5.804715865330148
2023-09-20,マイジャグラーV,120,4099,-1232,13,7,1/204.9,1/315.3,1/585.6,6.1137557515089185
2023-09-20,ファンキージャグラー2,113,4047,-583,14,11,1/161.9,1/289.1,1/367.9,6.162867243909462
2023-09-20,ファンキージャグラー2,114,1172,769,7,3,1/117.2,1/167.4,1/390.7,5.290789128872925
2023-09-20,ファンキージャグラー2,115,3914,1324,20,11,1/126.3,1/195.7,1/355.8,5.810805358842284
2023-09-20,ファンキージャグラー2,116,938,-378,3,0,1/312.7,1/312.7,1/0.0,5.880091580232299
2023-09-20,ハッピージャグラーVIII,109,2588,-940,7,6,1/199.1,1/369.7,1/431.3,6.4160323459262845
2023-09-20,ハッピージャグラーVIII,110,1008,-565,2,2,1/252.0,1/504.0,1/504.0,6.378019118871597
2023-09-20,ハッピージャグラーVIII,111,3720,-179,12,16,1/132.9,1/310.0,1/232.5,6.41363276262921
2023-09-20,ハッピージャグラーVIII,112,536,-618,0,1,1/536.0,1/0.0,1/536.0,6.9639692545954395
2023-09-20,ゴーゴージャグラー3,133,8787,1700,39,33,1/122.0,1/225.3,1/266.3,6.397526842951828
2023-09-20,ゴーゴージャグラー3,134,1302,-898,2,4,1/217.0,1/651.0,1/325.5,7.08981094245886
2023-09-20,ゴーゴージャグラー3,135,756,-495,1,0,1/756.0,1/756.0,1/0.0,5.303370691932036
2023-09-20,ゴーゴージャグラー3,136,2614,-1527,4,9,1/201.1,1/653.5,1/290.4,6.667507969795473
2023-09-20,ゴーゴージャグラー3,137,2016,-610,6,6,1/168.0,1/336.0,1/336.0,6.782498462499108
2023-09-19,アイムジャグラーEX-TP,121,1970,-1393,4,3,1/281.4,1/492.5,1/656.7,6.861002531779589
2023-09-19,アイムジャグラーEX-TP,122,2415,-180,9,6,1/161.0,1/268.3,1/402.5,6.246074381047005
2023-09-19,アイムジャグラーEX-TP,123,1113,-753,1,1,1/556.5,1/1113.0,1/1113.0,5.193289765691644
2023-09-19,アイムジャグラーEX-TP,124,2005,-330,8,2,1/200.5,1/250.6,1/1002.5,6.317991275815138
2023-09-19,アイムジャグラーEX-TP,125,1694,-67,4,8,1/141.2,1/423.5,1/211.8,5.5337457879505205
2023-09-19,アイムジャグラーEX-TP,126,3911,519,15,14,1/134.9,1/260.7,1/279.4,5.8978216499034675
2023-09-19,アイムジャグラーEX-TP,127,657,-492,1,2,1/219.0,1/657.0,1/328.5,7.226170218873766
2023-09-19,アイムジャグラーEX-TP,128,2956,649,15,7,1/134.4,1/197.1,1/422.3,6.413514516130921
2023-09-19,アイムジャグラーEX-TP,129,1178,-745,2,2,1/294.5,1/589.0,1/589.0,6.118046512942006
2023-09-19,アイムジャグラーEX-TP,130,6787,1524,29,30,1/115.0,1/234.0,1/226.2,6.357876820619059
2023-09-19,アイムジャグラーEX-TP,131,4608,574,16,18,1/135.5,1/288.0,1/256.0,5.680124526868925
2023-09-19,アイムジャグラーEX-TP,132,1817,-734,4,4,1/227.1,1/454.2,1/454.2,5.8756063321768375
2023-09-19,アイムジャグラーEX-TP,145,450,-474,0,1,1/450.0,1/0.0,1/450.0,6.332520659848651
2023-09-19,アイムジャグラーEX-TP,146,1477,192,7,2,1/164.1,1/211.0,1/738.5,5.976494693200468
2023-09-19,アイムジャグラーEX-TP,147,4405,-459,12,17,1/151.9,1/367.1,1/259.1,5.830576163506033
2023-09-19,アイムジャグラーEX-TP,148,5420,1152,17,29,1/117.8,1/318.8,1/186.9,5.5433432680545
2023-09-19,アイムジャグラーEX-TP,149,1018,-302,3,2,1/203.6,1/339.3,1/509.0,6.134471348071772
2023-09-19,アイムジャグラーEX-TP,150,414,-170,1,1,1/207.0,1/414.0,1/414.0,6.246410954092501
2023-09-19,アイムジャグラーEX-TP,151,488,-271,1,1,1/244.0,1/488.0,1/488.0,6.334370110495818
2023-09-19,アイムジャグラーEX-TP,152,568,-224,2,1,1/189.3,1/284.0,1/568.0,7.396606702497669
2023-09-19,アイムジャグラーEX-TP,153,1867,-1066,3,6,1/207.4,1/622.3,1/311.2,6.412712930320259
2023-09-19,アイムジャグラーEX-TP,154,1000,-827,1,1,1/500.0,1/1000.0,1/1000.0,5.904843447838089
2023-09-19,アイムジャグラーEX-TP,155,1314,125,6,1,1/187.7,1/219.0,1/1314.0,5.699221379661786
2023-09-19,アイムジャグラーEX-TP,156,4468,-812,15,12,1/165.5,1/297.9,1/372.3,6.41402960160794
2023-09-19,アイムジャグラーEX-TP,157,1872,48,8,6,1/133.7,1/234.0,1/312.0,6.808773628572232
2023-09-19,アイムジャグラーEX-TP,158,4035,66,15,11,1/155.2,1/269.0,1/366.8,5.921554590789759
2023-09-19,アイムジャグラーEX-TP,159,138,-195,0,0,1/0.0,1/0.0,1/0.0,7.173108950168723
2023-09-19,アイムジャグラーEX-TP,160,7089,-147,24,30,1/131.3,1/295.4,1/236.3,6.380192168256062
2023-09-19,アイムジャグラーEX-TP,161,265,-270,0,0,1/0.0,1/0.0,1/0.0,5.29993640076319
2023-09-19,アイムジャグラーEX-TP,162,4403,1786,23,15,1/115.9,1/191.4,1/293.5,6.168078068059887
2023-09-19,アイムジャグラーEX-TP,163,162,-150,0,0,1/0.0,1/0.0,1/0.0,4.992529696306267
2023-09-19,アイムジャグラーEX-TP,164,7105,2481,31,34,1/109.3,1/229.2,1/209.0,6.035595401717294
2023-09-19,アイムジャグラーEX-TP,165,3081,-1180,8,9,1/181.2,1/385.1,1/342.3,6.58596504556233
2023-09-19,アイムジャグラーEX-TP,166,2897,-675,9,7,1/181.1,1/321.9,1/413.9,6.227524376555375
2023-09-19,アイムジャグラーEX-TP,167,1209,-788,2,0,1/604.5,1/604.5,1/0.0,5.476042968774417
2023-09-19,アイムジャグラーEX-TP,168,3431,-818,10,6,1/214.4,1/343.1,1/571.8,5.75108345316573
2023-09-19,アイムジャグラーEX-TP,169,4970,41,22,8,1/165.7,1/225.9,1/621.2,6.29387747555487
2023-09-19,アイムジャグラーEX-TP,170,2145,715,10,8,1/119.2,1/214.5,1/268.1,5.992150701612405
2023-09-19,アイムジャグラーEX-TP,171,2684,-21,10,6,1/167.8,1/268.4,1/447.3,5.833180259440038
2023-09-19,アイムジャグラーEX-TP,172,3513,-19,14,5,1/184.9,1/250.9,1/702.6,5.771744793850872
2023-09-19,アイムジャグラーEX-TP,173,1700,599,9,4,1/130.8,1/188.9,1/425.0,6.031325641027915
2023-09-19,アイムジャグラーEX-TP,174,3315,-183,12,7,1/174.5,1/276.2,1/473.6,5.871633342269198
2023-09-19,アイムジャグラーEX-TP,175,431,-352,0,1,1/431.0,1/0.0,1/431.0,5.36690517226458
2023-09-19,アイムジャグラーEX-TP,176,5749,-802,13,34,1/122.3,1/442.2,1/169.1,6.362538224893448
2023-09-19,アイムジャグラーEX-TP,177,3510,1241,17,10,1/130.0,1/206.5,1/351.0,5.740390590240533
2023-09-19,アイムジャグラーEX-TP,178,855,-555,1,1,1/427.5,1/855.0,1/855.0,5.427651312444176
2023-09-19,マイジャグラーV,117,4566,79,17,11,1/163.1,1/268.6,1/415.1,5.603829177724071
2023-09-19,マイジャグラーV,118,6627,3245,35,27,1/106.9,1/189.3,1/245.4,5.845640742257401
2023-09-19,マイジャグラーV,119,2185,99,8,7,1/145.7,1/273.1,1/312.1,5.735928013840912
2023-09-19,マイジャグラーV,120,5933,1223,28,18,1/129.0,1/211.9,1/329.6,6.067133328804628
2023-09-19,ファンキージャグラー2,113,1090,-151,3,4,1/155.7,1/363.3,1/272.5,5.7881241234012135
2023-09-19,ファンキージャグラー2,114,3911,-108,16,10,1/150.4,1/244.4,1/391.1,6.256041369853116
2023-09-19,ファンキージャグラー2,115,1669,243,8,4,1/139.1,1/208.6,1/417.2,6.157534658153293
2023-09-19,ファンキージャグラー2,116,1160,604,7,4,1/105.5,1/165.7,1/290.0,6.263744126052451
2023-09-19,ハッピージャグラーVIII,109,2290,-804,6,6,1/190.8,1/381.7,1/381.7,6.397794018272127
2023-09-19,ハッピージャグラーVIII,110,1896,-387,7,4,1/172.4,1/270.9,1/474.0,6.726538536041262
2023-09-19,ハッピージャグラーVIII,111,1242,-28,6,1,1/177.4,1/207.0,1/1242.0,6.542727977787386
2023-09-19,ハッピージャグラーVIII,112,1404,-45,5,1,1/234.0,1/280.8,1/1404.0,5.240905265597992
2023-09-19,ゴーゴージャグラー3,133,2158,-1013,6,5,1/196.2,1/359.7,1/431.6,7.125676813409216
2023-09-19,ゴーゴージャグラー3,134,1932,152,9,4,1/148.6,1/214.7,1/483.0,6.429713529970969
2023-09-19,ゴーゴージャグラー3,135,900,-338,2,3,1/180.0,1/450.0,1/300.0,6.3842804827225414
2023-09-19,ゴーゴージャグラー3,136,1258,396,8,1,1/139.8,1/157.2,1/1258.0,6.696309457858428
2023-09-19,ゴーゴージャグラー3,137,5993,3045,33,25,1/103.3,1/181.6,1/239.7,6.302750318894002
2023-09-18,アイムジャグラーEX-TP,121,3982,-97,18,4,1/181.0,1/221.2,1/995.5,6.286619519230536
2023-09-18,アイムジャグラーEX-TP,122,3827,1294,19,12,1/123.5,1/201.4,1/318.9,6.058818222043829
2023-09-18,アイムジャグラーEX-TP,123,2211,-403,8,3,1/201.0,1/276.4,1/737.0,6.117524705074301
2023-09-18,アイムジャグラーEX-TP,124,4468,1905,22,16,1/117.6,1/203.1,1/279.2,5.812000615749465
2023-09-18,アイムジャグラーEX-TP,125,2758,-890,4,10,1/197.0,1/689.5,1/275.8,5.348062079870263
2023-09-18,アイムジャグラーEX-TP,126,2470,-716,6,9,1/164.7,1/411.7,1/274.4,6.244863631266845
2023-09-18,アイムジャグラーEX-TP,127,3481,-225,12,11,1/151.3,1/290.1,1/316.5,6.170164413699934
2023-09-18,アイムジャグラーEX-TP,128,2964,-153,12,6,1/164.7,1/247.0,1/494.0,6.315721377476731
2023-09-18,アイムジャグラーEX-TP,129,3476,-14,13,9,1/158.0,1/267.4,1/386.2,5.979005983030976
2023-09-18,アイムジャグラーEX-TP,130,3667,-568,11,8,1/193.0,1/333.4,1/458.4,5.66594622468516
2023-09-18,アイムジャグラーEX-TP,131,5177,443,21,12,1/156.9,1/246.5,1/431.4,5.822690820302414
2023-09-18,アイムジャグラーEX-TP,132,6240,714,23,22,1/138.7,1/271.3,1/283.6,5.793557981329424
2023-09-18,アイムジャグラーEX-TP,145,2472,-1260,5,7,1/206.0,1/494.4,1/353.1,6.44797998246525
2023-09-18,アイムジャグラーEX-TP,146,2087,-531,7,5,1/173.9,1/298.1,1/417.4,6.650192967123002
2023-09-18,アイムジャグラーEX-TP,147,1878,-571,5,5,1/187.8,1/375.6,1/375.6,6.145577138086537
2023-09-18,アイムジャグラーEX-TP,148,2360,-416,8,7,1/157.3,1/295.0,1/337.1,6.569046735288153
2023-09-18,アイムジャグラーEX-TP,149,1557,-504,5,3,1/194.6,1/311.4,1/519.0,6.588404712372338
2023-09-18,アイムジャグラーEX-TP,150,4114,1548,22,12,1/121.0,1/187.0,1/342.8,6.234504097633121
2023-09-18,アイムジャグラーEX-TP,151,5632,485,22,21,1/131.0,1/256.0,1/268.2,6.260605275807175
2023-09-18,アイムジャグラーEX-TP,152,7863,4293,43,27,1/112.3,1/182.9,1/291.2,5.825695803903123
2023-09-18,アイムジャグラーEX-TP,153,1366,169,5,7,1/113.8,1/273.2,1/195.1,6.429426175125896
2023-09-18,アイムジャグラーEX-TP,154,2865,-143,10,11,1/136.4,1/286.5,1/260.5,6.47386890042636
2023-09-18,アイムジャグラーEX-TP,155,1429,-574,4,3,1/204.1,1/357.2,1/476.3,6.539225445448696
2023-09-18,アイムジャグラーEX-TP,156,7477,688,32,23,1/135.9,1/233.7,1/325.1,6.389575248605708
2023-09-18,アイムジャグラーEX-TP,157,6283,-11,23,20,1/146.1,1/273.2,1/314.1,6.136727599725804
2023-09-18,アイムジャグラーEX-TP,158,2668,-324,8,6,1/190.6,1/333.5,1/444.7,5.558249727993675
2023-09-18,アイムジャグラーEX-TP,159,5717,-572,22,14,1/158.8,1/259.9,1/408.4,6.513795619812548
2023-09-18,アイムジャグラーEX-TP,160,1611,-924,3,3,1/268.5,1/537.0,1/537.0,6.1091469059844385
2023-09-18,アイムジャグラーEX-TP,161,7220,766,29,24,1/136.2,1/249.0,1/300.8,6.113320557170745
2023-09-18,アイムジャグラーEX-TP,162,1189,-747,2,1,1/396.3,1/594.5,1/1189.0,5.72521445598834
2023-09-18,アイムジャグラーEX-TP,163,5298,676,24,10,1/155.8,1/220.8,1/529.8,5.979228984629634
2023-09-18,アイムジャグラーEX-TP,164,1867,-989,4,3,1/266.7,1/466.8,1/622.3,6.119747829677486
2023-09-18,アイムジャグラーEX-TP,165,2873,-153,12,5,1/169.0,1/239.4,1/574.6,6.349849476740797
2023-09-18,アイムジャグラーEX-TP,166,3326,-1251,9,6,1/221.7,1/369.6,1/554.3,6.151509610235653
2023-09-18,アイムジャグラーEX-TP,167,1563,-183,6,3,1/173.7,1/260.5,1/521.0,6.329491457555536
2023-09-18,アイムジャグラーEX-TP,168,6096,61,23,20,1/141.8,1/265.0,1/304.8,6.26042319125709
2023-09-18,アイムジャグラーEX-TP,169,5572,-1296,16,8,1/232.2,1/348.2,1/696.5,5.565183318257132
2023-09-18,アイムジャグラーEX-TP,170,2849,-658,9,7,1/178.1,1/316.6,1/407.0,6.301034732081949
2023-09-18,アイムジャグラーEX-TP,171,4125,-946,11,14,1/165.0,1/375.0,1/294.6,6.126916285900481
2023-09-18,アイムジャグラーEX-TP,172,907,-615,1,3,1/226.8,1/907.0,1/302.3,6.35829608320549
2023-09-18,アイムジャグラーEX-TP,173,7133,-272,30,10,1/178.3,1/237.8,1/713.3,6.154107266546922
2023-09-18,アイムジャグラーEX-TP,174,2367,-297,8,7,1/157.8,1/295.9,1/338.1,6.289392902998031
2023-09-18,アイムジャグラーEX-TP,175,6826,-174,27,18,1/151.7,1/252.8,1/379.2,6.36007496390965
2023-09-18,アイムジャグラーEX-TP,176,2567,-135,9,7,1/160.4,1/285.2,1/366.7,5.992067967931256
2023-09-18,アイムジャグラーEX-TP,177,4026,-270,15,12,1/149.1,1/268.4,1/335.5,6.445123781195635
2023-09-18,アイムジャグラーEX-TP,178,6379,1568,32,17,1/130.2,1/199.3,1/375.2,6.349709362186078
2023-09-18,マイジャグラーV,117,5800,-879,20,12,1/181.2,1/290.0,1/483.3,5.895751424954835
2023-09-18,マイジャグラーV,118,5445,-1,21,14,1/155.6,1/259.3,1/388.9,5.870631141432703
2023-09-18,マイジャグラーV,119,5681,-9,21,19,1/142.0,1/270.5,1/299.0,6.033234618766617
2023-09-18,マイジャグラーV,120,6037,344,23,22,1/134.2,1/262.5,1/274.4,6.020023826286034
2023-09-18,ファンキージャグラー2,113,1772,-490,5,3,1/221.5,1/354.4,1/590.7,5.650383178566936
2023-09-18,ファンキージャグラー2,114,5338,229,23,11,1/157.0,1/232.1,1/485.3,5.950366662920284
2023-09-18,ファンキージャグラー2,115,4657,751,22,10,1/145.5,1/211.7,1/465.7,5.903197542624482
2023-09-18,ファンキージャグラー2,116,3083,110,12,8,1/154.2,1/256.9,1/385.4,5.772081282530997
2023-09-18,ハッピージャグラーVIII,109,3500,-1524,10,5,1/233.3,1/350.0,1/700.0,6.539687729910897
2023-09-18,ハッピージャグラーVIII,110,4730,-374,17,12,1/163.1,1/278.2,1/394.2,6.168372777066954
2023-09-18,ハッピージャグラーVIII,111,3788,-140,15,9,1/157.8,1/252.5,1/420.9,6.315206318273895
2023-09-18,ハッピージャグラーVIII,112,4912,152,21,9,1/163.7,1/233.9,1/545.8,6.101642027394783
2023-09-18,ゴーゴージャグラー3,133,4369,-1197,12,14,1/168.0,1/364.1,1/312.1,6.444866894561575
2023-09-18,ゴーゴージャグラー3,134,2469,-634,7,5,1/205.8,1/352.7,1/493.8,5.9253735914750685
2023-09-18,ゴーゴージャグラー3,135,8237,2672,40,29,1/119.4,1/205.9,1/284.0,6.1361786742444036
2023-09-18,ゴーゴージャグラー3,136,2687,-1009,6,8,1/191.9,1/447.8,1/335.9,6.227536680425709
2023-09-18,ゴーゴージャグラー3,137,2362,-1418,5,6,1/214.7,1/472.4,1/393.7,7.083073097119443
2023-09-17,アイムジャグラーEX-TP,121,5626,1390,27,13,1/140.7,1/208.4,1/432.8,5.9280892636634555
2023-09-17,アイムジャグラーEX-TP,122,6856,695,27,25,1/131.8,1/253.9,1/274.2,6.187612601733701
2023-09-17,アイムジャグラーEX-TP,123,1412,-266,6,0,1/235.3,1/235.3,1/0.0,6.28782435844375
2023-09-17,アイムジャグラーEX-TP,124,5484,-465,18,18,1/152.3,1/304.7,1/304.7,6.12454565118394
2023-09-17,アイムジャグラーEX-TP,125,6490,2540,33,22,1/118.0,1/196.7,1/295.0,6.063970591704778
2023-09-17,アイムジャグラーEX-TP,126,3953,-361,14,12,1/152.0,1/282.4,1/329.4,6.359204619707177
2023-09-17,アイムジャグラーEX-TP,127,5321,-434,16,19,1/152.0,1/332.6,1/280.1,5.920905625048398
2023-09-17,アイムジャグラーEX-TP,128,3925,-615,10,16,1/151.0,1/392.5,1/245.3,5.955817695834494
2023-09-17,アイムジャグラーEX-TP,129,3056,-139,11,9,1/152.8,1/277.8,1/339.6,6.163548965040091
2023-09-17,アイムジャグラーEX-TP,130,3355,-261,11,7,1/186.4,1/305.0,1/479.3,5.602154834208777
2023-09-17,アイムジャグラーEX-TP,131,3163,-1359,8,5,1/243.3,1/395.4,1/632.6,6.094667508911307
2023-09-17,アイムジャグラーEX-TP,132,6044,171,23,24,1/128.6,1/262.8,1/251.8,6.545184334601605
2023-09-17,アイムジャグラーEX-TP,145,3201,-669,7,11,1/177.8,1/457.3,1/291.0,5.545675210124958
2023-09-17,アイムジャグラーEX-TP,146,3301,-46,11,11,1/150.0,1/300.1,1/300.1,5.883500557711652
2023-09-17,アイムジャグラーEX-TP,147,1161,-624,2,2,1/290.2,1/580.5,1/580.5,5.739074107907643
2023-09-17,アイムジャグラーEX-TP,148,2721,-36,8,8,1/170.1,1/340.1,1/340.1,5.3463554125040345
2023-09-17,アイムジャグラーEX-TP,149,1941,-615,6,4,1/194.1,1/323.5,1/485.2,6.459317580585229
2023-09-17,アイムジャグラーEX-TP,150,4622,1049,21,19,1/115.5,1/220.1,1/243.3,6.545704910105748
2023-09-17,アイムジャグラーEX-TP,151,2546,-853,4,9,1/195.8,1/636.5,1/282.9,5.472543255284965
2023-09-17,アイムジャグラーEX-TP,152,3849,1677,21,11,1/120.3,1/183.3,1/349.9,6.0560483260383835
2023-09-17,アイムジャグラーEX-TP,153,2841,-108,11,7,1/157.8,1/258.3,1/405.9,6.236319773190252
2023-09-17,アイムジャグラーEX-TP,154,2338,-800,6,7,1/179.8,1/389.7,1/334.0,6.368485183343322
2023-09-17,アイムジャグラーEX-TP,155,2048,-273,7,4,1/186.2,1/292.6,1/512.0,5.924962948006975
2023-09-17,アイムジャグラーEX-TP,156,4498,-1859,9,14,1/195.6,1/499.8,1/321.3,6.079781904246896
2023-09-17,アイムジャグラーEX-TP,157,5009,686,24,13,1/135.4,1/208.7,1/385.3,6.5885085493626026
2023-09-17,アイムジャグラーEX-TP,158,3889,-693,13,13,1/149.6,1/299.2,1/299.2,6.712207965017678
2023-09-17,アイムジャグラーEX-TP,159,4558,-286,17,10,1/168.8,1/268.1,1/455.8,6.062850638242724
2023-09-17,アイムジャグラーEX-TP,160,4655,-678,15,9,1/194.0,1/310.3,1/517.2,5.759953831278764
2023-09-17,アイムジャグラーEX-TP,161,6412,697,21,32,1/121.0,1/305.3,1/200.4,5.975533693580727
2023-09-17,アイムジャグラーEX-TP,162,6211,1170,28,16,1/141.2,1/221.8,1/388.2,5.976141005137076
2023-09-17,アイムジャグラーEX-TP,163,7061,687,29,23,1/135.8,1/243.5,1/307.0,6.233180960410217
2023-09-17,アイムジャグラーEX-TP,164,790,-506,1,1,1/395.0,1/790.0,1/790.0,5.5202639105409785
2023-09-17,アイムジャグラーEX-TP,165,5949,566,22,21,1/138.3,1/270.4,1/283.3,5.890663522101292
2023-09-17,アイムジャグラーEX-TP,166,3136,609,14,6,1/156.8,1/224.0,1/522.7,5.639258909309783
2023-09-17,アイムジャグラーEX-TP,167,3262,-496,12,6,1/181.2,1/271.8,1/543.7,6.2657269843347985
2023-09-17,アイムジャグラーEX-TP,168,3551,-2163,6,8,1/253.6,1/591.8,1/443.9,6.24960906944113
2023-09-17,アイムジャグラーEX-TP,169,6543,-527,25,13,1/172.2,1/261.7,1/503.3,6.160801031059909
2023-09-17,アイムジャグラーEX-TP,170,2084,-783,4,6,1/208.4,1/521.0,1/347.3,5.730157007951775
2023-09-17,アイムジャグラーEX-TP,171,2652,-508,7,9,1/165.8,1/378.9,1/294.7,5.924428949386968
2023-09-17,アイムジャグラーEX-TP,172,8001,3179,40,33,1/109.6,1/200.0,1/242.5,6.266178474374522
2023-09-17,アイムジャグラーEX-TP,173,1391,-830,3,1,1/347.8,1/463.7,1/1391.0,6.054759049318386
2023-09-17,アイムジャグラーEX-TP,174,5843,273,25,14,1/149.8,1/233.7,1/417.4,6.290215650833799
2023-09-17,アイムジャグラーEX-TP,175,2366,857,14,3,1/139.2,1/169.0,1/788.7,6.23502201323801
2023-09-17,アイムジャグラーEX-TP,176,3537,1569,21,6,1/131.0,1/168.4,1/589.5,6.067002243761652
2023-09-17,アイムジャグラーEX-TP,177,4336,1209,23,8,1/139.9,1/188.5,1/542.0,6.16013489445207
2023-09-17,アイムジャグラーEX-TP,178,4801,189,18,16,1/141.2,1/266.7,1/300.1,6.114984585679034
2023-09-17,マイジャグラーV,117,8079,454,29,33,1/130.3,1/278.6,1/244.8,5.975231594469351
2023-09-17,マイジャグラーV,118,2740,42,11,7,1/152.2,1/249.1,1/391.4,5.961134815143088
2023-09-17,マイジャグラーV,119,6507,244,25,20,1/144.6,1/260.3,1/325.4,5.899426400570729
2023-09-17,マイジャグラーV,120,4585,85,19,6,1/183.4,1/241.3,1/764.2,5.582757334349351
2023-09-17,ファンキージャグラー2,113,3264,273,13,8,1/155.4,1/251.1,1/408.0,5.610143014817635
2023-09-17,ファンキージャグラー2,114,1948,-810,4,5,1/216.4,1/487.0,1/389.6,5.809164762584683
2023-09-17,ファンキージャグラー2,115,3643,-1950,8,6,1/260.2,1/455.4,1/607.2,6.101469676644089
2023-09-17,ファンキージャグラー2,116,1211,-398,3,4,1/173.0,1/403.7,1/302.8,6.188415666579815
2023-09-17,ハッピージャグラーVIII,109,6569,1991,34,20,1/121.6,1/193.2,1/328.4,6.392961261090195
2023-09-17,ハッピージャグラーVIII,110,1856,-408,6,3,1/206.2,1/309.3,1/618.7,6.011003115293047
2023-09-17,ハッピージャグラーVIII,111,4800,-275,20,11,1/154.8,1/240.0,1/436.4,6.63930259658975
2023-09-17,ハッピージャグラーVIII,112,4691,-1301,14,14,1/167.5,1/335.1,1/335.1,6.655685825522742
2023-09-17,ゴーゴージャグラー3,133,6771,643,27,29,1/120.9,1/250.8,1/233.5,6.613991045299843
2023-09-17,ゴーゴージャグラー3,134,4389,961,23,7,1/146.3,1/190.8,1/627.0,6.199112375101665
2023-09-17,ゴーゴージャグラー3,135,8595,2472,44,28,1/119.4,1/195.3,1/307.0,6.509034622412804
2023-09-17,ゴーゴージャグラー3,136,2491,-927,6,7,1/191.6,1/415.2,1/355.9,6.339778870625404
2023-09-17,ゴーゴージャグラー3,137,1407,-646,3,4,1/201.0,1/469.0,1/351.8,6.461975813403214
2023-09-16,アイムジャグラーEX-TP,121,5952,1196,27,17,1/135.3,1/220.4,1/350.1,6.072260636117456
2023-09-16,アイムジャグラーEX-TP,122,4719,1291,22,16,1/124.2,1/214.5,1/294.9,6.118001904916839
2023-09-16,アイムジャグラーEX-TP,123,579,-773,0,0,1/0.0,1/0.0,1/0.0,6.704325134989674
2023-09-16,アイムジャグラーEX-TP,124,4246,-180,17,11,1/151.6,1/249.8,1/386.0,6.487089286732463
2023-09-16,アイムジャグラーEX-TP,125,1352,-1144,0,4,1/338.0,1/0.0,1/338.0,5.712810910860374
2023-09-16,アイムジャグラーEX-TP,126,2300,-1122,5,4,1/255.6,1/460.0,1/575.0,6.021167019973912
2023-09-16,アイムジャグラーEX-TP,127,2224,-529,7,5,1/185.3,1/317.7,1/444.8,6.223190473056495
2023-09-16,アイムジャグラーEX-TP,128,6421,1015,27,23,1/128.4,1/237.8,1/279.2,6.207731281205548
2023-09-16,アイムジャグラーEX-TP,129,1740,-280,7,0,1/248.6,1/248.6,1/0.0,5.896988756916464
2023-09-16,アイムジャグラーEX-TP,130,2083,-754,7,1,1/260.4,1/297.6,1/2083.0,6.268218608983888
2023-09-16,アイムジャグラーEX-TP,131,2404,-1401,5,3,1/300.5,1/480.8,1/801.3,6.134450204748758
2023-09-16,アイムジャグラーEX-TP,132,4258,-1224,11,13,1/177.4,1/387.1,1/327.5,6.149195365222346
2023-09-16,アイムジャグラーEX-TP,145,874,-404,2,2,1/218.5,1/437.0,1/437.0,6.2835223039159995
2023-09-16,アイムジャグラーEX-TP,146,2231,451,11,5,1/139.4,1/202.8,1/446.2,6.258762548103542
2023-09-16,アイムジャグラーEX-TP,147,2430,96,11,3,1/173.6,1/220.9,1/810.0,6.0934372176613385
2023-09-16,アイムジャグラーEX-TP,148,817,-200,3,2,1/163.4,1/272.3,1/408.5,7.093649985070342
2023-09-16,アイムジャグラーEX-TP,149,3663,792,17,11,1/130.8,1/215.5,1/333.0,6.189805284238292
2023-09-16,アイムジャグラーEX-TP,150,4443,-77,19,10,1/153.2,1/233.8,1/444.3,6.545765026306006
2023-09-16,アイムジャグラーEX-TP,151,698,-552,1,2,1/232.7,1/698.0,1/349.0,7.242379082100045
2023-09-16,アイムジャグラーEX-TP,152,2597,1258,15,8,1/112.9,1/173.1,1/324.6,6.308571546282385
2023-09-16,アイムジャグラーEX-TP,153,499,-487,1,0,1/499.0,1/499.0,1/0.0,7.627320849289185
2023-09-16,アイムジャグラーEX-TP,154,1425,-840,2,3,1/285.0,1/712.5,1/475.0,5.773303636269717
2023-09-16,アイムジャグラーEX-TP,155,2497,-194,8,7,1/166.5,1/312.1,1/356.7,5.802818552370832
2023-09-16,アイムジャグラーEX-TP,156,4336,352,16,17,1/131.4,1/271.0,1/255.1,6.111835395868694
2023-09-16,アイムジャグラーEX-TP,157,4589,404,19,13,1/143.4,1/241.5,1/353.0,6.12432096641331
2023-09-16,アイムジャグラーEX-TP,158,2785,-605,7,11,1/154.7,1/397.9,1/253.2,6.137958834462227
2023-09-16,アイムジャグラーEX-TP,159,3494,-880,10,13,1/151.9,1/349.4,1/268.8,6.650171171485131
2023-09-16,アイムジャグラーEX-TP,160,3225,543,17,4,1/153.6,1/189.7,1/806.2,6.378903926289541
2023-09-16,アイムジャグラーEX-TP,161,910,-556,1,2,1/303.3,1/910.0,1/455.0,5.587015775338114
2023-09-16,アイムジャグラーEX-TP,162,4494,-376,14,16,1/149.8,1/321.0,1/280.9,6.04766870983848
2023-09-16,アイムジャグラーEX-TP,163,800,-430,2,0,1/400.0,1/400.0,1/0.0,5.870719419972922
2023-09-16,アイムジャグラーEX-TP,164,4263,-781,11,16,1/157.9,1/387.5,1/266.4,5.97322540594498
2023-09-16,アイムジャグラーEX-TP,165,2276,-392,8,5,1/175.1,1/284.5,1/455.2,6.3305611539022
2023-09-16,アイムジャグラーEX-TP,166,1445,-589,4,1,1/289.0,1/361.2,1/1445.0,5.8854304235208685
2023-09-16,アイムジャグラーEX-TP,167,1667,-852,3,3,1/277.8,1/555.7,1/555.7,5.740334801669883
2023-09-16,アイムジャグラーEX-TP,168,5684,-1842,15,11,1/218.6,1/378.9,1/516.7,5.895905567425623
2023-09-16,アイムジャグラーEX-TP,169,5123,-543,19,11,1/170.8,1/269.6,1/465.7,6.220929177799595
2023-09-16,アイムジャグラーEX-TP,170,3358,-191,12,8,1/167.9,1/279.8,1/419.8,5.940604708978302
2023-09-16,アイムジャグラーEX-TP,171,1229,-190,4,3,1/175.6,1/307.2,1/409.7,6.044676206762551
2023-09-16,アイムジャグラーEX-TP,172,4591,-1628,14,9,1/199.6,1/327.9,1/510.1,6.552993052813941
2023-09-16,アイムジャグラーEX-TP,173,1958,479,10,4,1/139.9,1/195.8,1/489.5,6.1767765693350105
2023-09-16,アイムジャグラーEX-TP,174,2669,-734,7,6,1/205.3,1/381.3,1/444.8,5.7961319494976005
2023-09-16,アイムジャグラーEX-TP,175,3807,86,16,9,1/152.3,1/237.9,1/423.0,6.300288636627633
2023-09-16,アイムジャグラーEX-TP,176,3388,-1665,5,11,1/211.8,1/677.6,1/308.0,5.896085632603697
2023-09-16,アイムジャグラーEX-TP,177,1591,92,6,5,1/144.6,1/265.2,1/318.2,5.973323385553544
2023-09-16,アイムジャグラーEX-TP,178,3719,140,15,8,1/161.7,1/247.9,1/464.9,5.9360678627750305
2023-09-16,マイジャグラーV,117,4385,-500,12,12,1/182.7,1/365.4,1/365.4,5.329384160415496
2023-09-16,マイジャグラーV,118,4473,1985,25,13,1/117.7,1/178.9,1/344.1,5.881114812251137
2023-09-16,マイジャグラーV,119,3320,205,15,8,1/144.3,1/221.3,1/415.0,6.24117400242729
2023-09-16,マイジャグラーV,120,4152,-1528,12,6,1/230.7,1/346.0,1/692.0,5.999717614446961
2023-09-16,ファンキージャグラー2,113,1161,-271,4,2,1/193.5,1/290.2,1/580.5,6.1213163440003155
2023-09-16,ファンキージャグラー2,114,5492,-285,18,18,1/152.6,1/305.1,1/305.1,5.795067239188077
2023-09-16,ファンキージャグラー2,115,978,-381,3,1,1/244.5,1/326.0,1/978.0,6.116951037653493
2023-09-16,ファンキージャグラー2,116,723,-461,2,0,1/361.5,1/361.5,1/0.0,6.508016145370898
2023-09-16,ハッピージャグラーVIII,109,2186,-417,9,3,1/182.2,1/242.9,1/728.7,6.829820539904186
2023-09-16,ハッピージャグラーVIII,110,5588,1878,32,11,1/130.0,1/174.6,1/508.0,6.3727968703500215
2023-09-16,ハッピージャグラーVIII,111,1491,-37,6,3,1/165.7,1/248.5,1/497.0,6.161706677036737
2023-09-16,ハッピージャグラーVIII,112,2149,-1976,1,5,1/358.2,1/2149.0,1/429.8,6.522090375489474
2023-09-16,ゴーゴージャグラー3,133,6864,-1055,22,21,1/159.6,1/312.0,1/326.9,6.321403005189831
2023-09-16,ゴーゴージャグラー3,134,4683,1978,24,21,1/104.1,1/195.1,1/223.0,6.425251085843252
2023-09-16,ゴーゴージャグラー3,135,6241,-2150,13,29,1/148.6,1/480.1,1/215.2,6.712419695950564
2023-09-16,ゴーゴージャグラー3,136,3054,-688,8,13,1/145.4,1/381.8,1/234.9,6.55868636427307
2023-09-16,ゴーゴージャグラー3,137,1734,-938,3,5,1/216.8,1/578.0,1/346.8,6.406679499115155
2023-09-15,アイムジャグラーEX-TP,121,1593,-371,6,2,1/199.1,1/265.5,1/796.5,6.506642738995155
2023-09-15,アイムジャグラーEX-TP,122,2386,-315,7,8,1/159.1,1/340.9,1/298.2,5.970930776266796
2023-09-15,アイムジャグラーEX-TP,123,1396,-783,3,2,1/279.2,1/465.3,1/698.0,6.196579195322701
2023-09-15,アイムジャグラーEX-TP,124,1272,128,6,1,1/181.7,1/212.0,1/1272.0,5.844000203437365
2023-09-15,アイムジャグラーEX-TP,125,574,-418,0,3,1/191.3,1/0.0,1/191.3,6.1430971333890065
2023-09-15,アイムジャグラーEX-TP,126,1982,-323,7,2,1/220.2,1/283.1,1/991.0,5.789227206224979
2023-09-15,アイムジャグラーEX-TP,127,423,-490,0,1,1/423.0,1/0.0,1/423.0,6.988423832871265
2023-09-15,アイムジャグラーEX-TP,128,1468,-760,4,1,1/293.6,1/367.0,1/1468.0,6.3435689930323145
2023-09-15,アイムジャグラーEX-TP,129,592,-347,1,1,1/296.0,1/592.0,1/592.0,5.89593397669393
2023-09-15,アイムジャグラーEX-TP,130,2739,1959,17,12,1/94.4,1/161.1,1/228.2,6.31502775326737
2023-09-15,アイムジャグラーEX-TP,131,2200,-314,6,7,1/169.2,1/366.7,1/314.3,5.7253385919700825
2023-09-15,アイムジャグラーEX-TP,132,1270,-713,3,2,1/254.0,1/423.3,1/635.0,6.539159913611003
2023-09-15,アイムジャグラーEX-TP,145,2717,-518,7,12,1/143.0,1/388.1,1/226.4,6.30084608280666
2023-09-15,アイムジャグラーEX-TP,146,2024,810,10,6,1/126.5,1/202.4,1/337.3,5.694751847249198
2023-09-15,アイムジャグラーEX-TP,147,2008,-697,4,5,1/223.1,1/502.0,1/401.6,5.54195412448758
2023-09-15,アイムジャグラーEX-TP,148,2603,-77,10,6,1/162.7,1/260.3,1/433.8,6.0885026428264934
2023-09-15,アイムジャグラーEX-TP,149,653,-392,1,1,1/326.5,1/653.0,1/653.0,5.724975675428772
2023-09-15,アイムジャグラーEX-TP,150,1899,-473,6,5,1/172.6,1/316.5,1/379.8,6.479764419105157
2023-09-15,アイムジャグラーEX-TP,151,5031,1385,20,24,1/114.3,1/251.6,1/209.6,5.924069885702544
2023-09-15,アイムジャグラーEX-TP,152,1289,-562,2,6,1/161.1,1/644.5,1/214.8,6.353648512418154
2023-09-15,アイムジャグラーEX-TP,153,2700,1119,13,11,1/112.5,1/207.7,1/245.5,5.948014354541309
2023-09-15,アイムジャグラーEX-TP,154,2732,1064,14,8,1/124.2,1/195.1,1/341.5,5.920034719313429
2023-09-15,アイムジャグラーEX-TP,155,2544,538,11,9,1/127.2,1/231.3,1/282.7,6.076954306941038
2023-09-15,アイムジャグラーEX-TP,156,2048,-673,4,6,1/204.8,1/512.0,1/341.3,5.594674263476705
2023-09-15,アイムジャグラーEX-TP,157,3482,1836,20,11,1/112.3,1/174.1,1/316.5,6.099595462987061
2023-09-15,アイムジャグラーEX-TP,158,2084,-848,4,6,1/208.4,1/521.0,1/347.3,5.861096622427762
2023-09-15,アイムジャグラーEX-TP,159,6795,2741,31,35,1/103.0,1/219.2,1/194.1,6.178371915803565
2023-09-15,アイムジャグラーEX-TP,160,502,-255,1,1,1/251.0,1/502.0,1/502.0,6.014527359989112
2023-09-15,アイムジャグラーEX-TP,161,3151,1115,16,10,1/121.2,1/196.9,1/315.1,6.134473181138436
2023-09-15,アイムジャグラーEX-TP,162,3192,-135,11,10,1/152.0,1/290.2,1/319.2,6.052407592563298
2023-09-15,アイムジャグラーEX-TP,163,2715,-535,8,9,1/159.7,1/339.4,1/301.7,6.2735786329537095
2023-09-15,アイムジャグラーEX-TP,164,1412,-653,2,4,1/235.3,1/706.0,1/353.0,5.554987729850403
2023-09-15,アイムジャグラーEX-TP,165,5481,3533,34,17,1/107.5,1/161.2,1/322.4,6.065592795939369
2023-09-15,アイムジャグラーEX-TP,166,727,-376,2,1,1/242.3,1/363.5,1/727.0,6.728844148399984
2023-09-15,アイムジャグラーEX-TP,167,1502,-507,3,5,1/187.8,1/500.7,1/300.4,5.831490577134314
2023-09-15,アイムジャグラーEX-TP,168,6744,485,25,21,1/146.6,1/269.8,1/321.1,5.8298187726838
2023-09-15,アイムジャグラーEX-TP,169,6120,14,27,12,1/156.9,1/226.7,1/510.0,6.475703599216165
2023-09-15,アイムジャグラーEX-TP,170,367,-476,0,0,1/0.0,1/0.0,1/0.0,6.497106928571478
2023-09-15,アイムジャグラーEX-TP,171,4137,1625,21,13,1/121.7,1/197.0,1/318.2,5.9416607333839115
2023-09-15,アイムジャグラーEX-TP,172,439,-337,1,0,1/439.0,1/439.0,1/0.0,6.7320643008751215
2023-09-15,アイムジャグラーEX-TP,173,6606,361,25,21,1/143.6,1/264.2,1/314.6,6.018050105487144
2023-09-15,アイムジャグラーEX-TP,174,748,-493,1,1,1/374.0,1/748.0,1/748.0,5.689925530437222
2023-09-15,アイムジャグラーEX-TP,175,3772,256,15,7,1/171.5,1/251.5,1/538.9,5.632663883565251
2023-09-15,アイムジャグラーEX-TP,176,908,28,4,0,1/227.0,1/227.0,1/0.0,5.508394477725339
2023-09-15,アイムジャグラーEX-TP,177,4005,2127,21,18,1/102.7,1/190.7,1/222.5,6.088741005709506
2023-09-15,アイムジャグラーEX-TP,178,3484,18,13,10,1/151.5,1/268.0,1/348.4,6.048720219102564
2023-09-15,マイジャグラーV,117,3474,-169,11,13,1/144.8,1/315.8,1/267.2,5.848409503444907
2023-09-15,マイジャグラーV,118,7014,-442,21,28,1/143.1,1/334.0,1/250.5,5.835342860118469
2023-09-15,マイジャグラーV,119,6011,1628,26,22,1/125.2,1/231.2,1/273.2,5.642134305410529
2023-09-15,マイジャグラーV,120,2197,-217,8,3,1/199.7,1/274.6,1/732.3,5.592421881437532
2023-09-15,ファンキージャグラー2,113,1219,-95,4,4,1/152.4,1/304.8,1/304.8,5.912147261936799
2023-09-15,ファンキージャグラー2,114,728,-621,1,1,1/364.0,1/728.0,1/728.0,6.577865482650881
2023-09-15,ファンキージャグラー2,115,845,-476,2,1,1/281.7,1/422.5,1/845.0,6.218942660152722
2023-09-15,ファンキージャグラー2,116,534,60,3,1,1/133.5,1/178.0,1/534.0,7.151875910935036
2023-09-15,ハッピージャグラーVIII,109,7416,1174,32,26,1/127.9,1/231.8,1/285.2,6.3052479711359775
2023-09-15,ハッピージャグラーVIII,110,600,392,3,4,1/85.7,1/200.0,1/150.0,6.167446163334531
2023-09-15,ハッピージャグラーVIII,111,1387,-249,4,4,1/173.4,1/346.8,1/346.8,5.999212468197442
2023-09-15,ハッピージャグラーVIII,112,348,-186,1,0,1/348.0,1/348.0,1/0.0,6.364237375081267
2023-09-15,ゴーゴージャグラー3,133,4646,811,23,14,1/125.6,1/202.0,1/331.9,6.780534451620445
2023-09-15,ゴーゴージャグラー3,134,1545,-821,3,5,1/193.1,1/515.0,1/309.0,6.8156872195111715
2023-09-15,ゴーゴージャグラー3,135,3916,1231,19,18,1/105.8,1/206.1,1/217.6,6.712728394112581
2023-09-15,ゴーゴージャグラー3,136,4399,2985,28,18,1/95.6,1/157.1,1/244.4,6.443486193349589
2023-09-15,ゴーゴージャグラー3,137,2337,-866,5,10,1/155.8,1/467.4,1/233.7,6.737391742176134
2023-09-14,アイムジャグラーEX-TP,121,2611,-585,7,7,1/186.5,1/373.0,1/373.0,5.81685562127694
2023-09-14,アイムジャグラーEX-TP,122,2460,352,13,4,1/144.7,1/189.2,1/615.0,6.729545975861445
2023-09-14,アイムジャグラーEX-TP,123,674,-635,0,2,1/337.0,1/0.0,1/337.0,6.137122250564678
2023-09-14,アイムジャグラーEX-TP,124,773,-226,2,1,1/257.7,1/386.5,1/773.0,5.46946204055369
2023-09-14,アイムジャグラーEX-TP,125,4540,2420,26,15,1/110.7,1/174.6,1/302.7,6.117235195633965
2023-09-14,アイムジャグラーEX-TP,126,662,-243,2,1,1/220.7,1/331.0,1/662.0,6.357759583146098
2023-09-14,アイムジャグラーEX-TP,127,1205,-548,2,6,1/150.6,1/602.5,1/200.8,6.766690139500512
2023-09-14,アイムジャグラーEX-TP,128,216,22,1,1,1/108.0,1/216.0,1/216.0,7.797231549620355
2023-09-14,アイムジャグラーEX-TP,129,4527,956,23,8,1/146.0,1/196.8,1/565.9,6.179198138274621
2023-09-14,アイムジャグラーEX-TP,130,325,-195,1,0,1/325.0,1/325.0,1/0.0,6.924949527771712
2023-09-14,アイムジャグラーEX-TP,131,2619,-822,4,15,1/137.8,1/654.8,1/174.6,6.224746726606771
2023-09-14,アイムジャグラーEX-TP,132,568,-329,1,0,1/568.0,1/568.0,1/0.0,5.30942993080822
2023-09-14,アイムジャグラーEX-TP,145,361,-137,1,0,1/361.0,1/361.0,1/0.0,5.506474378344211
2023-09-14,アイムジャグラーEX-TP,146,7094,1788,32,24,1/126.7,1/221.7,1/295.6,6.03879456466948
2023-09-14,アイムジャグラーEX-TP,147,0,0,0,0,1/0.0,1/0.0,1/0.0,0.0
2023-09-14,アイムジャグラーEX-TP,148,1439,-136,5,4,1/159.9,1/287.8,1/359.8,6.172645947366247
2023-09-14,アイムジャグラーEX-TP,149,555,73,3,0,1/185.0,1/185.0,1/0.0,6.145604314989351
2023-09-14,アイムジャグラーEX-TP,150,2754,-364,9,7,1/172.1,1/306.0,1/393.4,6.001645418430186
2023-09-14,アイムジャグラーEX-TP,151,628,-269,1,2,1/209.3,1/628.0,1/314.0,5.728391944603896
2023-09-14,アイムジャグラーEX-TP,152,2443,835,12,8,1/122.2,1/203.6,1/305.4,6.042008853434964
2023-09-14,アイムジャグラーEX-TP,153,389,-333,0,2,1/194.5,1/0.0,1/194.5,6.76497502872071
2023-09-14,アイムジャグラーEX-TP,154,4330,532,20,10,1/144.3,1/216.5,1/433.0,6.2957486830180684
2023-09-14,アイムジャグラーEX-TP,155,538,-168,2,1,1/179.3,1/269.0,1/538.0,7.23986576912068
2023-09-14,アイムジャグラーEX-TP,156,3109,-549,11,5,1/194.3,1/282.6,1/621.8,6.108734771586371
2023-09-14,アイムジャグラーEX-TP,157,4962,1312,23,14,1/134.1,1/215.7,1/354.4,5.88500940682343
2023-09-14,アイムジャグラーEX-TP,158,2706,622,12,9,1/128.9,1/225.5,1/300.7,6.027759905991894
2023-09-14,アイムジャグラーEX-TP,159,2872,183,12,9,1/136.8,1/239.3,1/319.1,6.4320977084017015
2023-09-14,アイムジャグラーEX-TP,160,815,304,4,2,1/135.8,1/203.8,1/407.5,5.577031117096439
2023-09-14,アイムジャグラーEX-TP,161,3878,330,14,14,1/138.5,1/277.0,1/277.0,5.87150411583657
2023-09-14,アイムジャグラーEX-TP,162,2752,-264,8,10,1/152.9,1/344.0,1/275.2,5.900140381319727
2023-09-14,アイムジャグラーEX-TP,163,897,72,4,1,1/179.4,1/224.2,1/897.0,5.788716494415243
2023-09-14,アイムジャグラーEX-TP,164,2395,273,11,4,1/159.7,1/217.7,1/598.8,6.018388627331199
2023-09-14,アイムジャグラーEX-TP,165,4184,347,16,14,1/139.5,1/261.5,1/298.9,6.007188583194522
2023-09-14,アイムジャグラーEX-TP,166,447,-564,0,0,1/0.0,1/0.0,1/0.0,6.316246403130823
2023-09-14,アイムジャグラーEX-TP,167,4260,1604,22,16,1/112.1,1/193.6,1/266.2,6.402232425383561
2023-09-14,アイムジャグラーEX-TP,168,3280,-1115,8,8,1/205.0,1/410.0,1/410.0,5.955664436076654
2023-09-14,アイムジャグラーEX-TP,169,3100,-300,12,6,1/172.2,1/258.3,1/516.7,6.2764280645419275
2023-09-14,アイムジャグラーEX-TP,170,776,-150,3,1,1/194.0,1/258.7,1/776.0,6.446679810361276
2023-09-14,アイムジャグラーEX-TP,171,2479,-861,7,5,1/206.6,1/354.1,1/495.8,6.252787774783412
2023-09-14,アイムジャグラーEX-TP,172,916,258,3,6,1/101.8,1/305.3,1/152.7,5.868544976919512
2023-09-14,アイムジャグラーEX-TP,173,859,134,4,1,1/171.8,1/214.8,1/859.0,5.700175670256716
2023-09-14,アイムジャグラーEX-TP,174,4686,1545,22,18,1/117.2,1/213.0,1/260.3,6.094908574030195
2023-09-14,アイムジャグラーEX-TP,175,1336,-344,4,3,1/190.9,1/334.0,1/445.3,6.13165554837493
2023-09-14,アイムジャグラーEX-TP,176,3552,-423,11,13,1/148.0,1/322.9,1/273.2,6.237607759415468
2023-09-14,アイムジャグラーEX-TP,177,376,46,2,0,1/188.0,1/188.0,1/0.0,6.087241174876403
2023-09-14,アイムジャグラーEX-TP,178,5383,2650,31,15,1/117.0,1/173.6,1/358.9,6.114920380737685
2023-09-14,マイジャグラーV,117,3084,75,12,7,1/162.3,1/257.0,1/440.6,5.682953497270509
2023-09-14,マイジャグラーV,118,2046,-15,7,7,1/146.1,1/292.3,1/292.3,5.802271065896975
2023-09-14,マイジャグラーV,119,1784,-1065,3,1,1/446.0,1/594.7,1/1784.0,5.413308041290068
2023-09-14,マイジャグラーV,120,2469,424,12,5,1/145.2,1/205.8,1/493.8,5.941114799479691
2023-09-14,ファンキージャグラー2,113,886,-515,1,3,1/221.5,1/886.0,1/295.3,5.904559722938864
2023-09-14,ファンキージャグラー2,114,552,-491,0,1,1/552.0,1/0.0,1/552.0,5.454596658763101
2023-09-14,ファンキージャグラー2,115,1020,59,4,3,1/145.7,1/255.0,1/340.0,5.847265973211496
2023-09-14,ファンキージャグラー2,116,2332,-512,8,5,1/179.4,1/291.5,1/466.4,6.229717354624791
2023-09-14,ハッピージャグラーVIII,109,4120,-870,8,20,1/147.1,1/515.0,1/206.0,5.974005824655679
2023-09-14,ハッピージャグラーVIII,110,1183,283,6,3,1/131.4,1/197.2,1/394.3,6.34361039775657
2023-09-14,ハッピージャグラーVIII,111,314,24,1,1,1/157.0,1/314.0,1/314.0,5.374248364726617
2023-09-14,ハッピージャグラーVIII,112,88,-125,0,0,1/0.0,1/0.0,1/0.0,7.548270331008808
2023-09-14,ゴーゴージャグラー3,133,1609,-837,4,1,1/321.8,1/402.2,1/1609.0,6.13155977934959
2023-09-14,ゴーゴージャグラー3,134,1212,-444,4,2,1/202.0,1/303.0,1/606.0,6.867227093590616
2023-09-14,ゴーゴージャグラー3,135,909,-49,4,2,1/151.5,1/227.2,1/454.5,6.8903262264368506
2023-09-14,ゴーゴージャグラー3,136,468,-183,1,1,1/234.0,1/468.0,1/468.0,5.8283222838056705
2023-09-14,ゴーゴージャグラー3,137,6879,1773,31,29,1/114.7,1/221.9,1/237.2,6.377576075384172
2023-09-13,アイムジャグラーEX-TP,121,3833,1538,19,13,1/119.8,1/201.7,1/294.8,5.877650532104484
2023-09-13,アイムジャグラーEX-TP,122,2916,-937,7,6,1/224.3,1/416.6,1/486.0,5.68236746759662
2023-09-13,アイムジャグラーEX-TP,123,1182,-525,1,6,1/168.9,1/1182.0,1/197.0,5.763308525264429
2023-09-13,アイムジャグラーEX-TP,124,2455,-594,7,9,1/153.4,1/350.7,1/272.8,6.553163910244877
2023-09-13,アイムジャグラーEX-TP,125,1657,-825,1,8,1/184.1,1/1657.0,1/207.1,5.638029074332599
2023-09-13,アイムジャグラーEX-TP,126,4293,-758,12,14,1/165.1,1/357.8,1/306.6,5.975386751444316
2023-09-13,アイムジャグラーEX-TP,127,21,-54,0,0,1/0.0,1/0.0,1/0.0,-185.5779427359496
2023-09-13,アイムジャグラーEX-TP,128,453,321,3,1,1/113.2,1/151.0,1/453.0,5.870451954821624
2023-09-13,アイムジャグラーEX-TP,129,4660,285,19,13,1/145.6,1/245.3,1/358.5,6.156924412786637
2023-09-13,アイムジャグラーEX-TP,130,280,-273,0,1,1/280.0,1/0.0,1/280.0,6.594449593087131
2023-09-13,アイムジャグラーEX-TP,131,3725,782,17,12,1/128.4,1/219.1,1/310.4,6.226829611792697
2023-09-13,アイムジャグラーEX-TP,132,5172,1801,25,17,1/123.1,1/206.9,1/304.2,5.930367169762539
2023-09-13,アイムジャグラーEX-TP,145,2643,987,13,11,1/110.1,1/203.3,1/240.3,6.301578527539257
2023-09-13,アイムジャグラーEX-TP,146,3348,1111,15,16,1/108.0,1/223.2,1/209.2,6.253465158421024
2023-09-13,アイムジャグラーEX-TP,147,2737,593,13,6,1/144.1,1/210.5,1/456.2,5.957670760132834
2023-09-13,アイムジャグラーEX-TP,148,2423,589,12,6,1/134.6,1/201.9,1/403.8,6.1957041651752744
2023-09-13,アイムジャグラーEX-TP,149,1150,-80,3,4,1/164.3,1/383.3,1/287.5,5.4347248197975215
2023-09-13,アイムジャグラーEX-TP,150,644,-675,0,1,1/644.0,1/0.0,1/644.0,6.004745427232509
2023-09-13,アイムジャグラーEX-TP,151,2744,1135,13,12,1/109.8,1/211.1,1/228.7,5.992149367163296
2023-09-13,アイムジャグラーEX-TP,152,5247,90,17,17,1/154.3,1/308.6,1/308.6,5.622592676818966
2023-09-13,アイムジャグラーEX-TP,153,4811,-723,13,20,1/145.8,1/370.1,1/240.6,6.138928977517165
2023-09-13,アイムジャグラーEX-TP,154,259,-219,0,1,1/259.0,1/0.0,1/259.0,6.083652333597428
2023-09-13,アイムジャグラーEX-TP,155,3212,13,11,11,1/146.0,1/292.0,1/292.0,5.944757654699084
2023-09-13,アイムジャグラーEX-TP,156,370,-339,0,1,1/370.0,1/0.0,1/370.0,5.905491388756104
2023-09-13,アイムジャグラーEX-TP,157,4724,2376,26,16,1/112.5,1/181.7,1/295.2,6.03389562581652
2023-09-13,アイムジャグラーEX-TP,158,601,-265,2,0,1/300.5,1/300.5,1/0.0,6.393444262250785
2023-09-13,アイムジャグラーEX-TP,159,1255,942,8,5,1/96.5,1/156.9,1/251.0,6.164078940485695
2023-09-13,アイムジャグラーEX-TP,160,1374,628,8,1,1/152.7,1/171.8,1/1374.0,5.505189041340243
2023-09-13,アイムジャグラーEX-TP,161,1882,-359,5,5,1/188.2,1/376.4,1/376.4,5.645721440104145
2023-09-13,アイムジャグラーEX-TP,162,693,-453,0,3,1/231.0,1/0.0,1/231.0,5.470823576833928
2023-09-13,アイムジャグラーEX-TP,163,1603,-1021,3,3,1/267.2,1/534.3,1/534.3,6.436468363212118
2023-09-13,アイムジャグラーEX-TP,164,1343,-456,4,2,1/223.8,1/335.8,1/671.5,6.160431206331693
2023-09-13,アイムジャグラーEX-TP,165,617,-260,1,3,1/154.2,1/617.0,1/205.7,6.469425724701505
2023-09-13,アイムジャグラーEX-TP,166,6332,-416,21,22,1/147.3,1/301.5,1/287.8,6.1613519313916525
2023-09-13,アイムジャグラーEX-TP,167,1151,-611,2,3,1/230.2,1/575.5,1/383.7,6.094597364475825
2023-09-13,アイムジャグラーEX-TP,168,3201,-1303,8,6,1/228.6,1/400.1,1/533.5,6.084608100865885
2023-09-13,アイムジャグラーEX-TP,169,1578,-891,3,5,1/197.2,1/526.0,1/315.6,6.755538385585582
2023-09-13,アイムジャグラーEX-TP,170,1308,-259,5,2,1/186.9,1/261.6,1/654.0,6.5347209257001735
2023-09-13,アイムジャグラーEX-TP,171,3018,-209,11,8,1/158.8,1/274.4,1/377.2,6.197571049104415
2023-09-13,アイムジャグラーEX-TP,172,1314,-215,4,3,1/187.7,1/328.5,1/438.0,5.787072464056621
2023-09-13,アイムジャグラーEX-TP,173,2456,-833,7,6,1/188.9,1/350.9,1/409.3,6.449783250779522
2023-09-13,アイムジャグラーEX-TP,174,508,-127,2,0,1/254.0,1/254.0,1/0.0,6.2056549152573846
2023-09-13,アイムジャグラーEX-TP,175,483,-552,0,1,1/483.0,1/0.0,1/483.0,6.7325452491857165
2023-09-13,アイムジャグラーEX-TP,176,326,-298,0,1,1/326.0,1/0.0,1/326.0,6.051292312872601
2023-09-13,アイムジャグラーEX-TP,177,8380,1061,34,33,1/125.1,1/246.5,1/253.9,6.346939224535056
2023-09-13,アイムジャグラーEX-TP,178,1512,-347,5,2,1/216.0,1/302.4,1/756.0,5.96135222235623
2023-09-13,マイジャグラーV,117,2715,-827,7,8,1/181.0,1/387.9,1/339.4,6.022227425897454
2023-09-13,マイジャグラーV,118,6544,642,25,22,1/139.2,1/261.8,1/297.5,5.737181386433892
2023-09-13,マイジャグラーV,119,3408,157,15,6,1/162.3,1/227.2,1/568.0,5.900281809439838
2023-09-13,マイジャグラーV,120,3723,956,20,7,1/137.9,1/186.2,1/531.9,6.047005368091769
2023-09-13,ファンキージャグラー2,113,2416,-892,6,7,1/185.8,1/402.7,1/345.1,6.204637735574313
2023-09-13,ファンキージャグラー2,114,564,-194,2,0,1/282.0,1/282.0,1/0.0,5.986571610382455
2023-09-13,ファンキージャグラー2,115,538,-410,1,0,1/538.0,1/538.0,1/0.0,6.0518235196022
2023-09-13,ファンキージャグラー2,116,4693,242,21,10,1/151.4,1/223.5,1/469.3,6.122196957487927
2023-09-13,ハッピージャグラーVIII,109,4055,-630,13,13,1/156.0,1/311.9,1/311.9,6.401684171806285
2023-09-13,ハッピージャグラーVIII,110,800,711,6,2,1/100.0,1/133.3,1/400.0,6.00578056379265
2023-09-13,ハッピージャグラーVIII,111,1801,737,10,7,1/105.9,1/180.1,1/257.3,6.741782388197801
2023-09-13,ハッピージャグラーVIII,112,591,876,6,2,1/73.9,1/98.5,1/295.5,6.63805060334236
2023-09-13,ゴーゴージャグラー3,133,3725,20,11,20,1/120.2,1/338.6,1/186.2,6.329090400330896
2023-09-13,ゴーゴージャグラー3,134,1950,-92,8,2,1/195.0,1/243.8,1/975.0,5.918989522250278
2023-09-13,ゴーゴージャグラー3,135,1915,-573,6,4,1/191.5,1/319.2,1/478.8,6.5031691276053785
2023-09-13,ゴーゴージャグラー3,136,1067,-641,2,3,1/213.4,1/533.5,1/355.7,6.889537612428158
2023-09-13,ゴーゴージャグラー3,137,1776,-339,7,3,1/177.6,1/253.7,1/592.0,6.762452851310567
2023-09-12,アイムジャグラーEX-TP,121,4507,-463,14,14,1/161.0,1/321.9,1/321.9,5.929153158011419
2023-09-12,アイムジャグラーEX-TP,122,2341,-1496,1,12,1/180.1,1/2341.0,1/195.1,6.183823218837684
2023-09-12,アイムジャグラーEX-TP,123,4440,1579,23,14,1/120.0,1/193.0,1/317.1,6.239799280835026
2023-09-12,アイムジャグラーEX-TP,124,1691,93,7,4,1/153.7,1/241.6,1/422.8,6.070072035709398
2023-09-12,アイムジャグラーEX-TP,125,522,-498,0,1,1/522.0,1/0.0,1/522.0,5.747845961692258
2023-09-12,アイムジャグラーEX-TP,126,1957,-985,4,3,1/279.6,1/489.2,1/652.3,5.858903765874015
2023-09-12,アイムジャグラーEX-TP,127,784,264,4,2,1/130.7,1/196.0,1/392.0,5.969337402025585
2023-09-12,アイムジャグラーEX-TP,128,5386,1664,27,17,1/122.4,1/199.5,1/316.8,6.264127724750182
2023-09-12,アイムジャグラーEX-TP,129,2641,-200,9,8,1/155.4,1/293.4,1/330.1,6.116889472995346
2023-09-12,アイムジャグラーEX-TP,130,1120,-157,4,2,1/186.7,1/280.0,1/560.0,6.057252938443708
2023-09-12,アイムジャグラーEX-TP,131,1313,-744,2,4,1/218.8,1/656.5,1/328.2,6.207362205777887
2023-09-12,アイムジャグラーEX-TP,132,2654,-444,8,5,1/204.2,1/331.8,1/530.8,5.61706305445349
2023-09-12,アイムジャグラーEX-TP,145,605,-459,1,1,1/302.5,1/605.0,1/605.0,6.683849499595102
2023-09-12,アイムジャグラーEX-TP,146,763,-671,0,3,1/254.3,1/0.0,1/254.3,6.277522266075291
2023-09-12,アイムジャグラーEX-TP,147,1465,158,7,3,1/146.5,1/209.3,1/488.3,6.448457894210957
2023-09-12,アイムジャグラーEX-TP,148,281,-414,0,0,1/0.0,1/0.0,1/0.0,7.58286369950919
2023-09-12,アイムジャグラーEX-TP,149,6074,1274,26,20,1/132.0,1/233.6,1/303.7,5.930543358647726
2023-09-12,アイムジャグラーEX-TP,150,2602,242,9,11,1/130.1,1/289.1,1/236.5,5.927632581913642
2023-09-12,アイムジャグラーEX-TP,151,2571,-552,7,8,1/171.4,1/367.3,1/321.4,6.0007689666836885
2023-09-12,アイムジャグラーEX-TP,152,595,-395,1,1,1/297.5,1/595.0,1/595.0,6.239755527427134
2023-09-12,アイムジャグラーEX-TP,153,1920,-584,5,5,1/192.0,1/384.0,1/384.0,6.0523089716339
2023-09-12,アイムジャグラーEX-TP,154,1525,-152,5,3,1/190.6,1/305.0,1/508.3,5.643737671671397
2023-09-12,アイムジャグラーEX-TP,155,2254,-738,7,2,1/250.4,1/322.0,1/1127.0,5.987548184289294
2023-09-12,アイムジャグラーEX-TP,156,1251,426,7,2,1/139.0,1/178.7,1/625.5,6.103636230306442
2023-09-12,アイムジャグラーEX-TP,157,4307,-630,13,15,1/153.8,1/331.3,1/287.1,6.192139367330416
2023-09-12,アイムジャグラーEX-TP,158,2897,563,12,10,1/131.7,1/241.4,1/289.7,5.9121799846360865
2023-09-12,アイムジャグラーEX-TP,159,2351,-384,8,4,1/195.9,1/293.9,1/587.8,5.934844844828673
2023-09-12,アイムジャグラーEX-TP,160,2764,-1015,6,8,1/197.4,1/460.7,1/345.5,5.9701226894772
2023-09-12,アイムジャグラーEX-TP,161,3369,-110,13,7,1/168.4,1/259.2,1/481.3,6.0229143196548875
2023-09-12,アイムジャグラーEX-TP,162,532,-134,1,1,1/266.0,1/532.0,1/532.0,4.922699734377785
2023-09-12,アイムジャグラーEX-TP,163,540,-124,2,1,1/180.0,1/270.0,1/540.0,6.712840233780877
2023-09-12,アイムジャグラーEX-TP,164,3009,524,14,6,1/150.4,1/214.9,1/501.5,5.95441447505692
2023-09-12,アイムジャグラーEX-TP,165,1099,-656,2,1,1/366.3,1/549.5,1/1099.0,5.765723492584645
2023-09-12,アイムジャグラーEX-TP,166,2499,558,11,11,1/113.6,1/227.2,1/227.2,6.523161294677586
2023-09-12,アイムジャグラーEX-TP,167,1133,-285,3,3,1/188.8,1/377.7,1/377.7,5.885383481302505
2023-09-12,アイムジャグラーEX-TP,168,5247,-413,17,18,1/149.9,1/308.6,1/291.5,6.11240585051483
2023-09-12,アイムジャグラーEX-TP,169,6543,1186,30,19,1/133.5,1/218.1,1/344.4,6.245147256668497
2023-09-12,アイムジャグラーEX-TP,170,3623,1299,19,11,1/120.8,1/190.7,1/329.4,6.249779843181759
2023-09-12,アイムジャグラーEX-TP,171,1417,-1478,0,5,1/283.4,1/0.0,1/283.4,6.961522432388362
2023-09-12,アイムジャグラーEX-TP,172,5318,857,25,11,1/147.7,1/212.7,1/483.5,6.100717686684944
2023-09-12,アイムジャグラーEX-TP,173,576,-124,2,1,1/192.0,1/288.0,1/576.0,6.273123293337453
2023-09-12,アイムジャグラーEX-TP,174,1609,-60,4,8,1/134.1,1/402.2,1/201.1,5.74369293253756
2023-09-12,アイムジャグラーEX-TP,175,2311,161,10,5,1/154.1,1/231.1,1/462.2,6.131604937112047
2023-09-12,アイムジャグラーEX-TP,176,526,-603,0,1,1/526.0,1/0.0,1/526.0,6.661956013612174
2023-09-12,アイムジャグラーEX-TP,177,2795,-1573,5,5,1/279.5,1/559.0,1/559.0,5.944983274284087
2023-09-12,アイムジャグラーEX-TP,178,3816,-847,14,4,1/212.0,1/272.6,1/954.0,6.226939233852148
2023-09-12,マイジャグラーV,117,7634,-371,20,36,1/136.3,1/381.7,1/212.1,5.690079599454472
2023-09-12,マイジャグラーV,118,3545,268,15,9,1/147.7,1/236.3,1/393.9,5.917296990419143
2023-09-12,マイジャグラーV,119,2228,-688,6,7,1/171.4,1/371.3,1/318.3,6.258930581647503
2023-09-12,マイジャグラーV,120,2742,-515,9,7,1/171.4,1/304.7,1/391.7,6.087054773053724
2023-09-12,ファンキージャグラー2,113,887,-387,2,2,1/221.8,1/443.5,1/443.5,5.978313113138312
2023-09-12,ファンキージャグラー2,114,3063,519,14,9,1/133.2,1/218.8,1/340.3,6.038951384297263
2023-09-12,ファンキージャグラー2,115,4160,918,20,11,1/134.2,1/208.0,1/378.2,5.93793501886472
2023-09-12,ファンキージャグラー2,116,234,-289,0,0,1/0.0,1/0.0,1/0.0,6.184018145072046
2023-09-12,ハッピージャグラーVIII,109,747,-151,3,0,1/249.0,1/249.0,1/0.0,6.081303238751905
2023-09-12,ハッピージャグラーVIII,110,4943,340,19,14,1/149.8,1/260.2,1/353.1,5.896788691252456
2023-09-12,ハッピージャグラーVIII,111,1243,-283,4,2,1/207.2,1/310.8,1/621.5,6.0273501316422005
2023-09-12,ハッピージャグラーVIII,112,1647,-1026,4,2,1/274.5,1/411.8,1/823.5,6.9025705002807705
2023-09-12,ゴーゴージャグラー3,133,701,-692,0,2,1/350.5,1/0.0,1/350.5,6.556838070068139
2023-09-12,ゴーゴージャグラー3,134,8368,-382,29,34,1/132.8,1/288.6,1/246.1,6.583759655636639
2023-09-12,ゴーゴージャグラー3,135,2672,-161,9,8,1/157.2,1/296.9,1/334.0,6.0325191614888665
2023-09-12,ゴーゴージャグラー3,136,2024,-215,9,2,1/184.0,1/224.9,1/1012.0,6.5916873091130075
2023-09-12,ゴーゴージャグラー3,137,685,-736,1,0,1/685.0,1/685.0,1/0.0,7.576328397889966
2023-09-11,アイムジャグラーEX-TP,121,3952,-244,14,9,1/171.8,1/282.3,1/439.1,5.884049124484905
2023-09-11,アイムジャグラーEX-TP,122,338,-205,1,0,1/338.0,1/338.0,1/0.0,6.788474936970618
2023-09-11,アイムジャグラーEX-TP,123,2653,-871,6,7,1/204.1,1/442.2,1/379.0,5.7951339965823765
2023-09-11,アイムジャグラーEX-TP,124,216,-200,0,0,1/0.0,1/0.0,1/0.0,4.992529696306268
2023-09-11,アイムジャグラーEX-TP,125,4069,500,19,8,1/150.7,1/214.2,1/508.6,6.198038589637157
2023-09-11,アイムジャグラーEX-TP,126,798,-213,2,2,1/199.5,1/399.0,1/399.0,5.743076354416037
2023-09-11,アイムジャグラーEX-TP,127,4251,2558,24,16,1/106.3,1/177.1,1/265.7,5.912493099309689
2023-09-11,アイムジャグラーEX-TP,128,2586,-283,8,7,1/172.4,1/323.2,1/369.4,5.781216630436442
2023-09-11,アイムジャグラーEX-TP,129,2820,-217,10,6,1/176.2,1/282.0,1/470.0,5.892089514629724
2023-09-11,アイムジャグラーEX-TP,130,1190,-467,2,5,1/170.0,1/595.0,1/238.0,6.091042661099761
2023-09-11,アイムジャグラーEX-TP,131,751,66,4,1,1/150.2,1/187.8,1/751.0,6.949534626403291
2023-09-11,アイムジャグラーEX-TP,132,4319,208,17,10,1/160.0,1/254.1,1/431.9,5.852240004820544
2023-09-11,アイムジャグラーEX-TP,145,679,-669,1,0,1/679.0,1/679.0,1/0.0,6.820014200494958
2023-09-11,アイムジャグラーEX-TP,146,927,-306,2,3,1/185.4,1/463.5,1/309.0,5.935161529550669
2023-09-11,アイムジャグラーEX-TP,147,793,-822,0,1,1/793.0,1/0.0,1/793.0,5.832448965887676
2023-09-11,アイムジャグラーEX-TP,148,1343,-259,4,4,1/167.9,1/335.8,1/335.8,6.137556581599432
2023-09-11,アイムジャグラーEX-TP,149,4783,382,19,15,1/140.7,1/251.7,1/318.9,6.100323188311786
2023-09-11,アイムジャグラーEX-TP,150,546,-200,1,2,1/182.0,1/546.0,1/273.0,5.912988746152902
2023-09-11,アイムジャグラーEX-TP,151,4185,2243,26,9,1/119.6,1/161.0,1/465.0,6.160902003161713
2023-09-11,アイムジャグラーEX-TP,152,800,-57,3,1,1/200.0,1/266.7,1/800.0,5.731398031264776
2023-09-11,アイムジャグラーEX-TP,153,1947,741,11,5,1/121.7,1/177.0,1/389.4,6.426699579818618
2023-09-11,アイムジャグラーEX-TP,154,4701,1259,23,12,1/134.3,1/204.4,1/391.8,6.043501719312604
2023-09-11,アイムジャグラーEX-TP,155,280,-392,0,0,1/0.0,1/0.0,1/0.0,7.090187180941578
2023-09-11,アイムジャグラーEX-TP,156,1595,-751,4,1,1/319.0,1/398.8,1/1595.0,5.849399776402568
2023-09-11,アイムジャグラーEX-TP,157,2463,-1144,6,5,1/223.9,1/410.5,1/492.6,6.357149949526088
2023-09-11,アイムジャグラーEX-TP,158,2461,-544,7,9,1/153.8,1/351.6,1/273.4,6.429373915353386
2023-09-11,アイムジャグラーEX-TP,159,685,-148,2,2,1/171.2,1/342.5,1/342.5,6.151088697801053
2023-09-11,アイムジャグラーEX-TP,160,634,-107,3,0,1/211.3,1/211.3,1/0.0,6.833692605200871
2023-09-11,アイムジャグラーEX-TP,161,6296,246,24,22,1/136.9,1/262.3,1/286.2,6.265609662827997
2023-09-11,アイムジャグラーEX-TP,162,586,5,2,2,1/146.5,1/293.0,1/293.0,5.90729141212894
2023-09-11,アイムジャグラーEX-TP,163,559,-196,2,0,1/279.5,1/279.5,1/0.0,6.256025201373506
2023-09-11,アイムジャグラーEX-TP,164,2194,-805,7,4,1/199.5,1/313.4,1/548.5,6.744584757834823
2023-09-11,アイムジャグラーEX-TP,165,1668,-1053,3,3,1/278.0,1/556.0,1/556.0,6.280304445664862
2023-09-11,アイムジャグラーEX-TP,166,1382,-463,4,4,1/172.8,1/345.5,1/345.5,6.720407884993299
2023-09-11,アイムジャグラーEX-TP,167,1800,-43,7,6,1/138.5,1/257.1,1/300.0,6.612402111193052
2023-09-11,アイムジャグラーEX-TP,168,2800,-826,6,11,1/164.7,1/466.7,1/254.5,6.057252938443708
2023-09-11,アイムジャグラーEX-TP,169,3233,-33,14,4,1/179.6,1/230.9,1/808.2,6.096321272699179
2023-09-11,アイムジャグラーEX-TP,170,2988,-294,11,7,1/166.0,1/271.6,1/426.9,6.241057460714236
2023-09-11,アイムジャグラーEX-TP,171,750,-274,2,0,1/375.0,1/375.0,1/0.0,5.35838676835694
2023-09-11,アイムジャグラーEX-TP,172,1834,-1268,3,3,1/305.7,1/611.3,1/611.3,6.298512541355024
2023-09-11,アイムジャグラーEX-TP,173,752,-82,2,1,1/250.7,1/376.0,1/752.0,4.924904054420714
2023-09-11,アイムジャグラーEX-TP,174,987,249,5,2,1/141.0,1/197.4,1/493.5,6.08460260794575
2023-09-11,アイムジャグラーEX-TP,175,5926,-70,19,28,1/126.1,1/311.9,1/211.6,6.344690640068472
2023-09-11,アイムジャグラーEX-TP,176,1304,-177,5,2,1/186.3,1/260.8,1/652.0,6.234836950646437
2023-09-11,アイムジャグラーEX-TP,177,2014,-890,4,5,1/223.8,1/503.5,1/402.8,5.921817135757011
2023-09-11,アイムジャグラーEX-TP,178,3731,1167,18,15,1/113.1,1/207.3,1/248.7,6.420427083505595
2023-09-11,マイジャグラーV,117,3657,-1416,10,8,1/203.2,1/365.7,1/457.1,6.24641277232049
2023-09-11,マイジャグラーV,118,1759,864,11,4,1/117.3,1/159.9,1/439.8,6.111744501005444
2023-09-11,マイジャグラーV,119,8130,1784,33,32,1/125.1,1/246.4,1/254.1,5.698285806864085
2023-09-11,マイジャグラーV,120,1849,-1275,3,2,1/369.8,1/616.3,1/924.5,5.9269945016668
2023-09-11,ファンキージャグラー2,113,965,36,5,0,1/193.0,1/193.0,1/0.0,6.031506810250905
2023-09-11,ファンキージャグラー2,114,1574,1039,11,3,1/112.4,1/143.1,1/524.7,5.991415033103615
2023-09-11,ファンキージャグラー2,115,420,-207,1,0,1/420.0,1/420.0,1/0.0,5.456281544127677
2023-09-11,ファンキージャグラー2,116,722,-278,1,3,1/180.5,1/722.0,1/240.7,5.647676874660099
2023-09-11,ハッピージャグラーVIII,109,1711,-463,5,3,1/213.9,1/342.2,1/570.3,5.963767844738829
2023-09-11,ハッピージャグラーVIII,110,730,-247,2,1,1/243.3,1/365.0,1/730.0,5.907827770634657
2023-09-11,ハッピージャグラーVIII,111,1013,-98,3,5,1/126.6,1/337.7,1/202.6,6.659304508613748
2023-09-11,ハッピージャグラーVIII,112,776,-710,1,0,1/776.0,1/776.0,1/0.0,6.367095898638459
2023-09-11,ゴーゴージャグラー3,133,5394,-69,18,26,1/122.6,1/299.7,1/207.5,6.631690462343718
2023-09-11,ゴーゴージャグラー3,134,1554,-510,4,4,1/194.2,1/388.5,1/388.5,6.207352537180454
2023-09-11,ゴーゴージャグラー3,135,1817,-650,4,6,1/181.7,1/454.2,1/302.8,6.255527002974689
2023-09-11,ゴーゴージャグラー3,136,3475,-638,12,11,1/151.1,1/289.6,1/315.9,6.860906836659206
2023-09-11,ゴーゴージャグラー3,137,3511,1102,18,10,1/125.4,1/195.1,1/351.1,6.188510790003897
2023-09-10,アイムジャグラーEX-TP,121,2153,-987,3,10,1/165.6,1/717.7,1/215.3,6.262764965063051
2023-09-10,アイムジャグラーEX-TP,122,4081,2427,23,18,1/99.5,1/177.4,1/226.7,6.216506969258786
2023-09-10,アイムジャグラーEX-TP,123,1583,-862,2,5,1/226.1,1/791.5,1/316.6,5.858675931097381
2023-09-10,アイムジャグラーEX-TP,124,5812,3228,32,25,1/102.0,1/181.6,1/232.5,6.19835440089508
2023-09-10,アイムジャグラーEX-TP,125,2569,-483,8,7,1/171.3,1/321.1,1/367.0,6.161587426389836
2023-09-10,アイムジャグラーEX-TP,126,1948,-504,4,8,1/162.3,1/487.0,1/243.5,5.871521229166196
2023-09-10,アイムジャグラーEX-TP,127,2312,-731,6,5,1/210.2,1/385.3,1/462.4,5.9078951480465625
2023-09-10,アイムジャグラーEX-TP,128,3174,-213,10,14,1/132.2,1/317.4,1/226.7,6.402601901221772
2023-09-10,アイムジャグラーEX-TP,129,2424,266,11,5,1/151.5,1/220.4,1/484.8,6.147120682586019
2023-09-10,アイムジャグラーEX-TP,130,5041,334,16,24,1/126.0,1/315.1,1/210.0,5.954000485957936
2023-09-10,アイムジャグラーEX-TP,131,2577,-65,8,11,1/135.6,1/322.1,1/234.3,6.0765213002586025
2023-09-10,アイムジャグラーEX-TP,132,2915,-759,7,10,1/171.5,1/416.4,1/291.5,5.979789542178901
2023-09-10,アイムジャグラーEX-TP,145,3923,-251,14,10,1/163.5,1/280.2,1/392.3,6.038172207255313
2023-09-10,アイムジャグラーEX-TP,146,1302,-744,2,3,1/260.4,1/651.0,1/434.0,5.9194510022899
2023-09-10,アイムジャグラーEX-TP,147,1848,-898,4,3,1/264.0,1/462.0,1/616.0,5.952684469037134
2023-09-10,アイムジャグラーEX-TP,148,3036,-80,11,10,1/144.6,1/276.0,1/303.6,6.260230223471868
2023-09-10,アイムジャグラーEX-TP,149,3590,-983,10,13,1/156.1,1/359.0,1/276.2,6.613064006630747
2023-09-10,アイムジャグラーEX-TP,150,924,-311,2,2,1/231.0,1/462.0,1/462.0,5.548851027522301
2023-09-10,アイムジャグラーEX-TP,151,1967,-177,9,0,1/218.6,1/218.6,1/0.0,6.207604185736693
2023-09-10,アイムジャグラーEX-TP,152,1516,-718,3,4,1/216.6,1/505.3,1/379.0,6.124686084587976
2023-09-10,アイムジャグラーEX-TP,153,663,-339,2,0,1/331.5,1/331.5,1/0.0,6.353799083097916
2023-09-10,アイムジャグラーEX-TP,154,4999,3008,32,15,1/106.4,1/156.2,1/333.3,6.472955289696084
2023-09-10,アイムジャグラーEX-TP,155,724,-281,2,1,1/241.3,1/362.0,1/724.0,6.085608200642838
2023-09-10,アイムジャグラーEX-TP,156,2964,-1210,7,9,1/185.2,1/423.4,1/329.3,6.46466324339047
2023-09-10,アイムジャグラーEX-TP,157,5369,1289,25,16,1/131.0,1/214.8,1/335.6,6.0853179254458665
2023-09-10,アイムジャグラーEX-TP,158,2308,-37,9,4,1/177.5,1/256.4,1/577.0,5.850234948527944
2023-09-10,アイムジャグラーEX-TP,159,1022,-898,1,2,1/340.7,1/1022.0,1/511.0,6.571327548979055
2023-09-10,アイムジャグラーEX-TP,160,5090,2038,26,19,1/113.1,1/195.8,1/267.9,6.2026851046051155
2023-09-10,アイムジャグラーEX-TP,161,575,-451,1,1,1/287.5,1/575.0,1/575.0,7.009160668247282
2023-09-10,アイムジャグラーEX-TP,162,7473,2054,34,29,1/118.6,1/219.8,1/257.7,6.199482626503687
2023-09-10,アイムジャグラーEX-TP,163,2528,296,10,7,1/148.7,1/252.8,1/361.1,5.764544752489078
2023-09-10,アイムジャグラーEX-TP,164,2617,-600,8,4,1/218.1,1/327.1,1/654.2,5.774471091987126
2023-09-10,アイムジャグラーEX-TP,165,1956,-1348,3,5,1/244.5,1/652.0,1/391.2,6.609799859585683
2023-09-10,アイムジャグラーEX-TP,166,2330,-827,7,4,1/211.8,1/332.9,1/582.5,6.374315393739137
2023-09-10,アイムジャグラーEX-TP,167,1545,-789,2,6,1/193.1,1/772.5,1/257.5,6.049173318799657
2023-09-10,アイムジャグラーEX-TP,168,6608,-772,24,13,1/178.6,1/275.3,1/508.3,6.099536140799299
2023-09-10,アイムジャグラーEX-TP,169,5662,435,25,14,1/145.2,1/226.5,1/404.4,6.34789137724163
2023-09-10,アイムジャグラーEX-TP,170,3740,-1610,5,14,1/196.8,1/748.0,1/267.1,5.692361208932714
2023-09-10,アイムジャグラーEX-TP,171,1971,-652,6,2,1/246.4,1/328.5,1/985.5,5.987881330217408
2023-09-10,アイムジャグラーEX-TP,172,4652,-493,17,13,1/155.1,1/273.6,1/357.8,6.4619585251721485
2023-09-10,アイムジャグラーEX-TP,173,1461,23,7,0,1/208.7,1/208.7,1/0.0,5.968973837795648
2023-09-10,アイムジャグラーEX-TP,174,3435,-659,11,7,1/190.8,1/312.3,1/490.7,5.980050134929778
2023-09-10,アイムジャグラーEX-TP,175,4815,217,20,9,1/166.0,1/240.8,1/535.0,5.918313628462775
2023-09-10,アイムジャグラーEX-TP,176,2541,-541,8,5,1/195.5,1/317.6,1/508.2,5.983731738167629
2023-09-10,アイムジャグラーEX-TP,177,1767,-1068,3,4,1/252.4,1/589.0,1/441.8,6.241634329031198
2023-09-10,アイムジャグラーEX-TP,178,4925,-472,20,6,1/189.4,1/246.2,1/820.8,6.172185812243987
2023-09-10,マイジャグラーV,117,3572,-1131,8,12,1/178.6,1/446.5,1/297.7,5.890679623061479
2023-09-10,マイジャグラーV,118,6358,1270,29,17,1/138.2,1/219.2,1/374.0,5.778942886872418
2023-09-10,マイジャグラーV,119,5068,-259,20,14,1/149.1,1/253.4,1/362.0,6.2885960176448235
2023-09-10,マイジャグラーV,120,5689,-192,21,16,1/153.8,1/270.9,1/355.6,5.9446689384649005
2023-09-10,ファンキージャグラー2,113,4211,-906,9,17,1/162.0,1/467.9,1/247.7,5.643017468579685
2023-09-10,ファンキージャグラー2,114,733,281,4,1,1/146.6,1/183.2,1/733.0,5.418155681611654
2023-09-10,ファンキージャグラー2,115,2848,-789,9,4,1/219.1,1/316.4,1/712.0,5.8744547745879085
2023-09-10,ファンキージャグラー2,116,1141,-204,5,1,1/190.2,1/228.2,1/1141.0,6.568103381716971
2023-09-10,ハッピージャグラーVIII,109,4316,192,17,10,1/159.9,1/253.9,1/431.6,5.8870519434807544
2023-09-10,ハッピージャグラーVIII,110,874,-380,2,3,1/174.8,1/437.0,1/291.3,6.846295764285326
2023-09-10,ハッピージャグラーVIII,111,1176,-1155,1,2,1/392.0,1/1176.0,1/588.0,7.0697889163023575
2023-09-10,ハッピージャグラーVIII,112,721,-843,0,1,1/721.0,1/0.0,1/721.0,6.789106779302122
2023-09-10,ゴーゴージャグラー3,133,6969,-335,24,27,1/136.6,1/290.4,1/258.1,6.472622133040364
2023-09-10,ゴーゴージャグラー3,134,3662,292,16,13,1/126.3,1/228.9,1/281.7,6.820067592606
2023-09-10,ゴーゴージャグラー3,135,1956,682,11,5,1/122.2,1/177.8,1/391.2,6.470750042964655
2023-09-10,ゴーゴージャグラー3,136,8144,1845,34,33,1/121.6,1/239.5,1/246.8,6.068179543901498
2023-09-10,ゴーゴージャグラー3,137,937,-331,3,1,1/234.2,1/312.3,1/937.0,6.362025565056251
2023-09-09,アイムジャグラーEX-TP,121,2376,-166,8,8,1/148.5,1/297.0,1/297.0,6.192966583211055
2023-09-09,アイムジャグラーEX-TP,122,4962,664,22,12,1/145.9,1/225.5,1/413.5,6.070630872634959
2023-09-09,アイムジャグラーEX-TP,123,4857,-752,17,14,1/156.7,1/285.7,1/346.9,6.55985657076873
2023-09-09,アイムジャグラーEX-TP,124,1897,-408,4,6,1/189.7,1/474.2,1/316.2,5.397402156650536
2023-09-09,アイムジャグラーEX-TP,125,1421,-428,4,3,1/203.0,1/355.2,1/473.7,6.066192188836251
2023-09-09,アイムジャグラーEX-TP,126,6312,-870,21,18,1/161.8,1/300.6,1/350.7,6.2356092348780034
2023-09-09,アイムジャグラーEX-TP,127,1370,-434,4,3,1/195.7,1/342.5,1/456.7,6.3022972793626675
2023-09-09,アイムジャグラーEX-TP,128,903,-845,0,2,1/451.5,1/0.0,1/451.5,5.790442909246766
2023-09-09,アイムジャグラーEX-TP,129,3775,-763,11,12,1/164.1,1/343.2,1/314.6,6.19530641944522
2023-09-09,アイムジャグラーEX-TP,130,2590,442,13,5,1/143.9,1/199.2,1/518.0,6.37960732654796
2023-09-09,アイムジャグラーEX-TP,131,2493,-656,7,8,1/166.2,1/356.1,1/311.6,6.379320540693092
2023-09-09,アイムジャグラーEX-TP,132,6129,1331,26,20,1/133.2,1/235.7,1/306.4,5.844397368443988
2023-09-09,アイムジャグラーEX-TP,145,5121,130,18,18,1/142.2,1/284.5,1/284.5,5.989012495224929
2023-09-09,アイムジャグラーEX-TP,146,1583,147,5,7,1/131.9,1/316.6,1/226.1,5.688283773996256
2023-09-09,アイムジャグラーEX-TP,147,6658,1196,28,24,1/128.0,1/237.8,1/277.4,6.116284813171108
2023-09-09,アイムジャグラーEX-TP,148,1063,-668,1,4,1/212.6,1/1063.0,1/265.8,6.129653296314764
2023-09-09,アイムジャグラーEX-TP,149,6341,-950,16,25,1/154.7,1/396.3,1/253.6,5.843682784918772
2023-09-09,アイムジャグラーEX-TP,150,2042,475,10,4,1/145.9,1/204.2,1/510.5,5.952638106013977
2023-09-09,アイムジャグラーEX-TP,151,1330,-1091,2,0,1/665.0,1/665.0,1/0.0,6.014134572817831
2023-09-09,アイムジャグラーEX-TP,152,4412,2155,24,16,1/110.3,1/183.8,1/275.8,6.132091704291748
2023-09-09,アイムジャグラーEX-TP,153,933,-565,2,1,1/311.0,1/466.5,1/933.0,6.239902376626998
2023-09-09,アイムジャグラーEX-TP,154,5061,-105,21,12,1/153.4,1/241.0,1/421.8,6.455792003030203
2023-09-09,アイムジャグラーEX-TP,155,5334,2131,26,21,1/113.5,1/205.2,1/254.0,6.023452777513563
2023-09-09,アイムジャグラーEX-TP,156,4231,2330,24,16,1/105.8,1/176.3,1/264.4,6.184178547276093
2023-09-09,アイムジャグラーEX-TP,157,7145,-604,29,18,1/152.0,1/246.4,1/396.9,6.756424193937081
2023-09-09,アイムジャグラーEX-TP,158,3182,-1554,6,11,1/187.2,1/530.3,1/289.3,6.467702757958947
2023-09-09,アイムジャグラーEX-TP,159,2802,-936,6,9,1/186.8,1/467.0,1/311.3,5.924512199832908
2023-09-09,アイムジャグラーEX-TP,160,3916,-855,10,16,1/150.6,1/391.6,1/244.8,6.2538413773501125
2023-09-09,アイムジャグラーEX-TP,161,2859,-1343,4,11,1/190.6,1/714.8,1/259.9,5.967568363672091
2023-09-09,アイムジャグラーEX-TP,162,2767,-261,11,4,1/184.5,1/251.5,1/691.8,6.165825314882148
2023-09-09,アイムジャグラーEX-TP,163,3237,1219,17,8,1/129.5,1/190.4,1/404.6,5.925964112895896
2023-09-09,アイムジャグラーEX-TP,164,6035,1668,31,17,1/125.7,1/194.7,1/355.0,6.421569493299328
2023-09-09,アイムジャグラーEX-TP,165,4082,501,18,12,1/136.1,1/226.8,1/340.2,6.333466343367156
2023-09-09,アイムジャグラーEX-TP,166,2976,501,13,8,1/141.7,1/228.9,1/372.0,5.956422166945184
2023-09-09,アイムジャグラーEX-TP,167,1180,86,5,2,1/168.6,1/236.0,1/590.0,5.817580877315847
2023-09-09,アイムジャグラーEX-TP,168,5696,-2016,17,8,1/227.8,1/335.1,1/712.0,6.197990160233607
2023-09-09,アイムジャグラーEX-TP,169,5262,-950,17,11,1/187.9,1/309.5,1/478.4,5.983778433807516
2023-09-09,アイムジャグラーEX-TP,170,1559,329,9,1,1/155.9,1/173.2,1/1559.0,6.515682818065
2023-09-09,アイムジャグラーEX-TP,171,5838,-183,21,14,1/166.8,1/278.0,1/417.0,5.861753172056402
2023-09-09,アイムジャグラーEX-TP,172,1762,-234,6,4,1/176.2,1/293.7,1/440.5,6.043560695836782
2023-09-09,アイムジャグラーEX-TP,173,8172,1633,36,30,1/123.8,1/227.0,1/272.4,6.291034818106336
2023-09-09,アイムジャグラーEX-TP,174,3893,-1081,10,15,1/155.7,1/389.3,1/259.5,6.460740908739305
2023-09-09,アイムジャグラーEX-TP,175,1793,-760,4,3,1/256.1,1/448.2,1/597.7,5.777981713284044
2023-09-09,アイムジャグラーEX-TP,176,3629,373,16,9,1/145.2,1/226.8,1/403.2,6.21534046389938
2023-09-09,アイムジャグラーEX-TP,177,2664,-1048,7,5,1/222.0,1/380.6,1/532.8,6.17301744415018
2023-09-09,アイムジャグラーEX-TP,178,4344,-98,18,9,1/160.9,1/241.3,1/482.7,6.312494549769827
2023-09-09,マイジャグラーV,117,4011,-278,15,7,1/182.3,1/267.4,1/573.0,5.713211493376954
2023-09-09,マイジャグラーV,118,4195,-318,17,9,1/161.3,1/246.8,1/466.1,6.24595977272486
2023-09-09,マイジャグラーV,119,3440,-1580,6,12,1/191.1,1/573.3,1/286.7,6.052976920913986
2023-09-09,マイジャグラーV,120,6594,355,26,20,1/143.3,1/253.6,1/329.7,5.91667739460744
2023-09-09,ファンキージャグラー2,113,297,-256,0,1,1/297.0,1/0.0,1/297.0,5.943359483948301
2023-09-09,ファンキージャグラー2,114,6713,195,24,23,1/142.8,1/279.7,1/291.9,5.813748873047586
2023-09-09,ファンキージャグラー2,115,757,39,3,2,1/151.4,1/252.3,1/378.5,5.795348964507219
2023-09-09,ファンキージャグラー2,116,1909,-587,4,7,1/173.5,1/477.2,1/272.7,5.83671945486141
2023-09-09,ハッピージャグラーVIII,109,4069,-1008,12,11,1/176.9,1/339.1,1/369.9,6.314351141742032
2023-09-09,ハッピージャグラーVIII,110,730,-543,1,1,1/365.0,1/730.0,1/730.0,6.264622368778151
2023-09-09,ハッピージャグラーVIII,111,1022,-397,4,0,1/255.5,1/255.5,1/0.0,6.93429870712986
2023-09-09,ハッピージャグラーVIII,112,3599,63,14,9,1/156.5,1/257.1,1/399.9,6.032897183838481
2023-09-09,ゴーゴージャグラー3,133,8359,309,33,30,1/132.7,1/253.3,1/278.6,6.51727654754935
2023-09-09,ゴーゴージャグラー3,134,3447,-649,11,7,1/191.5,1/313.4,1/492.4,6.002619811810381
2023-09-09,ゴーゴージャグラー3,135,801,-463,2,1,1/267.0,1/400.5,1/801.0,6.755073658027348
2023-09-09,ゴーゴージャグラー3,136,4783,-1485,14,12,1/184.0,1/341.6,1/398.6,6.514047003384312
2023-09-09,ゴーゴージャグラー3,137,4832,295,17,19,1/134.2,1/284.2,1/254.3,6.052663685596189
2023-09-08,アイムジャグラーEX-TP,121,4008,-705,13,10,1/174.3,1/308.3,1/400.8,6.154606195265293
2023-09-08,アイムジャグラーEX-TP,122,7604,2155,37,24,1/124.7,1/205.5,1/316.8,6.208553628190478
2023-09-08,アイムジャグラーEX-TP,123,2807,232,12,5,1/165.1,1/233.9,1/561.4,5.85135397141525
2023-09-08,アイムジャグラーEX-TP,124,6209,3183,36,16,1/119.4,1/172.5,1/388.1,5.975694773406542
2023-09-08,アイムジャグラーEX-TP,125,1376,-407,3,4,1/196.6,1/458.7,1/344.0,5.682374509033138
2023-09-08,アイムジャグラーEX-TP,126,3337,-24,13,7,1/166.8,1/256.7,1/476.7,5.958923463779888
2023-09-08,アイムジャグラーEX-TP,127,4264,897,18,15,1/129.2,1/236.9,1/284.3,5.956860455696193
2023-09-08,アイムジャグラーEX-TP,128,3301,664,15,9,1/137.5,1/220.1,1/366.8,6.023744172515654
2023-09-08,アイムジャグラーEX-TP,129,2570,-1259,5,5,1/257.0,1/514.0,1/514.0,5.863760431846562
2023-09-08,アイムジャグラーEX-TP,130,2090,-94,8,6,1/149.3,1/261.2,1/348.3,6.409350168559775
2023-09-08,アイムジャグラーEX-TP,131,3333,-219,10,13,1/144.9,1/333.3,1/256.4,5.98231077549863
2023-09-08,アイムジャグラーEX-TP,132,3620,-1182,11,5,1/226.2,1/329.1,1/724.0,6.121950609049528
2023-09-08,アイムジャグラーEX-TP,145,928,-203,2,4,1/154.7,1/464.0,1/232.0,5.893087953956694
2023-09-08,アイムジャグラーEX-TP,146,5812,1004,23,23,1/126.3,1/252.7,1/252.7,6.01571011183114
2023-09-08,アイムジャグラーEX-TP,147,736,-259,1,3,1/184.0,1/736.0,1/245.3,5.529450937542448
2023-09-08,アイムジャグラーEX-TP,148,7568,1474,31,34,1/116.4,1/244.1,1/222.6,6.3191233966403795
2023-09-08,アイムジャグラーEX-TP,149,1243,156,5,3,1/155.4,1/248.6,1/414.3,5.660607979353308
2023-09-08,アイムジャグラーEX-TP,150,1639,-269,5,4,1/182.1,1/327.8,1/409.8,5.859675745779595
2023-09-08,アイムジャグラーEX-TP,151,755,-630,1,2,1/251.7,1/755.0,1/377.5,7.215114087199671
2023-09-08,アイムジャグラーEX-TP,152,2290,-104,6,10,1/143.1,1/381.7,1/229.0,5.679118402426794
2023-09-08,アイムジャグラーEX-TP,153,747,-805,0,2,1/373.5,1/0.0,1/373.5,6.690887620138156
2023-09-08,アイムジャグラーEX-TP,154,4932,97,16,22,1/129.8,1/308.2,1/224.2,6.116095850481942
2023-09-08,アイムジャグラーEX-TP,155,2572,704,12,8,1/128.6,1/214.3,1/321.5,5.999115340409675
2023-09-08,アイムジャグラーEX-TP,156,4441,-216,16,12,1/158.6,1/277.6,1/370.1,6.0739212491559975
2023-09-08,アイムジャグラーEX-TP,157,4524,-945,11,14,1/181.0,1/411.3,1/323.1,5.658651881725019
2023-09-08,アイムジャグラーEX-TP,158,6297,1483,29,22,1/123.5,1/217.1,1/286.2,6.279667301890034
2023-09-08,アイムジャグラーEX-TP,159,2538,-1895,2,9,1/230.7,1/1269.0,1/282.0,6.420996181885419
2023-09-08,アイムジャグラーEX-TP,160,2243,-539,7,4,1/203.9,1/320.4,1/560.8,5.996781522277241
2023-09-08,アイムジャグラーEX-TP,161,3410,-185,12,9,1/162.4,1/284.2,1/378.9,5.976792343185664
2023-09-08,アイムジャグラーEX-TP,162,3212,-382,10,9,1/169.1,1/321.2,1/356.9,5.881149547947051
2023-09-08,アイムジャグラーEX-TP,163,5880,1547,25,24,1/120.0,1/235.2,1/245.0,5.995204142563711
2023-09-08,アイムジャグラーEX-TP,164,1453,-412,5,1,1/242.2,1/290.6,1/1453.0,6.085389277703243
2023-09-08,アイムジャグラーEX-TP,165,4481,292,16,16,1/140.0,1/280.1,1/280.1,5.8985731850362795
2023-09-08,アイムジャグラーEX-TP,166,4162,1635,22,13,1/118.9,1/189.2,1/320.2,6.174939233152962
2023-09-08,アイムジャグラーEX-TP,167,3527,549,16,6,1/160.3,1/220.4,1/587.8,5.788034401568936
2023-09-08,アイムジャグラーEX-TP,168,4351,-1473,12,7,1/229.0,1/362.6,1/621.6,5.954186917596257
2023-09-08,アイムジャグラーEX-TP,169,6052,-1288,19,19,1/159.3,1/318.5,1/318.5,6.516379488358259
2023-09-08,アイムジャグラーEX-TP,170,5457,-144,20,16,1/151.6,1/272.9,1/341.1,6.14523373104268
2023-09-08,アイムジャグラーEX-TP,171,6067,-147,17,28,1/134.8,1/356.9,1/216.7,5.880252415286784
2023-09-08,アイムジャグラーEX-TP,172,4555,76,19,9,1/162.7,1/239.7,1/506.1,6.112558025688041
2023-09-08,アイムジャグラーEX-TP,173,3305,1476,18,8,1/127.1,1/183.6,1/413.1,5.814058834053391
2023-09-08,アイムジャグラーEX-TP,174,3186,-406,7,15,1/144.8,1/455.1,1/212.4,5.712585514410795
2023-09-08,アイムジャグラーEX-TP,175,5837,-202,19,20,1/149.7,1/307.2,1/291.9,5.928104713830418
2023-09-08,アイムジャグラーEX-TP,176,6291,2316,30,23,1/118.7,1/209.7,1/273.5,5.925534427679982
2023-09-08,アイムジャグラーEX-TP,177,1376,57,5,5,1/137.6,1/275.2,1/275.2,6.103794493046598
2023-09-08,アイムジャグラーEX-TP,178,5753,-194,20,17,1/155.5,1/287.6,1/338.4,5.971578462778273
2023-09-08,マイジャグラーV,117,6058,-2250,15,12,1/224.4,1/403.9,1/504.8,5.805322788632416
2023-09-08,マイジャグラーV,118,3528,-1064,10,9,1/185.7,1/352.8,1/392.0,6.11708835333079
2023-09-08,マイジャグラーV,119,4927,-1017,15,13,1/176.0,1/328.5,1/379.0,5.950553781563567
2023-09-08,マイジャグラーV,120,5271,-1058,17,9,1/202.7,1/310.1,1/585.7,5.732522810327218
2023-09-08,ファンキージャグラー2,113,1803,-810,4,7,1/163.9,1/450.8,1/257.6,6.786180412187065
2023-09-08,ファンキージャグラー2,114,932,-462,2,1,1/310.7,1/466.0,1/932.0,5.6442157689214465
2023-09-08,ファンキージャグラー2,115,5277,567,23,11,1/155.2,1/229.4,1/479.7,5.7355189660349435
2023-09-08,ファンキージャグラー2,116,1424,-385,4,3,1/203.4,1/356.0,1/474.7,5.773600656990344
2023-09-08,ハッピージャグラーVIII,109,2406,-293,8,7,1/160.4,1/300.8,1/343.7,6.2349741754547905
2023-09-08,ハッピージャグラーVIII,110,8024,1007,30,36,1/121.6,1/267.5,1/222.9,6.2487788053010895
2023-09-08,ハッピージャグラーVIII,111,1002,-261,4,0,1/250.5,1/250.5,1/0.0,6.334452451542149
2023-09-08,ハッピージャグラーVIII,112,3926,201,16,8,1/163.6,1/245.4,1/490.8,5.884008375045135
2023-09-08,ゴーゴージャグラー3,133,8166,-538,33,22,1/148.5,1/247.5,1/371.2,6.734408110285788
2023-09-08,ゴーゴージャグラー3,134,4285,-1002,12,16,1/153.0,1/357.1,1/267.8,6.568955686472636
2023-09-08,ゴーゴージャグラー3,135,8847,1368,36,35,1/124.6,1/245.8,1/252.8,6.245392626513476
2023-09-08,ゴーゴージャグラー3,136,5815,-84,22,17,1/149.1,1/264.3,1/342.1,6.253827562266216
2023-09-08,ゴーゴージャグラー3,137,3786,-66,15,10,1/151.4,1/252.4,1/378.6,6.347136301105732
2023-09-06,アイムジャグラーEX-TP,121,4236,-683,12,13,1/169.4,1/353.0,1/325.8,5.869359448232547
2023-09-06,アイムジャグラーEX-TP,122,1829,-10,6,7,1/140.7,1/304.8,1/261.3,5.996605114963183
2023-09-06,アイムジャグラーEX-TP,123,3575,-890,12,8,1/178.8,1/297.9,1/446.9,6.5420116090969636
2023-09-06,アイムジャグラーEX-TP,124,2853,-333,10,8,1/158.5,1/285.3,1/356.6,6.329807322262537
2023-09-06,アイムジャグラーEX-TP,125,671,-375,2,0,1/335.5,1/335.5,1/0.0,6.554312786653505
2023-09-06,アイムジャグラーEX-TP,126,2169,-1471,3,5,1/271.1,1/723.0,1/433.8,6.235163817215008
2023-09-06,アイムジャグラーEX-TP,127,791,-434,1,2,1/263.7,1/791.0,1/395.5,5.629136410058463
2023-09-06,アイムジャグラーEX-TP,128,6702,754,26,24,1/134.0,1/257.8,1/279.2,6.03763342859077
2023-09-06,アイムジャグラーEX-TP,129,1513,-231,4,5,1/168.1,1/378.2,1/302.6,5.728082220278872
2023-09-06,アイムジャグラーEX-TP,130,1235,-732,2,2,1/308.8,1/617.5,1/617.5,5.8204090404384115
2023-09-06,アイムジャグラーEX-TP,131,3724,471,16,7,1/161.9,1/232.8,1/532.0,5.729546246861808
2023-09-06,アイムジャグラーEX-TP,132,5088,3,18,17,1/145.4,1/282.7,1/299.3,6.052331469779078
2023-09-06,アイムジャグラーEX-TP,145,5899,219,20,19,1/151.3,1/294.9,1/310.5,5.686598659291099
2023-09-06,アイムジャグラーEX-TP,146,2694,131,10,9,1/141.8,1/269.4,1/299.3,6.032675739581078
2023-09-06,アイムジャグラーEX-TP,147,5838,798,21,25,1/126.9,1/278.0,1/233.5,5.911276059811907
2023-09-06,アイムジャグラーEX-TP,148,454,-363,1,0,1/454.0,1/454.0,1/0.0,6.806503839302943
2023-09-06,アイムジャグラーEX-TP,149,2019,-424,7,3,1/201.9,1/288.4,1/673.0,6.127051932697961
2023-09-06,アイムジャグラーEX-TP,150,1412,-827,2,4,1/235.3,1/706.0,1/353.0,6.074791002666626
2023-09-06,アイムジャグラーEX-TP,151,2266,2,7,12,1/119.3,1/323.7,1/188.8,6.406959733897983
2023-09-06,アイムジャグラーEX-TP,152,5887,1428,27,17,1/133.8,1/218.0,1/346.3,5.95456959760016
2023-09-06,アイムジャグラーEX-TP,153,748,40,3,2,1/149.6,1/249.3,1/374.0,6.063225991266521
2023-09-06,アイムジャグラーEX-TP,154,734,320,5,1,1/122.3,1/146.8,1/734.0,7.1237334264012535
2023-09-06,アイムジャグラーEX-TP,155,5445,2245,29,17,1/118.4,1/187.8,1/320.3,6.129856363224329
2023-09-06,アイムジャグラーEX-TP,156,2136,-1213,4,4,1/267.0,1/534.0,1/534.0,6.099607968829403
2023-09-06,アイムジャグラーEX-TP,157,5760,-119,20,19,1/147.7,1/288.0,1/303.2,6.05568931748544
2023-09-06,アイムジャグラーEX-TP,158,1356,526,7,3,1/135.6,1/193.7,1/452.0,5.679872817762285
2023-09-06,アイムジャグラーEX-TP,159,1898,-569,7,2,1/210.9,1/271.1,1/949.0,6.658185022963546
2023-09-06,アイムジャグラーEX-TP,160,1584,-491,4,3,1/226.3,1/396.0,1/528.0,5.700125672657112
2023-09-06,アイムジャグラーEX-TP,161,4262,491,18,9,1/157.9,1/236.8,1/473.6,5.791793870626898
2023-09-06,アイムジャグラーEX-TP,162,4520,-602,15,13,1/161.4,1/301.3,1/347.7,6.214119303941649
2023-09-06,アイムジャグラーEX-TP,163,1870,-402,5,7,1/155.8,1/374.0,1/267.1,6.225659170795465
2023-09-06,アイムジャグラーEX-TP,164,4671,1447,25,6,1/150.7,1/186.8,1/778.5,5.835073247408391
2023-09-06,アイムジャグラーEX-TP,165,1552,-776,3,4,1/221.7,1/517.3,1/388.0,6.167287759964391
2023-09-06,アイムジャグラーEX-TP,166,2709,-1083,9,4,1/208.4,1/301.0,1/677.2,6.937329029987008
2023-09-06,アイムジャグラーEX-TP,167,2835,-1002,7,10,1/166.8,1/405.0,1/283.5,6.565278845455766
2023-09-06,アイムジャグラーEX-TP,168,3559,-606,11,9,1/177.9,1/323.5,1/395.4,5.96735783168181
2023-09-06,アイムジャグラーEX-TP,169,1654,-438,6,1,1/236.3,1/275.7,1/1654.0,6.180026103324282
2023-09-06,アイムジャグラーEX-TP,170,6970,2581,30,32,1/112.4,1/232.3,1/217.8,5.7975291546262575
2023-09-06,アイムジャグラーEX-TP,171,751,-382,1,2,1/250.3,1/751.0,1/375.5,5.588741966741553
2023-09-06,アイムジャグラーEX-TP,172,5013,728,22,13,1/143.2,1/227.9,1/385.6,6.042745681398652
2023-09-06,アイムジャグラーEX-TP,173,3143,851,17,8,1/125.7,1/184.9,1/392.9,6.679666548835621
2023-09-06,アイムジャグラーEX-TP,174,1108,-128,4,3,1/158.3,1/277.0,1/369.3,6.410977073987246
2023-09-06,アイムジャグラーEX-TP,175,3134,1327,18,8,1/120.5,1/174.1,1/391.8,6.3213284971741395
2023-09-06,アイムジャグラーEX-TP,176,4790,14,18,14,1/149.7,1/266.1,1/342.1,6.11295620009454
2023-09-06,アイムジャグラーEX-TP,177,2318,242,9,10,1/122.0,1/257.6,1/231.8,6.419061655585663
2023-09-06,アイムジャグラーEX-TP,178,3625,-1357,8,9,1/213.2,1/453.1,1/402.8,5.869364145471178
2023-09-06,マイジャグラーV,117,3114,-796,10,5,1/207.6,1/311.4,1/622.8,5.90987102233144
2023-09-06,マイジャグラーV,118,6228,-609,19,23,1/148.3,1/327.8,1/270.8,5.9211083333653
2023-09-06,マイジャグラーV,119,1631,73,7,3,1/163.1,1/233.0,1/543.7,5.8255346228359
2023-09-06,マイジャグラーV,120,7499,-4,26,24,1/150.0,1/288.4,1/312.5,5.73211525935031
2023-09-06,ファンキージャグラー2,113,604,-335,1,1,1/302.0,1/604.0,1/604.0,5.632786172815558
2023-09-06,ファンキージャグラー2,114,490,-430,0,1,1/490.0,1/0.0,1/490.0,5.491634363621844
2023-09-06,ファンキージャグラー2,115,7175,2917,38,24,1/115.7,1/188.8,1/299.0,5.927962348144375
2023-09-06,ファンキージャグラー2,116,312,-407,0,0,1/0.0,1/0.0,1/0.0,6.534811485350084
2023-09-06,ハッピージャグラーVIII,109,1358,-256,5,1,1/226.3,1/271.6,1/1358.0,5.975641779196736
2023-09-06,ハッピージャグラーVIII,110,4686,-87,17,14,1/151.2,1/275.6,1/334.7,6.12450367063423
2023-09-06,ハッピージャグラーVIII,111,691,-244,1,2,1/230.3,1/691.0,1/345.5,5.321589896218408
2023-09-06,ハッピージャグラーVIII,112,8404,1782,43,19,1/135.5,1/195.4,1/442.3,6.402412743604891
2023-09-05,アイムジャグラーEX-TP,121,5933,126,20,26,1/129.0,1/296.6,1/228.2,6.224768468094867
2023-09-05,アイムジャグラーEX-TP,122,3220,-736,9,7,1/201.2,1/357.8,1/460.0,5.753608334369698
2023-09-05,アイムジャグラーEX-TP,123,2459,-1339,6,5,1/223.5,1/409.8,1/491.8,6.796598803958919
2023-09-05,アイムジャグラーEX-TP,124,1299,-306,4,3,1/185.6,1/324.8,1/433.0,6.158084719032763
2023-09-05,アイムジャグラーEX-TP,125,5827,1304,27,15,1/138.7,1/215.8,1/388.5,5.958061992024603
2023-09-05,アイムジャグラーEX-TP,126,1152,-960,2,0,1/576.0,1/576.0,1/0.0,6.355315774787469
2023-09-05,アイムジャグラーEX-TP,127,3674,-1036,8,13,1/175.0,1/459.2,1/282.6,5.872764870687041
2023-09-05,アイムジャグラーEX-TP,128,2582,-457,9,6,1/172.1,1/286.9,1/430.3,6.378513175495848
2023-09-05,アイムジャグラーEX-TP,129,3851,-1086,9,12,1/183.4,1/427.9,1/320.9,5.872317518571795
2023-09-05,アイムジャグラーEX-TP,130,1695,-710,4,4,1/211.9,1/423.8,1/423.8,6.1931880047265535
2023-09-05,アイムジャグラーEX-TP,131,3523,-1292,7,12,1/185.4,1/503.3,1/293.6,5.979393715954221
2023-09-05,アイムジャグラーEX-TP,132,2849,-1003,7,7,1/203.5,1/407.0,1/407.0,6.038121848663091
2023-09-05,アイムジャグラーEX-TP,145,3639,126,15,9,1/151.6,1/242.6,1/404.3,6.193309265374468
2023-09-05,アイムジャグラーEX-TP,146,3538,-751,11,9,1/176.9,1/321.6,1/393.1,6.189106919918345
2023-09-05,アイムジャグラーEX-TP,147,1849,-749,3,5,1/231.1,1/616.3,1/369.8,5.4869243240073615
2023-09-05,アイムジャグラーEX-TP,148,4487,2180,24,16,1/112.2,1/187.0,1/280.4,6.012154440469809
2023-09-05,アイムジャグラーEX-TP,149,3682,-216,11,15,1/141.6,1/334.7,1/245.5,6.010478866702498
2023-09-05,アイムジャグラーEX-TP,150,652,-799,0,1,1/652.0,1/0.0,1/652.0,6.915803172423169
2023-09-05,アイムジャグラーEX-TP,151,5009,2750,26,21,1/106.6,1/192.7,1/238.5,5.823060274277184
2023-09-05,アイムジャグラーEX-TP,152,3228,73,14,6,1/161.4,1/230.6,1/538.0,6.229530165284024
2023-09-05,アイムジャグラーEX-TP,153,6064,701,26,20,1/131.8,1/233.2,1/303.2,6.38716459670501
2023-09-05,アイムジャグラーEX-TP,154,806,-412,2,1,1/268.7,1/403.0,1/806.0,6.27191034685454
2023-09-05,アイムジャグラーEX-TP,155,2552,-233,9,3,1/212.7,1/283.6,1/850.7,5.559500070234437
2023-09-05,アイムジャグラーEX-TP,156,4686,566,19,16,1/133.9,1/246.6,1/292.9,6.129538976915589
2023-09-05,アイムジャグラーEX-TP,157,2527,-582,9,4,1/194.4,1/280.8,1/631.8,6.387735870685937
2023-09-05,アイムジャグラーEX-TP,158,4324,365,18,9,1/160.1,1/240.2,1/480.4,5.845508693835548
2023-09-05,アイムジャグラーEX-TP,159,4098,258,14,14,1/146.4,1/292.7,1/292.7,5.683717987061762
2023-09-05,アイムジャグラーEX-TP,160,2465,-941,5,9,1/176.1,1/493.0,1/273.9,6.205533825697756
2023-09-05,アイムジャグラーEX-TP,161,1315,-753,2,2,1/328.8,1/657.5,1/657.5,5.5994951512204345
2023-09-05,アイムジャグラーEX-TP,162,7114,-840,22,26,1/148.2,1/323.4,1/273.6,6.225014625371724
2023-09-05,アイムジャグラーEX-TP,163,1830,-441,6,4,1/183.0,1/305.0,1/457.5,6.3726273715837225
2023-09-05,アイムジャグラーEX-TP,164,4239,790,19,14,1/128.5,1/223.1,1/302.8,6.279652898000556
2023-09-05,アイムジャグラーEX-TP,165,4698,-304,15,15,1/156.6,1/313.2,1/313.2,5.894098777618112
2023-09-05,アイムジャグラーEX-TP,166,3671,-253,13,11,1/153.0,1/282.4,1/333.7,6.229341866553141
2023-09-05,アイムジャグラーEX-TP,167,2546,-895,6,4,1/254.6,1/424.3,1/636.5,5.574771413570658
2023-09-05,アイムジャグラーEX-TP,168,3431,-1990,8,6,1/245.1,1/428.9,1/571.8,6.689468701767731
2023-09-05,アイムジャグラーEX-TP,169,2777,-982,10,0,1/277.7,1/277.7,1/0.0,6.299472237157413
2023-09-05,アイムジャグラーEX-TP,170,2084,-80,7,6,1/160.3,1/297.7,1/347.3,5.831881029850863
2023-09-05,アイムジャグラーEX-TP,171,4760,998,21,15,1/132.2,1/226.7,1/317.3,6.017886270546467
2023-09-05,アイムジャグラーEX-TP,172,3061,2645,20,14,1/90.0,1/153.1,1/218.6,6.082936114226769
2023-09-05,アイムジャグラーEX-TP,173,4447,143,17,15,1/139.0,1/261.6,1/296.5,6.256287942198709
2023-09-05,アイムジャグラーEX-TP,174,1488,-1259,2,1,1/496.0,1/744.0,1/1488.0,6.247539349106327
2023-09-05,アイムジャグラーEX-TP,175,1670,-938,4,3,1/238.6,1/417.5,1/556.7,6.701631526240398
2023-09-05,アイムジャグラーEX-TP,176,4887,895,20,17,1/132.1,1/244.3,1/287.5,5.917674002229245
2023-09-05,アイムジャグラーEX-TP,177,6386,286,24,22,1/138.8,1/266.1,1/290.3,6.150474113332492
2023-09-05,アイムジャグラーEX-TP,178,3036,-504,10,7,1/178.6,1/303.6,1/433.7,6.083056685492686
2023-09-05,マイジャグラーV,117,4687,-201,18,14,1/146.5,1/260.4,1/334.8,6.228991409522128
2023-09-05,マイジャグラーV,118,4951,304,23,10,1/150.0,1/215.3,1/495.1,6.210677544292266
2023-09-05,マイジャグラーV,119,5294,-168,16,20,1/147.1,1/330.9,1/264.7,5.650228682306343
2023-09-05,マイジャグラーV,120,5185,80,19,16,1/148.1,1/272.9,1/324.1,5.81681678613847
2023-09-05,ファンキージャグラー2,113,1302,-687,3,3,1/217.0,1/434.0,1/434.0,6.502410873709022
2023-09-05,ファンキージャグラー2,114,4538,148,19,11,1/151.3,1/238.8,1/412.5,6.020822852644773
2023-09-05,ファンキージャグラー2,115,1345,-611,4,2,1/224.2,1/336.2,1/672.5,6.55058454530816
2023-09-05,ファンキージャグラー2,116,1478,-993,3,1,1/369.5,1/492.7,1/1478.0,6.121925096920989
2023-09-05,ハッピージャグラーVIII,109,5015,-1146,16,10,1/192.9,1/313.4,1/501.5,6.171828663452199
2023-09-05,ハッピージャグラーVIII,110,3624,-1669,8,8,1/226.5,1/453.0,1/453.0,6.253117715803736
2023-09-05,ハッピージャグラーVIII,111,1914,-395,6,3,1/212.7,1/319.0,1/638.0,5.828714810257289
2023-09-05,ハッピージャグラーVIII,112,8701,843,35,31,1/131.8,1/248.6,1/280.7,6.2891841275297065
2023-09-04,アイムジャグラーEX-TP,121,2188,-1038,5,4,1/243.1,1/437.6,1/547.0,6.127319367507178
2023-09-04,アイムジャグラーEX-TP,122,3134,105,15,5,1/156.7,1/208.9,1/626.8,6.626222045335029
2023-09-04,アイムジャグラーEX-TP,123,2564,-90,9,7,1/160.2,1/284.9,1/366.3,5.920431251231884
2023-09-04,アイムジャグラーEX-TP,124,2510,-1021,6,8,1/179.3,1/418.3,1/313.8,6.57157690878782
2023-09-04,アイムジャグラーEX-TP,125,1820,-378,6,4,1/182.0,1/303.3,1/455.0,6.2354328126975345
2023-09-04,アイムジャグラーEX-TP,126,6371,-276,24,19,1/148.2,1/265.5,1/335.3,6.377236363211949
2023-09-04,アイムジャグラーEX-TP,127,906,356,5,1,1/151.0,1/181.2,1/906.0,5.596228759501389
2023-09-04,アイムジャグラーEX-TP,128,3326,490,14,10,1/138.6,1/237.6,1/332.6,6.007415817067072
2023-09-04,アイムジャグラーEX-TP,129,4784,331,20,11,1/154.3,1/239.2,1/434.9,6.0235456420383855
2023-09-04,アイムジャグラーEX-TP,130,3929,-332,15,7,1/178.6,1/261.9,1/561.3,6.084080851472767
2023-09-04,アイムジャグラーEX-TP,131,2551,-907,7,4,1/231.9,1/364.4,1/637.8,5.997071426202087
2023-09-04,アイムジャグラーEX-TP,132,4487,1108,21,13,1/132.0,1/213.7,1/345.2,6.045059906179915
2023-09-04,アイムジャグラーEX-TP,145,2290,-489,9,2,1/208.2,1/254.4,1/1145.0,6.4300944142836824
2023-09-04,アイムジャグラーEX-TP,146,2332,-862,5,8,1/179.4,1/466.4,1/291.5,6.186102528070701
2023-09-04,アイムジャグラーEX-TP,147,6113,-1226,16,22,1/160.9,1/382.1,1/277.9,6.027024376725523
2023-09-04,アイムジャグラーEX-TP,148,1233,-705,2,2,1/308.2,1/616.5,1/616.5,5.736823033944684
2023-09-04,アイムジャグラーEX-TP,149,3081,-93,12,6,1/171.2,1/256.8,1/513.5,5.996709809110771
2023-09-04,アイムジャグラーEX-TP,150,3866,728,18,15,1/117.2,1/214.8,1/257.7,6.795517960408074
2023-09-04,アイムジャグラーEX-TP,151,1878,345,8,6,1/134.1,1/234.8,1/313.0,5.981641901458851
2023-09-04,アイムジャグラーEX-TP,152,3252,-228,12,6,1/180.7,1/271.0,1/542.0,5.902536489818179
2023-09-04,アイムジャグラーEX-TP,153,1873,1707,13,6,1/98.6,1/144.1,1/312.2,5.75247166631291
2023-09-04,アイムジャグラーEX-TP,154,3901,1318,21,12,1/118.2,1/185.8,1/325.1,6.5539255939429975
2023-09-04,アイムジャグラーEX-TP,155,2670,-469,7,9,1/166.9,1/381.4,1/296.7,5.827126824905532
2023-09-04,アイムジャグラーEX-TP,156,3274,-1903,5,8,1/251.8,1/654.8,1/409.2,6.012207572623344
2023-09-04,アイムジャグラーEX-TP,157,5070,1711,27,12,1/130.0,1/187.8,1/422.5,6.1428183456542085
2023-09-04,アイムジャグラーEX-TP,158,3928,-772,10,14,1/163.7,1/392.8,1/280.6,5.914280989055688
2023-09-04,アイムジャグラーEX-TP,159,5431,2042,29,14,1/126.3,1/187.3,1/387.9,6.07362275292034
2023-09-04,アイムジャグラーEX-TP,160,2606,-425,7,9,1/162.9,1/372.3,1/289.6,5.876314537875891
2023-09-04,アイムジャグラーEX-TP,161,3926,-838,11,12,1/170.7,1/356.9,1/327.2,6.061642020389444
2023-09-04,アイムジャグラーEX-TP,162,3190,-1325,9,6,1/212.7,1/354.4,1/531.7,6.530878309980666
2023-09-04,アイムジャグラーEX-TP,163,1494,788,9,4,1/114.9,1/166.0,1/373.5,6.2150944342830945
2023-09-04,アイムジャグラーEX-TP,164,6797,1208,28,27,1/123.6,1/242.8,1/251.7,6.188767159067149
2023-09-04,アイムジャグラーEX-TP,165,1006,-295,3,1,1/251.5,1/335.3,1/1006.0,5.750666642886573
2023-09-04,アイムジャグラーEX-TP,166,5966,-546,17,23,1/149.2,1/350.9,1/259.4,5.909887743435665
2023-09-04,アイムジャグラーEX-TP,167,2480,811,14,6,1/124.0,1/177.1,1/413.3,6.630498367507135
2023-09-04,アイムジャグラーEX-TP,168,7515,1067,30,28,1/129.6,1/250.5,1/268.4,6.095616744606475
2023-09-04,アイムジャグラーEX-TP,169,6697,478,26,18,1/152.2,1/257.6,1/372.1,5.8468918596877275
2023-09-04,アイムジャグラーEX-TP,170,1184,-1150,1,2,1/394.7,1/1184.0,1/592.0,6.757118844423101
2023-09-04,アイムジャグラーEX-TP,171,4362,58,16,12,1/155.8,1/272.6,1/363.5,5.891080008105435
2023-09-04,アイムジャグラーEX-TP,172,6579,-676,21,21,1/156.6,1/313.3,1/313.3,6.062674396344607
2023-09-04,アイムジャグラーEX-TP,173,3808,-1529,9,9,1/211.6,1/423.1,1/423.1,6.116848315751196
2023-09-04,アイムジャグラーEX-TP,174,3279,1184,16,10,1/126.1,1/204.9,1/327.9,5.826923214302152
2023-09-04,アイムジャグラーEX-TP,175,5258,658,23,13,1/146.1,1/228.6,1/404.5,6.065546757705702
2023-09-04,アイムジャグラーEX-TP,176,1612,-395,4,5,1/179.1,1/403.0,1/322.4,5.863412390343367
2023-09-04,アイムジャグラーEX-TP,177,5116,-519,14,25,1/131.2,1/365.4,1/204.6,6.280060064183539
2023-09-04,アイムジャグラーEX-TP,178,5521,-526,19,13,1/172.5,1/290.6,1/424.7,5.951875042232331
2023-09-04,マイジャグラーV,117,8998,-1941,25,28,1/169.8,1/359.9,1/321.4,5.909793740497597
2023-09-04,マイジャグラーV,118,5571,-168,21,11,1/174.1,1/265.3,1/506.5,5.671973442549723
2023-09-04,マイジャグラーV,119,1273,-146,5,2,1/181.9,1/254.6,1/636.5,6.030979157240424
2023-09-04,マイジャグラーV,120,7580,-581,25,23,1/157.9,1/303.2,1/329.6,5.814880405534976
2023-09-04,ファンキージャグラー2,113,1541,-419,5,3,1/192.6,1/308.2,1/513.7,6.177198511198954
2023-09-04,ファンキージャグラー2,114,5293,321,21,16,1/143.1,1/252.0,1/330.8,5.916313918465218
2023-09-04,ファンキージャグラー2,115,726,-232,3,0,1/242.0,1/242.0,1/0.0,6.554667029009142
2023-09-04,ファンキージャグラー2,116,1310,-24,5,2,1/187.1,1/262.0,1/655.0,5.510432753002738
2023-09-04,ハッピージャグラーVIII,109,5938,579,25,17,1/141.4,1/237.5,1/349.3,6.179284531363629
2023-09-04,ハッピージャグラーVIII,110,1135,-1159,1,1,1/567.5,1/1135.0,1/1135.0,6.874931146580272
2023-09-04,ハッピージャグラーVIII,111,4049,-639,14,8,1/184.0,1/289.2,1/506.1,6.13213698859332
2023-09-04,ハッピージャグラーVIII,112,3793,230,14,10,1/158.0,1/270.9,1/379.3,5.698427405679936
2023-09-03,アイムジャグラーEX-TP,121,3759,530,18,7,1/150.4,1/208.8,1/537.0,6.207189239564165
2023-09-03,アイムジャグラーEX-TP,122,2669,-433,9,4,1/205.3,1/296.6,1/667.2,5.813491137344741
2023-09-03,アイムジャグラーEX-TP,123,3625,-1256,10,6,1/226.6,1/362.5,1/604.2,6.010163393545499
2023-09-03,アイムジャグラーEX-TP,124,6006,1020,28,13,1/146.5,1/214.5,1/462.0,6.0576109054908915
2023-09-03,アイムジャグラーEX-TP,125,5152,-805,16,16,1/161.0,1/322.0,1/322.0,6.172920271031457
2023-09-03,アイムジャグラーEX-TP,126,3060,853,14,8,1/139.1,1/218.6,1/382.5,5.679604595579671
2023-09-03,アイムジャグラーEX-TP,127,5669,782,24,15,1/145.4,1/236.2,1/377.9,5.923490879417504
2023-09-03,アイムジャグラーEX-TP,128,4173,1642,21,15,1/115.9,1/198.7,1/278.2,6.083445808320696
2023-09-03,アイムジャグラーEX-TP,129,5468,-604,18,14,1/170.9,1/303.8,1/390.6,5.939561249346518
2023-09-03,アイムジャグラーEX-TP,130,2481,-668,7,6,1/190.8,1/354.4,1/413.5,6.061361352442412
2023-09-03,アイムジャグラーEX-TP,131,5695,-540,19,20,1/146.0,1/299.7,1/284.8,6.345375265994622
2023-09-03,アイムジャグラーEX-TP,132,4731,-1535,12,11,1/205.7,1/394.2,1/430.1,5.947453550180348
2023-09-03,アイムジャグラーEX-TP,145,4646,1835,23,17,1/116.2,1/202.0,1/273.3,6.010762654777138
2023-09-03,アイムジャグラーEX-TP,146,3794,-369,11,16,1/140.5,1/344.9,1/237.1,6.1494872269363885
2023-09-03,アイムジャグラーEX-TP,147,2022,-144,7,5,1/168.5,1/288.9,1/404.4,5.9182009792954275
2023-09-03,アイムジャグラーEX-TP,148,4345,1063,19,15,1/127.8,1/228.7,1/289.7,5.945894684725948
2023-09-03,アイムジャグラーEX-TP,149,4290,299,16,14,1/143.0,1/268.1,1/306.4,5.925421730496626
2023-09-03,アイムジャグラーEX-TP,150,3960,455,16,14,1/132.0,1/247.5,1/282.9,6.195186871710664
2023-09-03,アイムジャグラーEX-TP,151,7323,581,29,29,1/126.3,1/252.5,1/252.5,6.475239499417212
2023-09-03,アイムジャグラーEX-TP,152,2930,-100,11,11,1/133.2,1/266.4,1/266.4,6.703889651688316
2023-09-03,アイムジャグラーEX-TP,153,5598,205,22,15,1/151.3,1/254.5,1/373.2,6.050023448434039
2023-09-03,アイムジャグラーEX-TP,154,6809,1471,32,20,1/130.9,1/212.8,1/340.4,6.2315453730999835
2023-09-03,アイムジャグラーEX-TP,155,4091,742,19,11,1/136.4,1/215.3,1/371.9,6.217493988514642
2023-09-03,アイムジャグラーEX-TP,156,5101,-509,15,21,1/141.7,1/340.1,1/242.9,6.165318724859799
2023-09-03,アイムジャグラーEX-TP,157,4954,-642,17,12,1/170.8,1/291.4,1/412.8,6.126404443283031
2023-09-03,アイムジャグラーEX-TP,158,5640,3121,33,17,1/112.8,1/170.9,1/331.8,6.039978877208622
2023-09-03,アイムジャグラーEX-TP,159,5648,397,21,21,1/134.5,1/269.0,1/269.0,6.105573538963169
2023-09-03,アイムジャグラーEX-TP,160,6076,868,24,22,1/132.1,1/253.2,1/276.2,5.9976021041909835
2023-09-03,アイムジャグラーEX-TP,161,2833,451,14,4,1/157.4,1/202.4,1/708.2,6.100294351583928
2023-09-03,アイムジャグラーEX-TP,162,4738,545,19,16,1/135.4,1/249.4,1/296.1,6.087597391440106
2023-09-03,アイムジャグラーEX-TP,163,6421,2145,33,19,1/123.5,1/194.6,1/337.9,6.2051067148860435
2023-09-03,アイムジャグラーEX-TP,164,3154,-1252,6,11,1/185.5,1/525.7,1/286.7,6.055092006969461
2023-09-03,アイムジャグラーEX-TP,165,6026,182,24,13,1/162.9,1/251.1,1/463.5,5.915522935908784
2023-09-03,アイムジャグラーEX-TP,166,1802,-928,3,0,1/600.7,1/600.7,1/0.0,5.015512322754731
2023-09-03,アイムジャグラーEX-TP,167,4000,-589,14,7,1/190.5,1/285.7,1/571.4,5.992475697702073
2023-09-03,アイムジャグラーEX-TP,168,6919,-799,22,26,1/144.1,1/314.5,1/266.1,6.369293300994739
2023-09-03,アイムジャグラーEX-TP,169,6793,-1035,21,15,1/188.7,1/323.5,1/452.9,5.759905044069166
2023-09-03,アイムジャグラーEX-TP,170,4784,-222,16,14,1/159.5,1/299.0,1/341.7,5.869954063437664
2023-09-03,アイムジャグラーEX-TP,171,3346,-473,8,12,1/167.3,1/418.2,1/278.8,5.537719516128434
2023-09-03,アイムジャグラーEX-TP,172,5433,-557,18,16,1/159.8,1/301.8,1/339.6,6.09348625946327
2023-09-03,アイムジャグラーEX-TP,173,3802,106,16,8,1/158.4,1/237.6,1/475.2,6.161234948728542
2023-09-03,アイムジャグラーEX-TP,174,3945,-518,13,13,1/151.7,1/303.5,1/303.5,6.373539841409527
2023-09-03,アイムジャグラーEX-TP,175,5096,-1518,12,18,1/169.9,1/424.7,1/283.1,6.142702056505771
2023-09-03,アイムジャグラーEX-TP,176,7015,1189,28,27,1/127.5,1/250.5,1/259.8,6.022483566625517
2023-09-03,アイムジャグラーEX-TP,177,3330,-500,12,7,1/175.3,1/277.5,1/475.7,6.286643177024038
2023-09-03,アイムジャグラーEX-TP,178,6599,-577,21,23,1/150.0,1/314.2,1/286.9,6.109913859751192
2023-09-03,マイジャグラーV,117,4635,-186,14,17,1/149.5,1/331.1,1/272.6,5.640181474207909
2023-09-03,マイジャグラーV,118,7723,29,27,27,1/143.0,1/286.0,1/286.0,5.861424040920815
2023-09-03,マイジャグラーV,119,9075,2160,37,36,1/124.3,1/245.3,1/252.1,5.652748505890392
2023-09-03,マイジャグラーV,120,3878,-2278,6,13,1/204.1,1/646.3,1/298.3,6.381378695962219
2023-09-03,ファンキージャグラー2,113,5937,1222,26,19,1/131.9,1/228.3,1/312.5,5.78891810013061
2023-09-03,ファンキージャグラー2,114,2822,292,14,7,1/134.4,1/201.6,1/403.1,6.617148650246468
2023-09-03,ファンキージャグラー2,115,5427,-140,19,17,1/150.8,1/285.6,1/319.2,5.852589400776725
2023-09-03,ファンキージャグラー2,116,2603,-356,8,9,1/153.1,1/325.4,1/289.2,6.027283530462224
2023-09-03,ハッピージャグラーVIII,109,4893,-472,16,15,1/157.8,1/305.8,1/326.2,6.122556328683486
2023-09-03,ハッピージャグラーVIII,110,4200,-933,14,10,1/175.0,1/300.0,1/420.0,6.497198083326564
2023-09-03,ハッピージャグラーVIII,111,3957,637,17,12,1/136.4,1/232.8,1/329.8,6.054801809195284
2023-09-03,ハッピージャグラーVIII,112,5391,1260,27,17,1/122.5,1/199.7,1/317.1,6.602069318880546
2023-09-02,アイムジャグラーEX-TP,121,5291,1209,25,14,1/135.7,1/211.6,1/377.9,6.071497778831297
2023-09-02,アイムジャグラーEX-TP,122,3852,34,18,2,1/192.6,1/214.0,1/1926.0,6.090011893546591
2023-09-02,アイムジャグラーEX-TP,123,2179,-1117,5,3,1/272.4,1/435.8,1/726.3,6.116042117440583
2023-09-02,アイムジャグラーEX-TP,124,7283,2289,33,27,1/121.4,1/220.7,1/269.7,5.921285906546027
2023-09-02,アイムジャグラーEX-TP,125,6969,1802,32,22,1/129.1,1/217.8,1/316.8,6.003642709567921
2023-09-02,アイムジャグラーEX-TP,126,3675,1210,20,9,1/126.7,1/183.8,1/408.3,6.36456487374998
2023-09-02,アイムジャグラーEX-TP,127,4924,-411,15,17,1/153.9,1/328.3,1/289.6,5.92321027025958
2023-09-02,アイムジャグラーEX-TP,128,5691,903,22,20,1/135.5,1/258.7,1/284.6,5.792978787559161
2023-09-02,アイムジャグラーEX-TP,129,4597,-679,15,10,1/183.9,1/306.5,1/459.7,5.91022452514843
2023-09-02,アイムジャグラーEX-TP,130,3613,119,16,5,1/172.0,1/225.8,1/722.6,6.075370205365505
2023-09-02,アイムジャグラーEX-TP,131,6517,-703,23,17,1/162.9,1/283.3,1/383.4,6.224405154315582
2023-09-02,アイムジャグラーEX-TP,132,4741,-673,12,16,1/169.3,1/395.1,1/296.3,5.59842287196519
2023-09-02,アイムジャグラーEX-TP,145,7074,1142,28,27,1/128.6,1/252.6,1/262.0,6.0072698155217035
2023-09-02,アイムジャグラーEX-TP,146,1499,166,6,4,1/149.9,1/249.8,1/374.8,5.800377399872291
2023-09-02,アイムジャグラーEX-TP,147,4320,916,19,16,1/123.4,1/227.4,1/270.0,6.237600152647937
2023-09-02,アイムジャグラーEX-TP,148,1069,-1214,0,2,1/534.5,1/0.0,1/534.5,6.5872069170479
2023-09-02,アイムジャグラーEX-TP,149,3352,-373,12,8,1/167.6,1/279.3,1/419.0,6.2003335157918364
2023-09-02,アイムジャグラーEX-TP,150,1663,-1694,0,4,1/415.8,1/0.0,1/415.8,6.247193834158679
2023-09-02,アイムジャグラーEX-TP,151,4817,1372,22,17,1/123.5,1/219.0,1/283.4,6.01733173922136
2023-09-02,アイムジャグラーEX-TP,152,1794,-292,6,5,1/163.1,1/299.0,1/358.8,6.350284900895025
2023-09-02,アイムジャグラーEX-TP,153,6342,3048,35,19,1/117.4,1/181.2,1/333.8,5.983650086559131
2023-09-02,アイムジャグラーEX-TP,154,1466,-532,4,4,1/183.2,1/366.5,1/366.5,6.557387608344504
2023-09-02,アイムジャグラーEX-TP,155,6444,1861,31,20,1/126.4,1/207.9,1/322.2,6.093801362369344
2023-09-02,アイムジャグラーEX-TP,156,1810,-730,4,4,1/226.2,1/452.5,1/452.5,5.885558724869314
2023-09-02,アイムジャグラーEX-TP,157,8087,847,33,27,1/134.8,1/245.1,1/299.5,6.202564798509679
2023-09-02,アイムジャグラーEX-TP,158,6316,1329,29,19,1/131.6,1/217.8,1/332.4,6.160546975419184
2023-09-02,アイムジャグラーEX-TP,159,1856,-910,5,1,1/309.3,1/371.2,1/1856.0,6.107619011201492
2023-09-02,アイムジャグラーEX-TP,160,5106,474,20,18,1/134.4,1/255.3,1/283.7,6.148009240652948
2023-09-02,アイムジャグラーEX-TP,161,2526,-887,7,6,1/194.3,1/360.9,1/421.0,6.376198916606563
2023-09-02,アイムジャグラーEX-TP,162,2301,-1091,5,6,1/209.2,1/460.2,1/383.5,6.349963458043837
2023-09-02,アイムジャグラーEX-TP,163,5902,304,23,18,1/144.0,1/256.6,1/327.9,6.105863612283743
2023-09-02,アイムジャグラーEX-TP,164,5041,-133,17,16,1/152.8,1/296.5,1/315.1,5.915789088517726
2023-09-02,アイムジャグラーEX-TP,165,6087,102,21,23,1/138.3,1/289.9,1/264.7,6.068125217872312
2023-09-02,アイムジャグラーEX-TP,166,6583,2870,32,27,1/111.6,1/205.7,1/243.8,5.915853946687417
2023-09-02,アイムジャグラーEX-TP,167,2513,445,12,6,1/139.6,1/209.4,1/418.8,6.258700976601424
2023-09-02,アイムジャグラーEX-TP,168,5452,922,25,12,1/147.4,1/218.1,1/454.3,5.989439405499582
2023-09-02,アイムジャグラーEX-TP,169,2081,-1017,7,0,1/297.3,1/297.3,1/0.0,6.697553082292137
2023-09-02,アイムジャグラーEX-TP,170,6366,279,27,12,1/163.2,1/235.8,1/530.5,6.028740842926498
2023-09-02,アイムジャグラーEX-TP,171,1423,-472,4,2,1/237.2,1/355.8,1/711.5,5.89753083687496
2023-09-02,アイムジャグラーEX-TP,172,3940,69,15,11,1/151.5,1/262.7,1/358.2,6.0451690737128585
2023-09-02,アイムジャグラーEX-TP,173,2191,-1213,4,4,1/273.9,1/547.8,1/547.8,5.9607914320438224
2023-09-02,アイムジャグラーEX-TP,174,4526,2034,25,13,1/119.1,1/181.0,1/348.2,6.077537290579089
2023-09-02,アイムジャグラーEX-TP,175,4802,485,19,12,1/154.9,1/252.7,1/400.2,5.725832565805073
2023-09-02,アイムジャグラーEX-TP,176,2425,-1291,5,5,1/242.5,1/485.0,1/485.0,6.242607015660578
2023-09-02,アイムジャグラーEX-TP,177,5343,547,21,18,1/137.0,1/254.4,1/296.8,6.05005155678878
2023-09-02,アイムジャグラーEX-TP,178,6154,1062,25,21,1/133.8,1/246.2,1/293.0,5.9032723217892356
2023-09-02,マイジャグラーV,117,2887,-660,9,7,1/180.4,1/320.8,1/412.4,6.037159621896582
2023-09-02,マイジャグラーV,118,5970,759,23,26,1/121.8,1/259.6,1/229.6,6.055523597960855
2023-09-02,マイジャグラーV,119,6257,-792,21,21,1/149.0,1/298.0,1/298.0,6.24371165676905
2023-09-02,マイジャグラーV,120,6966,-212,21,29,1/139.3,1/331.7,1/240.2,5.78741350925586
2023-09-02,ファンキージャグラー2,113,3173,-197,12,7,1/167.0,1/264.4,1/453.3,5.918651051195935
2023-09-02,ファンキージャグラー2,114,4891,-498,17,13,1/163.0,1/287.7,1/376.2,5.960661855878759
2023-09-02,ファンキージャグラー2,115,1962,-799,4,6,1/196.2,1/490.5,1/327.0,5.959428954881853
2023-09-02,ファンキージャグラー2,116,5798,-166,21,17,1/152.6,1/276.1,1/341.1,5.907358045933987
2023-09-02,ハッピージャグラーVIII,109,6418,1057,28,18,1/139.5,1/229.2,1/356.6,6.011216895134822
2023-09-02,ハッピージャグラーVIII,110,3014,-76,13,8,1/143.5,1/231.8,1/376.8,6.854041937572162
2023-09-02,ハッピージャグラーVIII,111,4605,-223,19,12,1/148.5,1/242.4,1/383.8,6.7029573706285115
2023-09-02,ハッピージャグラーVIII,112,1286,-784,3,1,1/321.5,1/428.7,1/1286.0,6.466918831242711
2023-09-01,アイムジャグラーEX-TP,121,5827,1163,26,16,1/138.7,1/224.1,1/364.2,5.946661214557028
2023-09-01,アイムジャグラーEX-TP,122,2668,-1476,5,7,1/222.3,1/533.6,1/381.1,6.37789679147806
2023-09-01,アイムジャグラーEX-TP,123,1529,-506,5,0,1/305.8,1/305.8,1/0.0,5.814928362478522
2023-09-01,アイムジャグラーEX-TP,124,4125,-270,14,11,1/165.0,1/294.6,1/375.0,5.899103872493551
2023-09-01,アイムジャグラーEX-TP,125,3154,-512,9,10,1/166.0,1/350.4,1/315.4,5.9389376656521575
2023-09-01,アイムジャグラーEX-TP,126,6296,890,21,34,1/114.5,1/299.8,1/185.2,6.073151241751556
2023-09-01,アイムジャグラーEX-TP,127,416,-516,0,1,1/416.0,1/0.0,1/416.0,7.554517374391167
2023-09-01,アイムジャグラーEX-TP,128,7522,1610,31,28,1/127.5,1/242.6,1/268.6,5.91568863354065
2023-09-01,アイムジャグラーEX-TP,129,2165,429,10,5,1/144.3,1/216.5,1/433.0,5.94359188141038
2023-09-01,アイムジャグラーEX-TP,130,5754,1799,28,19,1/122.4,1/205.5,1/302.8,6.135797482682981
2023-09-01,アイムジャグラーEX-TP,131,758,-508,1,1,1/379.0,1/758.0,1/758.0,5.7101609677803795
2023-09-01,アイムジャグラーEX-TP,132,8805,3204,45,27,1/122.3,1/195.7,1/326.1,6.078776805127464
2023-09-01,アイムジャグラーEX-TP,145,1012,-882,1,1,1/506.0,1/1012.0,1/1012.0,6.086486568411206
2023-09-01,アイムジャグラーEX-TP,146,2338,37,7,10,1/137.5,1/334.0,1/233.8,5.7782572286850575
2023-09-01,アイムジャグラーEX-TP,147,811,-242,2,2,1/202.8,1/405.5,1/405.5,5.816395263575222
2023-09-01,アイムジャグラーEX-TP,148,4328,1172,18,22,1/108.2,1/240.4,1/196.7,6.299202330029533
2023-09-01,アイムジャグラーEX-TP,149,3021,142,11,10,1/143.9,1/274.6,1/302.1,5.94713616061748
2023-09-01,アイムジャグラーEX-TP,150,1792,291,8,5,1/137.8,1/224.0,1/358.4,6.138301621686536
2023-09-01,アイムジャグラーEX-TP,151,1659,-985,2,5,1/237.0,1/829.5,1/331.8,5.9496141913683545
2023-09-01,アイムジャグラーEX-TP,152,1081,269,4,7,1/98.3,1/270.2,1/154.4,6.50047695220117
2023-09-01,アイムジャグラーEX-TP,153,6487,431,23,23,1/141.0,1/282.0,1/282.0,5.855544097211673
2023-09-01,アイムジャグラーEX-TP,154,3645,71,14,9,1/158.5,1/260.4,1/405.0,5.936510607013504
2023-09-01,アイムジャグラーEX-TP,155,953,24,4,2,1/158.8,1/238.2,1/476.5,6.15837478873802
2023-09-01,アイムジャグラーEX-TP,156,5508,-72,21,13,1/162.0,1/262.3,1/423.7,6.003689718589798
2023-09-01,アイムジャグラーEX-TP,157,3932,-548,13,11,1/163.8,1/302.5,1/357.5,6.192913215676802
2023-09-01,アイムジャグラーEX-TP,158,2504,-732,7,5,1/208.7,1/357.7,1/500.8,5.954969207767449
2023-09-01,アイムジャグラーEX-TP,159,1817,-1301,2,6,1/227.1,1/908.5,1/302.8,6.550824156411039
2023-09-01,アイムジャグラーEX-TP,160,3498,-831,10,10,1/174.9,1/349.8,1/349.8,6.152948581613428
2023-09-01,アイムジャグラーEX-TP,161,4737,-247,16,13,1/163.3,1/296.1,1/364.4,5.855918228684746
2023-09-01,アイムジャグラーEX-TP,162,1703,412,8,5,1/131.0,1/212.9,1/340.6,6.105367894663009
2023-09-01,アイムジャグラーEX-TP,163,3744,-1384,8,11,1/197.1,1/468.0,1/340.4,5.961451098084484
2023-09-01,アイムジャグラーEX-TP,164,3378,-410,10,12,1/153.5,1/337.8,1/281.5,6.038660081035315
2023-09-01,アイムジャグラーEX-TP,165,3715,148,15,10,1/148.6,1/247.7,1/371.5,6.166667510468187
2023-09-01,アイムジャグラーEX-TP,166,6031,2255,29,18,1/128.3,1/208.0,1/335.1,5.674534322412851
2023-09-01,アイムジャグラーEX-TP,167,5885,1485,26,21,1/125.2,1/226.3,1/280.2,6.011686370986019
2023-09-01,アイムジャグラーEX-TP,168,2041,-1309,4,3,1/291.6,1/510.2,1/680.3,6.376752204814407
2023-09-01,アイムジャグラーEX-TP,169,8116,2848,37,30,1/121.1,1/219.4,1/270.5,5.789856364264547
2023-09-01,アイムジャグラーEX-TP,170,990,-326,3,2,1/198.0,1/330.0,1/495.0,6.424468529351547
2023-09-01,アイムジャグラーEX-TP,171,6822,1210,26,32,1/117.6,1/262.4,1/213.2,6.147538878497508
2023-09-01,アイムジャグラーEX-TP,172,3612,-698,10,12,1/164.2,1/361.2,1/301.0,6.046716611117341
2023-09-01,アイムジャグラーEX-TP,173,1225,-364,4,2,1/204.2,1/306.2,1/612.5,6.3731878685718595
2023-09-01,アイムジャグラーEX-TP,174,2233,-1030,5,6,1/203.0,1/446.6,1/372.2,6.407486837033506
2023-09-01,アイムジャグラーEX-TP,175,2760,-616,6,12,1/153.3,1/460.0,1/230.0,5.948815614520195
2023-09-01,アイムジャグラーEX-TP,176,5345,-229,17,21,1/140.7,1/314.4,1/254.5,6.096925951608089
2023-09-01,アイムジャグラーEX-TP,177,1908,-693,4,6,1/190.8,1/477.0,1/318.0,5.975256799814053
2023-09-01,アイムジャグラーEX-TP,178,4437,-1893,9,12,1/211.3,1/493.0,1/369.8,5.995028625552336
2023-09-01,マイジャグラーV,117,7700,618,31,20,1/151.0,1/248.4,1/385.0,5.713580262028872
2023-09-01,マイジャグラーV,118,2550,-1458,3,8,1/231.8,1/850.0,1/318.8,5.803530851100602
2023-09-01,マイジャグラーV,119,5547,-1185,16,17,1/168.1,1/346.7,1/326.3,5.993031431727956
2023-09-01,マイジャグラーV,120,4893,192,19,13,1/152.9,1/257.5,1/376.4,5.765047546200165
2023-09-01,ファンキージャグラー2,113,5090,-243,18,13,1/164.2,1/282.8,1/391.5,5.748706152880289
2023-09-01,ファンキージャグラー2,114,3973,-678,11,16,1/147.1,1/361.2,1/248.3,6.097328081543361
2023-09-01,ファンキージャグラー2,115,6060,1618,27,24,1/118.8,1/224.4,1/252.5,5.914956396717882
2023-09-01,ファンキージャグラー2,116,605,130,3,1,1/151.2,1/201.7,1/605.0,5.715206760003236
2023-09-01,ハッピージャグラーVIII,109,5119,-764,16,18,1/150.6,1/319.9,1/284.4,6.423988546125051
2023-09-01,ハッピージャグラーVIII,110,1795,-581,4,6,1/179.5,1/448.8,1/299.2,6.141637888431331
2023-09-01,ハッピージャグラーVIII,111,4526,521,18,13,1/146.0,1/251.4,1/348.2,5.851194845725639
2023-09-01,ハッピージャグラーVIII,112,4894,3247,32,12,1/111.2,1/152.9,1/407.8,5.962123157862773
2023-08-31,アイムジャグラーEX-TP,121,2461,-375,8,6,1/175.8,1/307.6,1/410.2,6.02873105573541
2023-08-31,アイムジャグラーEX-TP,122,3836,-573,13,10,1/166.8,1/295.1,1/383.6,6.2540688742214625
2023-08-31,アイムジャグラーEX-TP,123,378,-405,0,1,1/378.0,1/0.0,1/378.0,6.6395149149325325
2023-08-31,アイムジャグラーEX-TP,124,3588,-79,13,9,1/163.1,1/276.0,1/398.7,5.89511990210552
2023-08-31,アイムジャグラーEX-TP,125,1265,-452,2,5,1/180.7,1/632.5,1/253.0,5.725358836299317
2023-08-31,アイムジャグラーEX-TP,126,1660,-91,7,4,1/150.9,1/237.1,1/415.0,6.75393482819068
2023-08-31,アイムジャグラーEX-TP,127,1205,-362,4,1,1/241.0,1/301.2,1/1205.0,6.08441584179913
2023-08-31,アイムジャグラーEX-TP,128,1285,-395,4,2,1/214.2,1/321.2,1/642.5,6.198778671763333
2023-08-31,アイムジャグラーEX-TP,129,1826,-148,5,9,1/130.4,1/365.2,1/202.9,6.202413207485259
2023-08-31,アイムジャグラーEX-TP,130,5274,2746,28,24,1/101.4,1/188.4,1/219.8,6.242011373479685
2023-08-31,アイムジャグラーEX-TP,131,3400,-486,9,14,1/147.8,1/377.8,1/242.9,6.023645465944478
2023-08-31,アイムジャグラーEX-TP,132,2015,69,9,3,1/167.9,1/223.9,1/671.7,6.160749391721542
2023-08-31,アイムジャグラーEX-TP,145,1172,-564,4,0,1/293.0,1/293.0,1/0.0,6.725046805637196
2023-08-31,アイムジャグラーEX-TP,146,1703,-367,4,8,1/141.9,1/425.8,1/212.9,6.273342691898349
2023-08-31,アイムジャグラーEX-TP,147,2439,-243,6,11,1/143.5,1/406.5,1/221.7,5.792794518890602
2023-08-31,アイムジャグラーEX-TP,148,2415,217,9,9,1/134.2,1/268.3,1/268.3,6.029223383600162
2023-08-31,アイムジャグラーEX-TP,149,1217,-793,1,5,1/202.8,1/1217.0,1/243.4,6.255198316513858
2023-08-31,アイムジャグラーEX-TP,150,5098,480,18,24,1/121.4,1/283.2,1/212.4,6.2162436812395105
2023-08-31,アイムジャグラーEX-TP,151,372,-241,0,2,1/186.0,1/0.0,1/186.0,5.846355881512597
2023-08-31,アイムジャグラーEX-TP,152,901,-772,1,1,1/450.5,1/901.0,1/901.0,6.21638512168591
2023-08-31,アイムジャグラーEX-TP,153,1658,-279,6,4,1/165.8,1/276.3,1/414.5,6.5518882281062405
2023-08-31,アイムジャグラーEX-TP,154,1132,128,5,3,1/141.5,1/226.4,1/377.3,6.25389210864889
2023-08-31,アイムジャグラーEX-TP,155,2436,-310,8,6,1/174.0,1/304.5,1/406.0,5.964215587883867
2023-08-31,アイムジャグラーEX-TP,156,3236,313,13,12,1/129.4,1/248.9,1/269.7,6.33672126644975
2023-08-31,アイムジャグラーEX-TP,157,2361,-284,8,7,1/157.4,1/295.1,1/337.3,6.277974846034728
2023-08-31,アイムジャグラーEX-TP,158,1103,-391,2,5,1/157.6,1/551.5,1/220.6,6.218520852369214
2023-08-31,アイムジャグラーEX-TP,159,4156,773,18,12,1/138.5,1/230.9,1/346.3,5.921073570991777
2023-08-31,アイムジャグラーEX-TP,160,839,-514,1,2,1/279.7,1/839.0,1/419.5,5.758849976192407
2023-08-31,アイムジャグラーEX-TP,161,4242,-249,14,12,1/163.2,1/303.0,1/353.5,5.835305878563075
2023-08-31,アイムジャグラーEX-TP,162,443,-432,0,1,1/443.0,1/0.0,1/443.0,5.9784503182006565
2023-08-31,アイムジャグラーEX-TP,163,1820,-483,6,3,1/202.2,1/303.3,1/606.7,6.261578113789045
2023-08-31,アイムジャグラーEX-TP,164,3689,589,16,12,1/131.8,1/230.6,1/307.4,6.209167026357367
2023-08-31,アイムジャグラーEX-TP,165,4692,-1078,14,12,1/180.5,1/335.1,1/391.0,6.128949492048289
2023-08-31,アイムジャグラーEX-TP,166,1326,-41,5,3,1/165.8,1/265.2,1/442.0,5.994736567043126
2023-08-31,アイムジャグラーEX-TP,167,3789,-121,12,13,1/151.6,1/315.8,1/291.5,5.8230108082549545
2023-08-31,アイムジャグラーEX-TP,168,1280,-664,3,3,1/213.3,1/426.7,1/426.7,6.680804222685818
2023-08-31,アイムジャグラーEX-TP,169,3375,-1022,10,6,1/210.9,1/337.5,1/562.5,6.098828121470586
2023-08-31,アイムジャグラーEX-TP,170,2096,236,11,2,1/161.2,1/190.5,1/1048.0,6.496433052227262
2023-08-31,アイムジャグラーEX-TP,171,1142,-634,2,3,1/228.4,1/571.0,1/380.7,6.235788259059106
2023-08-31,アイムジャグラーEX-TP,172,8001,1220,30,41,1/112.7,1/266.7,1/195.1,6.396745537982169
2023-08-31,アイムジャグラーEX-TP,173,185,-218,0,0,1/0.0,1/0.0,1/0.0,5.9261821932640135
2023-08-31,アイムジャグラーEX-TP,174,4079,1608,20,14,1/120.0,1/203.9,1/291.4,5.866408742194505
2023-08-31,アイムジャグラーEX-TP,175,888,-324,3,1,1/222.0,1/296.0,1/888.0,6.625949906027912
2023-08-31,アイムジャグラーEX-TP,176,2361,-1134,6,5,1/214.6,1/393.5,1/472.2,6.62361847688252
2023-08-31,アイムジャグラーEX-TP,177,4561,1189,22,12,1/134.1,1/207.3,1/380.1,6.030907388825491
2023-08-31,アイムジャグラーEX-TP,178,3528,-1507,8,12,1/176.4,1/441.0,1/294.0,6.625487484138642
2023-08-31,マイジャグラーV,117,3694,908,16,13,1/127.4,1/230.9,1/284.2,5.694545057858463
2023-08-31,マイジャグラーV,118,1865,-756,4,4,1/233.1,1/466.2,1/466.2,5.682860323768017
2023-08-31,マイジャグラーV,119,1531,-423,5,2,1/218.7,1/306.2,1/765.5,5.932695976364504
2023-08-31,マイジャグラーV,120,6474,2142,34,16,1/129.5,1/190.4,1/404.6,5.8415425943975725
2023-08-31,ファンキージャグラー2,113,995,-334,3,2,1/199.0,1/331.7,1/497.5,6.248986796660246
2023-08-31,ファンキージャグラー2,114,3112,-274,9,10,1/163.8,1/345.8,1/311.2,5.545304127946132
2023-08-31,ファンキージャグラー2,115,580,-132,2,0,1/290.0,1/290.0,1/0.0,5.419636370432146
2023-08-31,ファンキージャグラー2,116,1108,79,5,3,1/138.5,1/221.6,1/369.3,6.336861977941657
2023-08-31,ハッピージャグラーVIII,109,3256,-629,11,7,1/180.9,1/296.0,1/465.1,6.291397190628369
2023-08-31,ハッピージャグラーVIII,110,4310,1601,22,16,1/113.4,1/195.9,1/269.4,6.284524558766408
2023-08-31,ハッピージャグラーVIII,111,230,-329,0,0,1/0.0,1/0.0,1/0.0,7.620025759000119
2023-08-31,ハッピージャグラーVIII,112,1067,-381,3,3,1/177.8,1/355.7,1/355.7,6.778476051515464
2023-08-30,アイムジャグラーEX-TP,121,1868,-213,8,1,1/207.6,1/233.5,1/1868.0,6.214621280546669
2023-08-30,アイムジャグラーEX-TP,122,1025,-910,1,1,1/512.5,1/1025.0,1/1025.0,6.142193272350841
2023-08-30,アイムジャグラーEX-TP,123,2415,759,13,7,1/120.8,1/185.8,1/345.0,6.589599728885038
2023-08-30,アイムジャグラーEX-TP,124,1006,-227,4,2,1/167.7,1/251.5,1/503.0,7.179368749363953
2023-08-30,アイムジャグラーEX-TP,125,324,-132,1,0,1/324.0,1/324.0,1/0.0,5.945967670452449
2023-08-30,アイムジャグラーEX-TP,126,5714,1387,26,21,1/121.6,1/219.8,1/272.1,6.260999688363507
2023-08-30,アイムジャグラーEX-TP,127,1900,298,9,5,1/135.7,1/211.1,1/380.0,6.428942422053303
2023-08-30,アイムジャグラーEX-TP,128,856,374,5,2,1/122.3,1/171.2,1/428.0,6.273981396032689
2023-08-30,アイムジャグラーEX-TP,129,4738,1560,26,10,1/131.6,1/182.2,1/473.8,6.26079815900292
2023-08-30,アイムジャグラーEX-TP,130,3174,-1048,9,6,1/211.6,1/352.7,1/529.0,6.127209557381308
2023-08-30,アイムジャグラーEX-TP,131,1783,-512,5,2,1/254.7,1/356.6,1/891.5,5.595383127933398
2023-08-30,アイムジャグラーEX-TP,132,1292,-215,6,0,1/215.3,1/215.3,1/0.0,6.6939127567636225
2023-08-30,アイムジャグラーEX-TP,145,1156,139,4,4,1/144.5,1/289.0,1/289.0,5.518762743042778
2023-08-30,アイムジャグラーEX-TP,146,1379,-417,4,5,1/153.2,1/344.8,1/275.8,6.94577675366886
2023-08-30,アイムジャグラーEX-TP,147,656,-93,2,2,1/164.0,1/328.0,1/328.0,6.014362591251449
2023-08-30,アイムジャグラーEX-TP,148,931,-844,0,3,1/310.3,1/0.0,1/310.3,6.084391092634428
2023-08-30,アイムジャグラーEX-TP,149,1368,-602,2,5,1/195.4,1/684.0,1/273.6,5.827501607355296
2023-08-30,アイムジャグラーEX-TP,150,585,-469,1,0,1/585.0,1/585.0,1/0.0,6.167493304052676
2023-08-30,アイムジャグラーEX-TP,151,2412,1139,13,7,1/120.6,1/185.5,1/344.6,5.839649613275742
2023-08-30,アイムジャグラーEX-TP,152,3109,220,12,9,1/148.0,1/259.1,1/345.4,5.910229413282268
2023-08-30,アイムジャグラーEX-TP,153,739,-191,2,2,1/184.8,1/369.5,1/369.5,6.005514996884283
2023-08-30,アイムジャグラーEX-TP,154,160,-234,0,0,1/0.0,1/0.0,1/0.0,7.505957854046649
2023-08-30,アイムジャグラーEX-TP,155,6167,2265,30,20,1/123.3,1/205.6,1/308.4,5.863108184338098
2023-08-30,アイムジャグラーEX-TP,156,2182,-245,8,3,1/198.4,1/272.8,1/727.3,5.865504203660628
2023-08-30,アイムジャグラーEX-TP,157,1049,-385,3,2,1/209.8,1/349.7,1/524.5,6.343362396898439
2023-08-30,アイムジャグラーEX-TP,158,6456,906,27,19,1/140.3,1/239.1,1/339.8,5.981007854297312
2023-08-30,アイムジャグラーEX-TP,159,4327,-868,13,17,1/144.2,1/332.8,1/254.5,6.674198160722404
2023-08-30,アイムジャグラーEX-TP,160,1571,-1034,1,5,1/261.8,1/1571.0,1/314.2,5.6856153641757885
2023-08-30,アイムジャグラーEX-TP,161,1026,60,4,3,1/146.6,1/256.5,1/342.0,6.020657191701421
2023-08-30,アイムジャグラーEX-TP,162,2514,1790,17,4,1/119.7,1/147.9,1/628.5,5.7562415781480425
2023-08-30,アイムジャグラーEX-TP,163,5879,497,20,27,1/125.1,1/293.9,1/217.7,6.057512407055849
2023-08-30,アイムジャグラーEX-TP,164,291,-121,0,2,1/145.5,1/0.0,1/145.5,5.4874454414036995
2023-08-30,アイムジャグラーEX-TP,165,3479,-7,13,11,1/145.0,1/267.6,1/316.3,6.219406206348849
2023-08-30,アイムジャグラーEX-TP,166,1722,298,7,7,1/123.0,1/246.0,1/246.0,6.1879369152408605
2023-08-30,アイムジャグラーEX-TP,167,1040,141,5,1,1/173.3,1/208.0,1/1040.0,5.86347903890813
2023-08-30,アイムジャグラーEX-TP,168,3771,128,13,13,1/145.0,1/290.1,1/290.1,5.849011377482661
2023-08-30,アイムジャグラーEX-TP,169,3577,-454,12,12,1/149.0,1/298.1,1/298.1,6.456969147420854
2023-08-30,アイムジャグラーEX-TP,170,1592,-665,5,3,1/199.0,1/318.4,1/530.7,7.005171330121866
2023-08-30,アイムジャグラーEX-TP,171,4133,286,18,8,1/159.0,1/229.6,1/516.6,6.0656242129034394
2023-08-30,アイムジャグラーEX-TP,172,1303,-120,4,5,1/144.8,1/325.8,1/260.6,6.156568579094684
2023-08-30,アイムジャグラーEX-TP,173,6314,2407,28,31,1/107.0,1/225.5,1/203.7,6.025482944986949
2023-08-30,アイムジャグラーEX-TP,174,1499,300,6,5,1/136.3,1/249.8,1/299.8,5.693661776967152
2023-08-30,アイムジャグラーEX-TP,175,2813,701,13,10,1/122.3,1/216.4,1/281.3,6.26082554715954
2023-08-30,アイムジャグラーEX-TP,176,2402,-609,9,3,1/200.2,1/266.9,1/800.7,6.587534344584761
2023-08-30,アイムジャグラーEX-TP,177,1859,90,7,6,1/143.0,1/265.6,1/309.8,6.0457818865968065
2023-08-30,アイムジャグラーEX-TP,178,4117,-661,11,14,1/164.7,1/374.3,1/294.1,5.828510442681809
2023-08-30,マイジャグラーV,117,4350,-1523,8,14,1/197.7,1/543.8,1/310.7,5.579332293407787
2023-08-30,マイジャグラーV,118,6020,-615,17,25,1/143.3,1/354.1,1/240.8,5.894527178751757
2023-08-30,マイジャグラーV,119,2678,-503,8,6,1/191.3,1/334.8,1/446.3,5.655367829172961
2023-08-30,マイジャグラーV,120,7462,3080,36,34,1/106.6,1/207.3,1/219.5,5.903881030958223
2023-08-30,ファンキージャグラー2,113,5178,-33,19,16,1/147.9,1/272.5,1/323.6,5.925452418677155
2023-08-30,ファンキージャグラー2,114,467,-647,0,0,1/0.0,1/0.0,1/0.0,6.9975270784256836
2023-08-30,ファンキージャグラー2,115,3985,1439,20,16,1/110.7,1/199.2,1/249.1,6.122680816179472
2023-08-30,ファンキージャグラー2,116,768,448,6,0,1/128.0,1/128.0,1/0.0,6.43659742016482
2023-08-30,ハッピージャグラーVIII,109,1174,-123,4,3,1/167.7,1/293.5,1/391.3,6.086953478487818
2023-08-30,ハッピージャグラーVIII,110,1420,-661,3,3,1/236.7,1/473.3,1/473.3,6.1245637057060875
2023-08-30,ハッピージャグラーVIII,111,3229,-766,9,7,1/201.8,1/358.8,1/461.3,5.8500500725968285
2023-08-30,ハッピージャグラーVIII,112,1278,-1293,1,1,1/639.0,1/1278.0,1/1278.0,6.632830408569118
2023-08-29,アイムジャグラーEX-TP,121,4737,-592,15,12,1/175.4,1/315.8,1/394.8,5.854561205581329
2023-08-29,アイムジャグラーEX-TP,122,3927,17,11,17,1/140.2,1/357.0,1/231.0,5.647604331400443
2023-08-29,アイムジャグラーEX-TP,123,1150,-74,4,3,1/164.3,1/287.5,1/383.3,5.96311424938003
2023-08-29,アイムジャグラーEX-TP,124,2302,-971,4,9,1/177.1,1/575.5,1/255.8,6.165501725202195
2023-08-29,アイムジャグラーEX-TP,125,2027,-412,6,3,1/225.2,1/337.8,1/675.7,5.554081560824605
2023-08-29,アイムジャグラーEX-TP,126,2999,-964,7,8,1/199.9,1/428.4,1/374.9,5.855018001300677
2023-08-29,アイムジャグラーEX-TP,127,1256,-631,2,4,1/209.3,1/628.0,1/314.0,6.049113212525094
2023-08-29,アイムジャグラーEX-TP,128,2673,-234,8,12,1/133.7,1/334.1,1/222.8,6.343143112129685
2023-08-29,アイムジャグラーEX-TP,129,1683,-452,5,3,1/210.4,1/336.6,1/561.0,5.954459107973201
2023-08-29,アイムジャグラーEX-TP,130,3442,-341,13,5,1/191.2,1/264.8,1/688.4,5.961492637210196
2023-08-29,アイムジャグラーEX-TP,131,3191,-1162,7,12,1/167.9,1/455.9,1/265.9,6.375434704849641
2023-08-29,アイムジャグラーEX-TP,132,2636,-201,9,7,1/164.8,1/292.9,1/376.6,5.964388707629195
2023-08-29,アイムジャグラーEX-TP,145,1641,-577,5,2,1/234.4,1/328.2,1/820.5,6.177233757931261
2023-08-29,アイムジャグラーEX-TP,146,1869,-197,7,4,1/169.9,1/267.0,1/467.2,6.259523878978385
2023-08-29,アイムジャグラーEX-TP,147,1253,-88,5,1,1/208.8,1/250.6,1/1253.0,5.799298363579629
2023-08-29,アイムジャグラーEX-TP,148,2304,-439,7,6,1/177.2,1/329.1,1/384.0,6.031415033579458
2023-08-29,アイムジャグラーEX-TP,149,1681,632,9,3,1/140.1,1/186.8,1/560.3,5.759053533640135
2023-08-29,アイムジャグラーEX-TP,150,4610,209,16,18,1/135.6,1/288.1,1/256.1,6.016259037928402
2023-08-29,アイムジャグラーEX-TP,151,2219,823,13,5,1/123.3,1/170.7,1/443.8,6.597191314921014
2023-08-29,アイムジャグラーEX-TP,152,763,-280,2,2,1/190.8,1/381.5,1/381.5,6.384214940702943
2023-08-29,アイムジャグラーEX-TP,153,1530,-661,3,4,1/218.6,1/510.0,1/382.5,5.905683911971343
2023-08-29,アイムジャグラーEX-TP,154,3334,1718,18,14,1/104.2,1/185.2,1/238.1,6.215193796229931
2023-08-29,アイムジャグラーEX-TP,155,2662,389,12,6,1/147.9,1/221.8,1/443.7,6.027929830911361
2023-08-29,アイムジャグラーEX-TP,156,1474,-81,6,1,1/210.6,1/245.7,1/1474.0,5.771921918035497
2023-08-29,アイムジャグラーEX-TP,157,6126,896,28,15,1/142.5,1/218.8,1/408.4,6.187301993837362
2023-08-29,アイムジャグラーEX-TP,158,6323,-1229,18,22,1/158.1,1/351.3,1/287.4,6.2145809184629694
2023-08-29,アイムジャグラーEX-TP,159,710,-282,1,3,1/177.5,1/710.0,1/236.7,5.819032991458315
2023-08-29,アイムジャグラーEX-TP,160,2403,-268,8,9,1/141.4,1/300.4,1/267.0,6.538101774383141
2023-08-29,アイムジャグラーEX-TP,161,506,-358,0,2,1/253.0,1/0.0,1/253.0,5.538908423453708
2023-08-29,アイムジャグラーEX-TP,162,5164,1359,22,21,1/120.1,1/234.7,1/245.9,5.99811732988859
2023-08-29,アイムジャグラーEX-TP,163,1695,-760,3,5,1/211.9,1/565.0,1/339.0,5.9072035821003706
2023-08-29,アイムジャグラーEX-TP,164,3737,731,17,8,1/149.5,1/219.8,1/467.1,5.809468432394771
2023-08-29,アイムジャグラーEX-TP,165,882,-772,1,0,1/882.0,1/882.0,1/0.0,5.847215442641834
2023-08-29,アイムジャグラーEX-TP,166,1718,-14,7,2,1/190.9,1/245.4,1/859.0,5.773810406012801
2023-08-29,アイムジャグラーEX-TP,167,2751,1314,16,6,1/125.0,1/171.9,1/458.5,5.983835942925299
2023-08-29,アイムジャグラーEX-TP,168,3205,-1015,10,7,1/188.5,1/320.5,1/457.9,6.559196131118024
2023-08-29,アイムジャグラーEX-TP,169,4096,552,19,5,1/170.7,1/215.6,1/819.2,5.7914470507338685
2023-08-29,アイムジャグラーEX-TP,170,901,14,4,0,1/225.2,1/225.2,1/0.0,5.600550581984849
2023-08-29,アイムジャグラーEX-TP,171,4101,-247,15,9,1/170.9,1/273.4,1/455.7,5.969823003263795
2023-08-29,アイムジャグラーEX-TP,172,283,-106,1,0,1/283.0,1/283.0,1/0.0,6.319352380263345
2023-08-29,アイムジャグラーEX-TP,173,6987,-1600,17,30,1/148.7,1/411.0,1/232.9,6.254712463026184
2023-08-29,アイムジャグラーEX-TP,174,2631,548,11,8,1/138.5,1/239.2,1/328.9,5.728500557467367
2023-08-29,アイムジャグラーEX-TP,175,3796,-876,11,12,1/165.0,1/345.1,1/316.3,6.3072813425815974
2023-08-29,アイムジャグラーEX-TP,176,543,-302,1,1,1/271.5,1/543.0,1/543.0,5.996871024864155
2023-08-29,アイムジャグラーEX-TP,177,364,-394,0,1,1/364.0,1/0.0,1/364.0,6.755463899005072
2023-08-29,アイムジャグラーEX-TP,178,5689,460,24,14,1/149.7,1/237.0,1/406.4,6.084400484844046
2023-08-29,マイジャグラーV,117,6690,321,26,24,1/133.8,1/257.3,1/278.8,6.120946541251766
2023-08-29,マイジャグラーV,118,3088,-876,7,11,1/171.6,1/441.1,1/280.7,5.85989299471046
2023-08-29,マイジャグラーV,119,966,-520,2,2,1/241.5,1/483.0,1/483.0,6.155355926686205
2023-08-29,マイジャグラーV,120,7842,-465,27,23,1/156.8,1/290.4,1/341.0,5.847375306105707
2023-08-29,ファンキージャグラー2,113,1859,-496,5,5,1/185.9,1/371.8,1/371.8,5.872798238697578
2023-08-29,ファンキージャグラー2,114,4196,-641,10,20,1/139.9,1/419.6,1/209.8,5.918272688081288
2023-08-29,ファンキージャグラー2,115,2026,-174,5,8,1/155.8,1/405.2,1/253.2,5.419111502431947
2023-08-29,ファンキージャグラー2,116,2247,674,12,6,1/124.8,1/187.2,1/374.5,6.169922253693844
2023-08-29,ハッピージャグラーVIII,109,4201,1324,23,8,1/135.5,1/182.7,1/525.1,6.149634431790008
2023-08-29,ハッピージャグラーVIII,110,5427,1986,25,24,1/110.8,1/217.1,1/226.1,6.065984684897621
2023-08-29,ハッピージャグラーVIII,111,2368,337,10,8,1/131.6,1/236.8,1/296.0,6.215732101946406
2023-08-29,ハッピージャグラーVIII,112,2253,-787,8,2,1/225.3,1/281.6,1/1126.5,6.6951055116163465
2023-08-28,アイムジャグラーEX-TP,121,5627,172,23,14,1/152.1,1/244.7,1/401.9,6.177909996250326
2023-08-28,アイムジャグラーEX-TP,122,1844,-1159,2,5,1/263.4,1/922.0,1/368.8,5.843598000893715
2023-08-28,アイムジャグラーEX-TP,123,1419,-361,4,4,1/177.4,1/354.8,1/354.8,6.167265631736617
2023-08-28,アイムジャグラーEX-TP,124,7577,4415,42,29,1/106.7,1/180.4,1/261.3,5.909529694170022
2023-08-28,アイムジャグラーEX-TP,125,7522,69,25,29,1/139.3,1/300.9,1/259.4,5.991523070175583
2023-08-28,アイムジャグラーEX-TP,126,2415,-896,6,8,1/172.5,1/402.5,1/301.9,6.5705507100956035
2023-08-28,アイムジャグラーEX-TP,127,3787,-232,14,12,1/145.7,1/270.5,1/315.6,6.470396492296743
2023-08-28,アイムジャグラーEX-TP,128,1151,-271,3,3,1/191.8,1/383.7,1/383.7,5.756452352928643
2023-08-28,アイムジャグラーEX-TP,129,2916,-900,6,11,1/171.5,1/486.0,1/265.1,5.955074841873463
2023-08-28,アイムジャグラーEX-TP,130,2050,-561,5,6,1/186.4,1/410.0,1/341.7,5.869078046570419
2023-08-28,アイムジャグラーEX-TP,131,3386,-273,11,9,1/169.3,1/307.8,1/376.2,5.804291761210682
2023-08-28,アイムジャグラーEX-TP,132,3526,-154,14,5,1/185.6,1/251.9,1/705.2,5.917216463508621
2023-08-28,アイムジャグラーEX-TP,145,2025,-1323,3,5,1/253.1,1/675.0,1/405.0,6.3112424265090885
2023-08-28,アイムジャグラーEX-TP,146,640,-606,0,1,1/640.0,1/0.0,1/640.0,5.584186630497424
2023-08-28,アイムジャグラーEX-TP,147,5246,997,24,17,1/128.0,1/218.6,1/308.6,6.347903417339231
2023-08-28,アイムジャグラーEX-TP,148,986,-451,2,2,1/246.5,1/493.0,1/493.0,5.847625816473273
2023-08-28,アイムジャグラーEX-TP,149,1985,-646,5,4,1/220.6,1/397.0,1/496.2,5.805228302666764
2023-08-28,アイムジャグラーEX-TP,150,5015,988,22,13,1/143.3,1/228.0,1/385.8,5.812997549557833
2023-08-28,アイムジャグラーEX-TP,151,966,113,5,1,1/161.0,1/193.2,1/966.0,6.4193664444165925
2023-08-28,アイムジャグラーEX-TP,152,5175,-1182,17,11,1/184.8,1/304.4,1/470.5,6.288872523642515
2023-08-28,アイムジャグラーEX-TP,153,2974,-822,7,11,1/165.2,1/424.9,1/270.4,6.115057751929585
2023-08-28,アイムジャグラーEX-TP,154,2934,-826,9,4,1/225.7,1/326.0,1/733.5,5.942517866694418
2023-08-28,アイムジャグラーEX-TP,155,2203,-1185,4,4,1/275.4,1/550.8,1/550.8,5.876843135932582
2023-08-28,アイムジャグラーEX-TP,156,4370,-1161,10,18,1/156.1,1/437.0,1/242.8,6.175850924851341
2023-08-28,アイムジャグラーEX-TP,157,5446,376,20,21,1/132.8,1/272.3,1/259.3,6.11911769334117
2023-08-28,アイムジャグラーEX-TP,158,1886,-209,7,4,1/171.5,1/269.4,1/471.5,6.235582900867886
2023-08-28,アイムジャグラーEX-TP,159,5424,1683,27,15,1/129.1,1/200.9,1/361.6,6.039998554141938
2023-08-28,アイムジャグラーEX-TP,160,3033,422,14,7,1/144.4,1/216.6,1/433.3,6.211751671576641
2023-08-28,アイムジャグラーEX-TP,161,3120,420,13,10,1/135.7,1/240.0,1/312.0,6.103273848909348
2023-08-28,アイムジャグラーEX-TP,162,2155,-759,5,8,1/165.8,1/431.0,1/269.4,6.453835832085867
2023-08-28,アイムジャグラーEX-TP,163,1415,-578,4,4,1/176.9,1/353.8,1/353.8,7.015487618531994
2023-08-28,アイムジャグラーEX-TP,164,4984,721,22,20,1/118.7,1/226.5,1/249.2,6.7698455972627
2023-08-28,アイムジャグラーEX-TP,165,2891,-880,7,10,1/170.1,1/413.0,1/289.1,6.2203426980653616
2023-08-28,アイムジャグラーEX-TP,166,2299,-298,9,4,1/176.8,1/255.4,1/574.8,6.403102276593909
2023-08-28,アイムジャグラーEX-TP,167,3644,-1100,9,9,1/202.4,1/404.9,1/404.9,5.83658902561734
2023-08-28,アイムジャグラーEX-TP,168,3873,-1159,12,10,1/176.0,1/322.8,1/387.3,6.640827850778112
2023-08-28,アイムジャグラーEX-TP,169,3803,130,13,12,1/152.1,1/292.5,1/316.9,5.701701576357816
2023-08-28,アイムジャグラーEX-TP,170,5898,658,23,21,1/134.0,1/256.4,1/280.9,6.056194336766216
2023-08-28,アイムジャグラーEX-TP,171,5019,257,18,17,1/143.4,1/278.8,1/295.2,5.900464420275961
2023-08-28,アイムジャグラーEX-TP,172,1520,-696,4,2,1/253.3,1/380.0,1/760.0,6.230956127919889
2023-08-28,アイムジャグラーEX-TP,173,3367,-1668,7,7,1/240.5,1/481.0,1/481.0,6.09500922831825
2023-08-28,アイムジャグラーEX-TP,174,3725,-656,10,12,1/169.3,1/372.5,1/310.4,5.8357087409517145
2023-08-28,アイムジャグラーEX-TP,175,2443,-1033,7,5,1/203.6,1/349.0,1/488.6,6.71918578100372
2023-08-28,アイムジャグラーEX-TP,176,2481,-1181,4,9,1/190.8,1/620.2,1/275.7,6.145820325691814
2023-08-28,アイムジャグラーEX-TP,177,6498,1751,31,22,1/122.6,1/209.6,1/295.4,6.266323553467956
2023-08-28,アイムジャグラーEX-TP,178,1716,-784,4,4,1/214.5,1/429.0,1/429.0,6.330359785777082
2023-08-28,マイジャグラーV,117,3148,-511,11,5,1/196.8,1/286.2,1/629.6,5.793276231222793
2023-08-28,マイジャグラーV,118,8418,2153,39,30,1/122.0,1/215.8,1/280.6,5.97723307919862
2023-08-28,マイジャグラーV,119,1985,-400,6,3,1/220.6,1/330.8,1/661.7,5.472367207694135
2023-08-28,マイジャグラーV,120,8459,319,30,27,1/148.4,1/282.0,1/313.3,5.65086898431451
2023-08-28,ファンキージャグラー2,113,2683,-1173,8,2,1/268.3,1/335.4,1/1341.5,6.120327102170826
2023-08-28,ファンキージャグラー2,114,680,-773,0,0,1/0.0,1/0.0,1/0.0,5.747393599262981
2023-08-28,ファンキージャグラー2,115,8483,1843,37,31,1/124.8,1/229.3,1/273.6,5.90688692410257
2023-08-28,ファンキージャグラー2,116,412,-427,0,1,1/412.0,1/0.0,1/412.0,6.3436535749259395
2023-08-28,ハッピージャグラーVIII,109,5762,-1123,15,22,1/155.7,1/384.1,1/261.9,6.172809251971914
2023-08-28,ハッピージャグラーVIII,110,1348,-753,2,4,1/224.7,1/674.0,1/337.0,6.239858205239953
2023-08-28,ハッピージャグラーVIII,111,5466,-561,21,12,1/165.6,1/260.3,1/455.5,6.41716899123213
2023-08-28,ハッピージャグラーVIII,112,3963,-1561,8,14,1/180.1,1/495.4,1/283.1,6.3268443732184405
2023-08-27,アイムジャグラーEX-TP,121,3976,-2124,7,8,1/265.1,1/568.0,1/497.0,5.881819598882686
2023-08-27,アイムジャグラーEX-TP,122,5888,1611,28,19,1/125.3,1/210.3,1/309.9,6.154973386273492
2023-08-27,アイムジャグラーEX-TP,123,2809,-265,10,8,1/156.1,1/280.9,1/351.1,6.307839735330321
2023-08-27,アイムジャグラーEX-TP,124,1404,-1074,2,2,1/351.0,1/702.0,1/702.0,6.300338764368945
2023-08-27,アイムジャグラーEX-TP,125,6526,784,29,14,1/151.8,1/225.0,1/466.1,6.025807983427348
2023-08-27,アイムジャグラーEX-TP,126,1945,-847,4,7,1/176.8,1/486.2,1/277.9,6.486489010236813
2023-08-27,アイムジャグラーEX-TP,127,3063,-1162,7,8,1/204.2,1/437.6,1/382.9,6.033247626287366
2023-08-27,アイムジャグラーEX-TP,128,4374,152,18,8,1/168.2,1/243.0,1/546.8,5.904455860925685
2023-08-27,アイムジャグラーEX-TP,129,3869,-1200,9,12,1/184.2,1/429.9,1/322.4,5.9778052388409755
2023-08-27,アイムジャグラーEX-TP,130,2402,1651,15,8,1/104.4,1/160.1,1/300.2,6.017647138549911
2023-08-27,アイムジャグラーEX-TP,131,6418,2535,31,21,1/123.4,1/207.0,1/305.6,5.722209533939318
2023-08-27,アイムジャグラーEX-TP,132,4002,-1054,12,5,1/235.4,1/333.5,1/800.4,5.7447518885154105
2023-08-27,アイムジャグラーEX-TP,145,2446,1310,16,3,1/128.7,1/152.9,1/815.3,6.137015161061897
2023-08-27,アイムジャグラーEX-TP,146,3294,-839,9,11,1/164.7,1/366.0,1/299.5,6.303874781699151
2023-08-27,アイムジャグラーEX-TP,147,1379,-526,4,2,1/229.8,1/344.8,1/689.5,6.250236253491452
2023-08-27,アイムジャグラーEX-TP,148,8278,-330,32,21,1/156.2,1/258.7,1/394.2,6.271697370039699
2023-08-27,アイムジャグラーEX-TP,149,1556,-464,4,4,1/194.5,1/389.0,1/389.0,5.972939665939165
2023-08-27,アイムジャグラーEX-TP,150,5362,-457,20,12,1/167.6,1/268.1,1/446.8,6.188245362151306
2023-08-27,アイムジャグラーEX-TP,151,3739,591,18,8,1/143.8,1/207.7,1/467.4,6.284180842825124
2023-08-27,アイムジャグラーEX-TP,152,2022,-1079,3,6,1/224.7,1/674.0,1/337.0,5.973383348257436
2023-08-27,アイムジャグラーEX-TP,153,4826,-66,16,17,1/146.2,1/301.6,1/283.9,5.942963387885165
2023-08-27,アイムジャグラーEX-TP,154,1687,-790,4,3,1/241.0,1/421.8,1/562.3,6.177999707249971
2023-08-27,アイムジャグラーEX-TP,155,1958,-876,5,2,1/279.7,1/391.6,1/979.0,5.961105400837605
2023-08-27,アイムジャグラーEX-TP,156,5410,1623,27,15,1/128.8,1/200.4,1/360.7,6.105482192588125
2023-08-27,アイムジャグラーEX-TP,157,7561,-873,30,13,1/175.8,1/252.0,1/581.6,6.3887602973554305
2023-08-27,アイムジャグラーEX-TP,158,1117,-1219,1,0,1/1117.0,1/1117.0,1/0.0,6.600272767942268
2023-08-27,アイムジャグラーEX-TP,159,3419,-327,12,5,1/201.1,1/284.9,1/683.8,5.66754430444039
2023-08-27,アイムジャグラーEX-TP,160,2571,-1553,6,2,1/321.4,1/428.5,1/1285.5,6.329957881036383
2023-08-27,アイムジャグラーEX-TP,161,5155,-228,19,15,1/151.6,1/271.3,1/343.7,6.245655755689816
2023-08-27,アイムジャグラーEX-TP,162,3340,-520,11,7,1/185.6,1/303.6,1/477.1,5.945587902045904
2023-08-27,アイムジャグラーEX-TP,163,5445,1305,26,13,1/139.6,1/209.4,1/418.8,5.966344883990751
2023-08-27,アイムジャグラーEX-TP,164,3243,-978,8,8,1/202.7,1/405.4,1/405.4,5.830974872112319
2023-08-27,アイムジャグラーEX-TP,165,5744,1297,25,18,1/133.6,1/229.8,1/319.1,5.873270627784838
2023-08-27,アイムジャグラーEX-TP,166,5396,1850,25,20,1/119.9,1/215.8,1/269.8,5.908111630331251
2023-08-27,アイムジャグラーEX-TP,167,5559,67,21,17,1/146.3,1/264.7,1/327.0,6.154075329645996
2023-08-27,アイムジャグラーEX-TP,168,3983,-899,13,8,1/189.7,1/306.4,1/497.9,6.195547179511756
2023-08-27,アイムジャグラーEX-TP,169,6095,-1808,19,8,1/225.7,1/320.8,1/761.9,6.0448576039325
2023-08-27,アイムジャグラーEX-TP,170,4131,-464,15,9,1/172.1,1/275.4,1/459.0,6.172016474727064
2023-08-27,アイムジャグラーEX-TP,171,2527,-1525,5,6,1/229.7,1/505.4,1/421.2,6.658071510006617
2023-08-27,アイムジャグラーEX-TP,172,5853,-1550,15,16,1/188.8,1/390.2,1/365.8,5.8857342763232285
2023-08-27,アイムジャグラーEX-TP,173,5629,-1295,14,21,1/160.8,1/402.1,1/268.0,6.069687146715552
2023-08-27,アイムジャグラーEX-TP,174,4417,-2790,6,10,1/276.1,1/736.2,1/441.7,5.971350388241872
2023-08-27,アイムジャグラーEX-TP,175,5357,103,17,21,1/141.0,1/315.1,1/255.1,5.810423485399827
2023-08-27,アイムジャグラーEX-TP,176,7524,-548,25,26,1/147.5,1/301.0,1/289.4,6.194294315637544
2023-08-27,アイムジャグラーEX-TP,177,4552,-153,14,15,1/157.0,1/325.1,1/303.5,5.681422259690097
2023-08-27,アイムジャグラーEX-TP,178,2505,-1518,5,1,1/417.5,1/501.0,1/2505.0,5.785316934904445
2023-08-27,マイジャグラーV,117,3420,-990,11,5,1/213.8,1/310.9,1/684.0,6.004723979562343
2023-08-27,マイジャグラーV,118,8181,2821,38,32,1/116.9,1/215.3,1/255.7,5.749239786064365
2023-08-27,マイジャグラーV,119,6218,1461,30,18,1/129.5,1/207.3,1/345.4,5.99048472966265
2023-08-27,マイジャグラーV,120,6265,-25,24,14,1/164.9,1/261.0,1/447.5,5.725859869895828
2023-08-27,ファンキージャグラー2,113,1693,-744,5,2,1/241.9,1/338.6,1/846.5,6.298541471900873
2023-08-27,ファンキージャグラー2,114,2404,-607,9,3,1/200.3,1/267.1,1/801.3,6.3409274555960335
2023-08-27,ファンキージャグラー2,115,2135,-1320,3,5,1/266.9,1/711.7,1/427.0,5.920740078643928
2023-08-27,ファンキージャグラー2,116,7439,1328,31,26,1/130.5,1/240.0,1/286.1,5.808457562005739
2023-08-27,ハッピージャグラーVIII,109,6103,-658,22,14,1/169.5,1/277.4,1/435.9,6.206910746253253
2023-08-27,ハッピージャグラーVIII,110,3681,930,18,9,1/136.3,1/204.5,1/409.0,6.029379959719368
2023-08-27,ハッピージャグラーVIII,111,2733,-603,7,8,1/182.2,1/390.4,1/341.6,5.858269898886165
2023-08-27,ハッピージャグラーVIII,112,3228,-1262,9,5,1/230.6,1/358.7,1/645.6,6.28533982454984
2023-08-26,アイムジャグラーEX-TP,121,3232,-398,11,6,1/190.1,1/293.8,1/538.7,5.825679903439355
2023-08-26,アイムジャグラーEX-TP,122,8000,1358,33,32,1/123.1,1/242.4,1/250.0,6.246760712950609
2023-08-26,アイムジャグラーEX-TP,123,7454,1477,32,25,1/130.8,1/232.9,1/298.2,6.022310616772107
2023-08-26,アイムジャグラーEX-TP,124,3718,-1037,10,13,1/161.7,1/371.8,1/286.0,6.448502506998437
2023-08-26,アイムジャグラーEX-TP,125,1828,-255,6,5,1/166.2,1/304.7,1/365.6,6.136753523773894
2023-08-26,アイムジャグラーEX-TP,126,6927,552,24,30,1/128.3,1/288.6,1/230.9,6.037803185188288
2023-08-26,アイムジャグラーEX-TP,127,2967,-172,9,10,1/156.2,1/329.7,1/296.7,5.767078487644603
2023-08-26,アイムジャグラーEX-TP,128,4834,-21,19,13,1/151.1,1/254.4,1/371.8,6.2486075067363185
2023-08-26,アイムジャグラーEX-TP,129,6644,1677,28,28,1/118.6,1/237.3,1/237.3,6.058479684889024
2023-08-26,アイムジャグラーEX-TP,130,6136,1150,28,19,1/130.6,1/219.1,1/322.9,6.278023391346287
2023-08-26,アイムジャグラーEX-TP,131,2394,-1148,4,9,1/184.2,1/598.5,1/266.0,6.294723861849375
2023-08-26,アイムジャグラーEX-TP,132,4270,226,18,7,1/170.8,1/237.2,1/610.0,5.856659560266364
2023-08-26,アイムジャグラーEX-TP,145,3082,541,14,7,1/146.8,1/220.1,1/440.3,5.942590602766684
2023-08-26,アイムジャグラーEX-TP,146,4556,-348,14,17,1/147.0,1/325.4,1/268.0,6.040161318973959
2023-08-26,アイムジャグラーEX-TP,147,4451,-967,13,12,1/178.0,1/342.4,1/370.9,6.058561915188328
2023-08-26,アイムジャグラーEX-TP,148,4734,231,19,13,1/147.9,1/249.2,1/364.2,6.120166561612857
2023-08-26,アイムジャグラーEX-TP,149,2931,-1006,8,6,1/209.4,1/366.4,1/488.5,6.133393588885679
2023-08-26,アイムジャグラーEX-TP,150,2355,-204,8,6,1/168.2,1/294.4,1/392.5,5.945667956030839
2023-08-26,アイムジャグラーEX-TP,151,1308,-46,5,2,1/186.9,1/261.6,1/654.0,5.767537292882908
2023-08-26,アイムジャグラーEX-TP,152,4705,770,20,11,1/151.8,1/235.2,1/427.7,5.709089203699756
2023-08-26,アイムジャグラーEX-TP,153,1910,547,9,5,1/136.4,1/212.2,1/382.0,5.790969059549657
2023-08-26,アイムジャグラーEX-TP,154,3430,-308,12,7,1/180.5,1/285.8,1/490.0,5.8602581298481145
2023-08-26,アイムジャグラーEX-TP,155,2814,-749,8,4,1/234.5,1/351.8,1/703.5,5.66383440059242
2023-08-26,アイムジャグラーEX-TP,156,6368,-277,24,16,1/159.2,1/265.3,1/398.0,6.160587079182466
2023-08-26,アイムジャグラーEX-TP,157,3349,-827,11,4,1/223.3,1/304.5,1/837.2,5.95961332519713
2023-08-26,アイムジャグラーEX-TP,158,8574,1174,34,31,1/131.9,1/252.2,1/276.6,6.039854118996299
2023-08-26,アイムジャグラーEX-TP,159,1774,-726,5,4,1/197.1,1/354.8,1/443.5,6.688062686525412
2023-08-26,アイムジャグラーEX-TP,160,4982,-538,17,14,1/160.7,1/293.1,1/355.9,6.176026447971694
2023-08-26,アイムジャグラーEX-TP,161,2197,-764,6,4,1/219.7,1/366.2,1/549.2,6.05605564492472
2023-08-26,アイムジャグラーEX-TP,162,4937,395,20,15,1/141.1,1/246.8,1/329.1,6.1486098194955225
2023-08-26,アイムジャグラーEX-TP,163,4556,-61,16,16,1/142.4,1/284.8,1/284.8,6.162976032408055
2023-08-26,アイムジャグラーEX-TP,164,4932,-572,15,19,1/145.1,1/328.8,1/259.6,6.243853785554107
2023-08-26,アイムジャグラーEX-TP,165,4539,-50,17,12,1/156.5,1/267.0,1/378.2,6.040126641188839
2023-08-26,アイムジャグラーEX-TP,166,3159,-1977,7,5,1/263.2,1/451.3,1/631.8,6.694635365527091
2023-08-26,アイムジャグラーEX-TP,167,3821,-1267,11,8,1/201.1,1/347.4,1/477.6,6.279426182387108
2023-08-26,アイムジャグラーEX-TP,168,7991,337,33,20,1/150.8,1/242.2,1/399.6,6.179869434539781
2023-08-26,アイムジャグラーEX-TP,169,6187,561,24,19,1/143.9,1/257.8,1/325.6,5.917766876006275
2023-08-26,アイムジャグラーEX-TP,170,3718,-500,11,12,1/161.7,1/338.0,1/309.8,5.95649130748781
2023-08-26,アイムジャグラーEX-TP,171,4267,6,17,11,1/152.4,1/251.0,1/387.9,6.234497039877754
2023-08-26,アイムジャグラーEX-TP,172,4494,658,16,22,1/118.3,1/280.9,1/204.3,6.088636731474564
2023-08-26,アイムジャグラーEX-TP,173,4953,-425,17,12,1/170.8,1/291.4,1/412.8,5.928613390213229
2023-08-26,アイムジャグラーEX-TP,174,4462,-352,16,13,1/153.9,1/278.9,1/343.2,6.2943543379831
2023-08-26,アイムジャグラーEX-TP,175,4570,99,19,11,1/152.3,1/240.5,1/415.5,6.268944867990699
2023-08-26,アイムジャグラーEX-TP,176,4564,-320,16,14,1/152.1,1/285.2,1/326.0,6.2246063270641105
2023-08-26,アイムジャグラーEX-TP,177,1936,-456,7,3,1/193.6,1/276.6,1/645.3,6.468622137375758
2023-08-26,アイムジャグラーEX-TP,178,7648,2695,39,22,1/125.4,1/196.1,1/347.6,6.035507518906318
2023-08-26,マイジャグラーV,117,2421,-989,7,1,1/302.6,1/345.9,1/2421.0,5.751596033005906
2023-08-26,マイジャグラーV,118,7774,3639,40,30,1/111.1,1/194.3,1/259.1,5.714159592835331
2023-08-26,マイジャグラーV,119,4129,-1663,10,8,1/229.4,1/412.9,1/516.1,5.8660375775859706
2023-08-26,マイジャグラーV,120,5291,-2745,11,9,1/264.6,1/481.0,1/587.9,5.915834731093941
2023-08-26,ファンキージャグラー2,113,6308,2306,34,18,1/121.3,1/185.5,1/350.4,6.001874681941318
2023-08-26,ファンキージャグラー2,114,1736,-746,3,6,1/192.9,1/578.7,1/289.3,5.898308873981918
2023-08-26,ファンキージャグラー2,115,4851,-1285,14,13,1/179.7,1/346.5,1/373.2,6.069465065206634
2023-08-26,ファンキージャグラー2,116,1767,-294,6,3,1/196.3,1/294.5,1/589.0,5.762826661585465
2023-08-26,ハッピージャグラーVIII,109,7622,496,28,27,1/138.6,1/272.2,1/282.3,6.034033508558727
2023-08-26,ハッピージャグラーVIII,110,2276,-965,7,2,1/252.9,1/325.1,1/1138.0,6.477726340823181
2023-08-26,ハッピージャグラーVIII,111,4911,-1162,17,9,1/188.9,1/288.9,1/545.7,6.459129589542601
2023-08-26,ハッピージャグラーVIII,112,3663,-939,12,5,1/215.5,1/305.2,1/732.6,6.115908104348362
2023-08-25,アイムジャグラーEX-TP,121,6591,1584,28,23,1/129.2,1/235.4,1/286.6,5.844116686235281
2023-08-25,アイムジャグラーEX-TP,122,4304,496,14,23,1/116.3,1/307.4,1/187.1,6.0730495009552
2023-08-25,アイムジャグラーEX-TP,123,1229,-792,1,4,1/245.8,1/1229.0,1/307.2,5.841757021789563
2023-08-25,アイムジャグラーEX-TP,124,3702,-123,13,13,1/142.4,1/284.8,1/284.8,6.258213905751298
2023-08-25,アイムジャグラーEX-TP,125,3353,-605,10,11,1/159.7,1/335.3,1/304.8,6.220480660789063
2023-08-25,アイムジャグラーEX-TP,126,1154,-365,3,3,1/192.3,1/384.7,1/384.7,6.101053536691914
2023-08-25,アイムジャグラーEX-TP,127,5035,-764,16,17,1/152.6,1/314.7,1/296.2,6.36652615842484
2023-08-25,アイムジャグラーEX-TP,128,3526,-1158,9,8,1/207.4,1/391.8,1/440.8,5.959092939524383
2023-08-25,アイムジャグラーEX-TP,129,2087,-1055,5,2,1/298.1,1/417.4,1/1043.5,6.0168934879827765
2023-08-25,アイムジャグラーEX-TP,130,468,-603,0,0,1/0.0,1/0.0,1/0.0,6.452349399683338
2023-08-25,アイムジャグラーEX-TP,131,2726,-328,8,9,1/160.4,1/340.8,1/302.9,5.8989161639586225
2023-08-25,アイムジャグラーEX-TP,132,4314,376,19,10,1/148.8,1/227.1,1/431.4,6.21063189638017
2023-08-25,アイムジャグラーEX-TP,145,2867,-271,8,10,1/159.3,1/358.4,1/286.7,5.71230261822703
2023-08-25,アイムジャグラーEX-TP,146,2156,1261,12,10,1/98.0,1/179.7,1/215.6,6.284436511363549
2023-08-25,アイムジャグラーEX-TP,147,4538,504,16,24,1/113.5,1/283.6,1/189.1,6.401110210360399
2023-08-25,アイムジャグラーEX-TP,148,3103,612,15,8,1/134.9,1/206.9,1/387.9,6.321965456071742
2023-08-25,アイムジャグラーEX-TP,149,684,407,4,2,1/114.0,1/171.0,1/342.0,5.815888360791866
2023-08-25,アイムジャグラーEX-TP,150,1387,747,8,4,1/115.6,1/173.4,1/346.8,5.956688902108796
2023-08-25,アイムジャグラーEX-TP,151,6690,2646,32,29,1/109.7,1/209.1,1/230.7,6.110837158658021
2023-08-25,アイムジャグラーEX-TP,152,688,-179,2,3,1/137.6,1/344.0,1/229.3,7.127371832398609
2023-08-25,アイムジャグラーEX-TP,153,2970,-106,11,8,1/156.3,1/270.0,1/371.2,6.127880193958757
2023-08-25,アイムジャグラーEX-TP,154,904,-633,2,1,1/301.3,1/452.0,1/904.0,6.855942763798892
2023-08-25,アイムジャグラーEX-TP,155,2802,-1031,7,6,1/215.5,1/400.3,1/467.0,6.020784858082774
2023-08-25,アイムジャグラーEX-TP,156,2370,-946,6,5,1/215.5,1/395.0,1/474.0,6.191286456586999
2023-08-25,アイムジャグラーEX-TP,157,4314,-210,14,17,1/139.2,1/308.1,1/253.8,6.2067226229903305
2023-08-25,アイムジャグラーEX-TP,158,2519,-487,6,8,1/179.9,1/419.8,1/314.9,5.57865835193366
2023-08-25,アイムジャグラーEX-TP,159,5331,789,23,16,1/136.7,1/231.8,1/333.2,6.123430087089511
2023-08-25,アイムジャグラーEX-TP,160,3405,407,14,10,1/141.9,1/243.2,1/340.5,5.992173745937464
2023-08-25,アイムジャグラーEX-TP,161,4686,2337,23,26,1/95.6,1/203.7,1/180.2,6.322332165051079
2023-08-25,アイムジャグラーEX-TP,162,1147,-2,4,5,1/127.4,1/286.8,1/229.4,6.4768730176575815
2023-08-25,アイムジャグラーEX-TP,163,3655,-475,11,12,1/158.9,1/332.3,1/304.6,6.017377626830227
2023-08-25,アイムジャグラーEX-TP,164,1277,-240,5,1,1/212.8,1/255.4,1/1277.0,6.240056589543737
2023-08-25,アイムジャグラーEX-TP,165,5267,832,20,23,1/122.5,1/263.4,1/229.0,6.077677518984722
2023-08-25,アイムジャグラーEX-TP,166,2937,1483,16,12,1/104.9,1/183.6,1/244.8,6.272833262581527
2023-08-25,アイムジャグラーEX-TP,167,2313,-371,9,4,1/177.9,1/257.0,1/578.2,6.527550170347047
2023-08-25,アイムジャグラーEX-TP,168,5850,1137,27,18,1/130.0,1/216.7,1/325.0,6.299278732585119
2023-08-25,アイムジャグラーEX-TP,169,1372,-1039,2,1,1/457.3,1/686.0,1/1372.0,5.990922878526658
2023-08-25,アイムジャグラーEX-TP,170,6918,1391,30,27,1/121.4,1/230.6,1/256.2,6.3086852841216
2023-08-25,アイムジャグラーEX-TP,171,2172,-67,10,2,1/181.0,1/217.2,1/1086.0,6.384688411919873
2023-08-25,アイムジャグラーEX-TP,172,1705,-213,5,6,1/155.0,1/341.0,1/284.2,6.008716339074154
2023-08-25,アイムジャグラーEX-TP,173,2911,-1505,7,4,1/264.6,1/415.9,1/727.8,6.2683208688637775
2023-08-25,アイムジャグラーEX-TP,174,755,-619,1,1,1/377.5,1/755.0,1/755.0,6.402499264348595
2023-08-25,アイムジャグラーEX-TP,175,3720,-1046,11,6,1/218.8,1/338.2,1/620.0,5.9234485043332334
2023-08-25,アイムジャグラーEX-TP,176,3030,1598,15,15,1/101.0,1/202.0,1/202.0,5.968518135135523
2023-08-25,アイムジャグラーEX-TP,177,7324,1658,30,26,1/130.8,1/244.1,1/281.7,5.766125690077074
2023-08-25,アイムジャグラーEX-TP,178,1904,-85,6,8,1/136.0,1/317.3,1/238.0,6.193326911443167
2023-08-25,マイジャグラーV,117,5599,1783,26,20,1/121.7,1/215.3,1/279.9,5.72353154771629
2023-08-25,マイジャグラーV,118,6000,994,22,24,1/130.4,1/272.7,1/250.0,5.56348867830054
2023-08-25,マイジャグラーV,119,3735,991,17,10,1/138.3,1/219.7,1/373.5,5.510089378425866
2023-08-25,マイジャグラーV,120,7807,698,30,30,1/130.1,1/260.2,1/260.2,5.994520866261899
2023-08-25,ファンキージャグラー2,113,1157,-393,4,1,1/231.4,1/289.2,1/1157.0,6.252128145120703
2023-08-25,ファンキージャグラー2,114,4346,227,18,10,1/155.2,1/241.4,1/434.6,5.835779538992887
2023-08-25,ファンキージャグラー2,115,1280,-174,5,2,1/182.9,1/256.0,1/640.0,6.109836239682193
2023-08-25,ファンキージャグラー2,116,1732,-563,3,6,1/192.4,1/577.3,1/288.7,5.482187164781822
2023-08-25,ハッピージャグラーVIII,109,5092,2145,28,17,1/113.2,1/181.9,1/299.5,6.329212653776594
2023-08-25,ハッピージャグラーVIII,110,2061,-524,7,3,1/206.1,1/294.4,1/687.0,6.286175868885195
2023-08-25,ハッピージャグラーVIII,111,2370,-396,8,5,1/182.3,1/296.2,1/474.0,6.1434555187574675
2023-08-25,ハッピージャグラーVIII,112,4069,-34,15,15,1/135.6,1/271.3,1/271.3,6.474993827253443
2023-08-24,アイムジャグラーEX-TP,121,4378,-454,13,13,1/168.4,1/336.8,1/336.8,5.731787285178099
2023-08-24,アイムジャグラーEX-TP,122,1079,-166,4,1,1/215.8,1/269.8,1/1079.0,5.905019162307086
2023-08-24,アイムジャグラーEX-TP,123,5490,1343,22,24,1/119.3,1/249.5,1/228.8,5.927144063393019
2023-08-24,アイムジャグラーEX-TP,124,5363,1783,27,17,1/121.9,1/198.6,1/315.5,6.182684765897016
2023-08-24,アイムジャグラーEX-TP,125,1291,-723,2,5,1/184.4,1/645.5,1/258.2,6.6107191248821175
2023-08-24,アイムジャグラーEX-TP,126,2128,-793,5,5,1/212.8,1/425.6,1/425.6,5.96336309242075
2023-08-24,アイムジャグラーEX-TP,127,4136,977,19,13,1/129.2,1/217.7,1/318.2,6.102397162066626
2023-08-24,アイムジャグラーEX-TP,128,3906,-228,13,13,1/150.2,1/300.5,1/300.5,6.075691921914946
2023-08-24,アイムジャグラーEX-TP,129,2402,-746,7,4,1/218.4,1/343.1,1/600.5,6.028975275252716
2023-08-24,アイムジャグラーEX-TP,130,1104,-674,2,1,1/368.0,1/552.0,1/1104.0,5.812379853133165
2023-08-24,アイムジャグラーEX-TP,131,2892,-74,11,6,1/170.1,1/262.9,1/482.0,5.9282773149733305
2023-08-24,アイムジャグラーEX-TP,132,4098,-782,12,14,1/157.6,1/341.5,1/292.7,6.2677856830866245
2023-08-24,アイムジャグラーEX-TP,145,2175,-418,6,8,1/155.4,1/362.5,1/271.9,6.188655838178742
2023-08-24,アイムジャグラーEX-TP,146,4304,521,17,15,1/134.5,1/253.2,1/286.9,6.037641326959095
2023-08-24,アイムジャグラーEX-TP,147,359,-125,1,1,1/179.5,1/359.0,1/359.0,6.58463567889428
2023-08-24,アイムジャグラーEX-TP,148,826,-574,2,1,1/275.3,1/413.0,1/826.0,7.20891874160905
2023-08-24,アイムジャグラーEX-TP,149,2015,849,9,6,1/134.3,1/223.9,1/335.8,5.181922112496057
2023-08-24,アイムジャグラーEX-TP,150,2159,412,11,6,1/127.0,1/196.3,1/359.8,6.812356434478906
2023-08-24,アイムジャグラーEX-TP,151,5791,2674,25,35,1/96.5,1/231.6,1/165.5,6.016231837130101
2023-08-24,アイムジャグラーEX-TP,152,7411,3334,37,31,1/109.0,1/200.3,1/239.1,6.03601193369486
2023-08-24,アイムジャグラーEX-TP,153,616,-606,0,1,1/616.0,1/0.0,1/616.0,5.755697369543522
2023-08-24,アイムジャグラーEX-TP,154,1296,-498,2,4,1/216.0,1/648.0,1/324.0,5.470654875379241
2023-08-24,アイムジャグラーEX-TP,155,845,-418,2,0,1/422.5,1/422.5,1/0.0,5.559528736184241
2023-08-24,アイムジャグラーEX-TP,156,3645,-1014,10,10,1/182.2,1/364.5,1/364.5,6.156150374233142
2023-08-24,アイムジャグラーEX-TP,157,2723,-237,10,7,1/160.2,1/272.3,1/389.0,6.280768528953363
2023-08-24,アイムジャグラーEX-TP,158,1010,-636,1,2,1/336.7,1/1010.0,1/505.0,5.474799255102066
2023-08-24,アイムジャグラーEX-TP,159,4506,-148,17,12,1/155.4,1/265.1,1/375.5,6.182808693566898
2023-08-24,アイムジャグラーEX-TP,160,2101,-860,4,5,1/233.4,1/525.2,1/420.2,5.657829904735986
2023-08-24,アイムジャグラーEX-TP,161,2267,-403,7,6,1/174.4,1/323.9,1/377.8,6.0484554653985
2023-08-24,アイムジャグラーEX-TP,162,3171,-541,9,12,1/151.0,1/352.3,1/264.2,6.229781818738339
2023-08-24,アイムジャグラーEX-TP,163,3404,515,13,14,1/126.1,1/261.8,1/243.1,6.0225785478972185
2023-08-24,アイムジャグラーEX-TP,164,2367,-628,7,7,1/169.1,1/338.1,1/338.1,6.460519945483801
2023-08-24,アイムジャグラーEX-TP,165,2504,-1049,6,7,1/192.6,1/417.3,1/357.7,6.446000803536219
2023-08-24,アイムジャグラーEX-TP,166,4580,908,20,15,1/130.9,1/229.0,1/305.3,6.072301890985076
2023-08-24,アイムジャグラーEX-TP,167,1773,15,7,4,1/161.2,1/253.3,1/443.2,6.0153657479781595
2023-08-24,アイムジャグラーEX-TP,168,8003,505,27,38,1/123.1,1/296.4,1/210.6,6.1943353959936145
2023-08-24,アイムジャグラーEX-TP,169,2529,289,9,12,1/120.4,1/281.0,1/210.8,6.17041605854073
2023-08-24,アイムジャグラーEX-TP,170,2517,-296,8,8,1/157.3,1/314.6,1/314.6,6.109628434584546
2023-08-24,アイムジャグラーEX-TP,171,2904,-647,7,11,1/161.3,1/414.9,1/264.0,5.974169616138618
2023-08-24,アイムジャグラーEX-TP,172,2895,-1413,6,11,1/170.3,1/482.5,1/263.2,6.910882204549939
2023-08-24,アイムジャグラーEX-TP,173,1515,-893,3,2,1/303.0,1/505.0,1/757.5,6.080812187793943
2023-08-24,アイムジャグラーEX-TP,174,6798,855,26,25,1/133.3,1/261.5,1/271.9,5.957429512711448
2023-08-24,アイムジャグラーEX-TP,175,400,-414,0,1,1/400.0,1/0.0,1/400.0,6.373511685435331
2023-08-24,アイムジャグラーEX-TP,176,2623,123,9,8,1/154.3,1/291.4,1/327.9,5.623425540003748
2023-08-24,アイムジャグラーEX-TP,177,6026,-504,22,18,1/150.7,1/273.9,1/334.8,6.436610431812177
2023-08-24,アイムジャグラーEX-TP,178,4222,-186,14,13,1/156.4,1/301.6,1/324.8,5.891693344534156
2023-08-24,マイジャグラーV,117,3865,-1344,10,10,1/193.2,1/386.5,1/386.5,6.072868391033291
2023-08-24,マイジャグラーV,118,7379,-1244,22,22,1/167.7,1/335.4,1/335.4,5.862292413519024
2023-08-24,マイジャグラーV,119,4384,833,19,18,1/118.5,1/230.7,1/243.6,6.189256362965664
2023-08-24,マイジャグラーV,120,3660,-999,11,6,1/215.3,1/332.7,1/610.0,5.787144782859332
2023-08-24,ファンキージャグラー2,113,2486,-156,11,5,1/155.4,1/226.0,1/497.2,6.580313942648964
2023-08-24,ファンキージャグラー2,114,801,-218,2,3,1/160.2,1/400.5,1/267.0,6.142410169408018
2023-08-24,ファンキージャグラー2,115,2996,1117,15,11,1/115.2,1/199.7,1/272.4,5.908563403608621
2023-08-24,ファンキージャグラー2,116,726,-241,2,1,1/242.0,1/363.0,1/726.0,5.688060420364117
2023-08-24,ハッピージャグラーVIII,109,5943,1958,30,21,1/116.5,1/198.1,1/283.0,6.341125250174291
2023-08-24,ハッピージャグラーVIII,110,1604,-682,4,2,1/267.3,1/401.0,1/802.0,5.978936178024688
2023-08-24,ハッピージャグラーVIII,111,1894,-908,4,3,1/270.6,1/473.5,1/631.3,5.956470747053548
2023-08-24,ハッピージャグラーVIII,112,6089,2211,28,25,1/114.9,1/217.5,1/243.6,5.93365202066541
2023-08-23,アイムジャグラーEX-TP,121,1518,-823,4,2,1/253.0,1/379.5,1/759.0,6.674398651191089
2023-08-23,アイムジャグラーEX-TP,122,1064,-315,4,1,1/212.8,1/266.0,1/1064.0,6.676693839262738
2023-08-23,アイムジャグラーEX-TP,123,6055,-277,23,21,1/137.6,1/263.3,1/288.3,6.678636371357331
2023-08-23,アイムジャグラーEX-TP,124,606,-122,2,1,1/202.0,1/303.0,1/606.0,5.967416135400869
2023-08-23,アイムジャグラーEX-TP,125,654,-320,2,0,1/327.0,1/327.0,1/0.0,6.2958676581663475
2023-08-23,アイムジャグラーEX-TP,126,972,-594,2,1,1/324.0,1/486.0,1/972.0,6.143262007659738
2023-08-23,アイムジャグラーEX-TP,127,1592,-406,4,4,1/199.0,1/398.0,1/398.0,5.7033196186170105
2023-08-23,アイムジャグラーEX-TP,128,4991,-1199,14,18,1/156.0,1/356.5,1/277.3,6.4526501917358905
2023-08-23,アイムジャグラーEX-TP,129,771,-398,2,0,1/385.5,1/385.5,1/0.0,5.880812183639382
2023-08-23,アイムジャグラーEX-TP,130,5859,2157,30,18,1/122.1,1/195.3,1/325.5,6.072740045183922
2023-08-23,アイムジャグラーEX-TP,131,1364,10,4,5,1/151.6,1/341.0,1/272.8,5.518417495875649
2023-08-23,アイムジャグラーEX-TP,132,4301,-704,14,13,1/159.3,1/307.2,1/330.8,6.354724316441985
2023-08-23,アイムジャグラーEX-TP,145,2035,-335,6,6,1/169.6,1/339.2,1/339.2,5.960900010955168
2023-08-23,アイムジャグラーEX-TP,146,728,-53,3,1,1/182.0,1/242.7,1/728.0,6.204874030829361
2023-08-23,アイムジャグラーEX-TP,147,732,-461,1,2,1/244.0,1/732.0,1/366.0,6.1773439497008935
2023-08-23,アイムジャグラーEX-TP,148,272,-94,1,0,1/272.0,1/272.0,1/0.0,6.354155886599808
2023-08-23,アイムジャグラーEX-TP,149,4477,1143,22,10,1/139.9,1/203.5,1/447.7,5.9870063374274105
2023-08-23,アイムジャグラーEX-TP,150,380,-179,1,1,1/190.0,1/380.0,1/380.0,6.984305530283397
2023-08-23,アイムジャグラーEX-TP,151,701,-190,2,2,1/175.2,1/350.5,1/350.5,6.305712453755111
2023-08-23,アイムジャグラーEX-TP,152,995,-308,2,3,1/199.0,1/497.5,1/331.7,5.60789117647639
2023-08-23,アイムジャグラーEX-TP,153,658,-57,2,2,1/164.5,1/329.0,1/329.0,5.761603413951416
2023-08-23,アイムジャグラーEX-TP,154,6006,1022,23,27,1/120.1,1/261.1,1/222.4,6.1156303802604475
2023-08-23,アイムジャグラーEX-TP,155,439,741,5,0,1/87.8,1/87.8,1/0.0,5.9056725531917476
2023-08-23,アイムジャグラーEX-TP,156,2298,224,10,6,1/143.6,1/229.8,1/383.0,6.231696763574524
2023-08-23,アイムジャグラーEX-TP,157,8224,471,30,33,1/130.5,1/274.1,1/249.2,6.216672457883083
2023-08-23,アイムジャグラーEX-TP,158,525,-375,1,2,1/175.0,1/525.0,1/262.5,8.22532695674653
2023-08-23,アイムジャグラーEX-TP,159,1785,-282,5,5,1/178.5,1/357.0,1/357.0,5.715312137690034
2023-08-23,アイムジャグラーEX-TP,160,3628,-800,9,16,1/145.1,1/403.1,1/226.8,6.32676444400933
2023-08-23,アイムジャグラーEX-TP,161,1114,-643,2,2,1/278.5,1/557.0,1/557.0,6.019390867903225
2023-08-23,アイムジャグラーEX-TP,162,5119,2320,28,13,1/124.9,1/182.8,1/393.8,5.859308983156243
2023-08-23,アイムジャグラーEX-TP,163,1319,-302,4,3,1/188.4,1/329.8,1/439.7,6.057043388590192
2023-08-23,アイムジャグラーEX-TP,164,1614,-983,2,4,1/269.0,1/807.0,1/403.5,5.831429206702342
2023-08-23,アイムジャグラーEX-TP,165,1714,89,7,3,1/171.4,1/244.9,1/571.3,5.766091921193873
2023-08-23,アイムジャグラーEX-TP,166,1120,-566,2,4,1/186.7,1/560.0,1/280.0,6.482333037962742
2023-08-23,アイムジャグラーEX-TP,167,5007,744,20,17,1/135.3,1/250.3,1/294.5,5.92627816486778
2023-08-23,アイムジャグラーEX-TP,168,4101,-99,14,12,1/157.7,1/292.9,1/341.8,5.849024650536823
2023-08-23,アイムジャグラーEX-TP,169,7643,892,29,29,1/131.8,1/263.6,1/263.6,6.013700725677349
2023-08-23,アイムジャグラーEX-TP,170,4292,254,18,13,1/138.5,1/238.4,1/330.2,6.424188668901671
2023-08-23,アイムジャグラーEX-TP,171,3222,-1258,11,3,1/230.1,1/292.9,1/1074.0,6.714690947700476
2023-08-23,アイムジャグラーEX-TP,172,1907,826,10,6,1/119.2,1/190.7,1/317.8,5.951224054754007
2023-08-23,アイムジャグラーEX-TP,173,1427,-604,3,3,1/237.8,1/475.7,1/475.7,5.811406304125592
2023-08-23,アイムジャグラーEX-TP,174,3752,-697,10,14,1/156.3,1/375.2,1/268.0,6.072110389154305
2023-08-23,アイムジャグラーEX-TP,175,1464,-252,4,6,1/146.4,1/366.0,1/244.0,6.253201882828835
2023-08-23,アイムジャグラーEX-TP,176,2153,-367,9,4,1/165.6,1/239.2,1/538.2,7.075769263140957
2023-08-23,アイムジャグラーEX-TP,177,3784,-169,12,13,1/151.4,1/315.3,1/291.1,5.883870282367153
2023-08-23,アイムジャグラーEX-TP,178,5251,2234,27,17,1/119.3,1/194.5,1/308.9,5.9106189249845995
2023-08-23,マイジャグラーV,117,5679,1089,23,22,1/126.2,1/246.9,1/258.1,5.778954332786466
2023-08-23,マイジャグラーV,118,3555,-559,10,10,1/177.8,1/355.5,1/355.5,5.585194278400508
2023-08-23,マイジャグラーV,119,6032,1172,27,21,1/125.7,1/223.4,1/287.2,6.050031392561763
2023-08-23,マイジャグラーV,120,4641,-573,14,16,1/154.7,1/331.5,1/290.1,5.8954952675955345
2023-08-23,ファンキージャグラー2,113,3040,12,11,10,1/144.8,1/276.4,1/304.0,5.910087927138725
2023-08-23,ファンキージャグラー2,114,4503,1399,23,11,1/132.4,1/195.8,1/409.4,5.777487720152249
2023-08-23,ファンキージャグラー2,115,1071,-427,2,4,1/178.5,1/535.5,1/267.8,6.0264280816355935
2023-08-23,ファンキージャグラー2,116,162,-253,0,0,1/0.0,1/0.0,1/0.0,8.273252243545139
2023-08-23,ハッピージャグラーVIII,109,5464,1644,26,18,1/124.2,1/210.2,1/303.6,6.036269095197068
2023-08-23,ハッピージャグラーVIII,110,755,-577,1,1,1/377.5,1/755.0,1/755.0,6.2901825767149715
2023-08-23,ハッピージャグラーVIII,111,1874,-1244,2,7,1/208.2,1/937.0,1/267.7,6.648979222915632
2023-08-23,ハッピージャグラーVIII,112,758,-123,3,1,1/189.5,1/252.7,1/758.0,6.435540484580067
2023-08-22,アイムジャグラーEX-TP,121,4946,-549,17,10,1/183.2,1/290.9,1/494.6,5.877319522591015
2023-08-22,アイムジャグラーEX-TP,122,1444,-228,5,0,1/288.8,1/288.8,1/0.0,5.331747889113379
2023-08-22,アイムジャグラーEX-TP,123,1133,-460,4,0,1/283.2,1/283.2,1/0.0,6.4761982281396016
2023-08-22,アイムジャグラーEX-TP,124,1755,-819,3,4,1/250.7,1/585.0,1/438.8,5.653422035686138
2023-08-22,アイムジャグラーEX-TP,125,4425,402,18,13,1/142.7,1/245.8,1/340.4,6.073014098656629
2023-08-22,アイムジャグラーEX-TP,126,1372,-386,3,4,1/196.0,1/457.3,1/343.0,5.634193113118786
2023-08-22,アイムジャグラーEX-TP,127,3217,-683,10,8,1/178.7,1/321.7,1/402.1,6.162679647284001
2023-08-22,アイムジャグラーEX-TP,128,3152,302,13,9,1/143.3,1/242.5,1/350.2,6.079419202532185
2023-08-22,アイムジャグラーEX-TP,129,2312,98,8,8,1/144.5,1/289.0,1/289.0,5.831985149223145
2023-08-22,アイムジャグラーEX-TP,130,3131,511,14,7,1/149.1,1/223.6,1/447.3,5.903481675892673
2023-08-22,アイムジャグラーEX-TP,131,4789,409,18,16,1/140.9,1/266.1,1/299.3,5.9209122888244
2023-08-22,アイムジャグラーEX-TP,132,6336,3076,37,17,1/117.3,1/171.2,1/372.7,6.196625862889442
2023-08-22,アイムジャグラーEX-TP,145,1126,-416,3,4,1/160.9,1/375.3,1/281.5,6.9498755348889
2023-08-22,アイムジャグラーEX-TP,146,803,-455,1,4,1/160.6,1/803.0,1/200.8,6.812366472739038
2023-08-22,アイムジャグラーEX-TP,147,1985,1610,12,9,1/94.5,1/165.4,1/220.6,5.76100144489399
2023-08-22,アイムジャグラーEX-TP,148,3789,792,17,13,1/126.3,1/222.9,1/291.5,6.234081005145116
2023-08-22,アイムジャグラーEX-TP,149,597,-320,1,2,1/199.0,1/597.0,1/298.5,6.387955632705605
2023-08-22,アイムジャグラーEX-TP,150,1393,-658,2,7,1/154.8,1/696.5,1/199.0,6.5757960572319885
2023-08-22,アイムジャグラーEX-TP,151,1548,-301,5,5,1/154.8,1/309.6,1/309.6,6.586045191331846
2023-08-22,アイムジャグラーEX-TP,152,4493,545,17,16,1/136.2,1/264.3,1/280.8,5.883304440368047
2023-08-22,アイムジャグラーEX-TP,153,1468,-520,4,2,1/244.7,1/367.0,1/734.0,5.883550114901565
2023-08-22,アイムジャグラーEX-TP,154,1744,-512,4,5,1/193.8,1/436.0,1/348.8,5.774499630832662
2023-08-22,アイムジャグラーEX-TP,155,1215,-156,4,4,1/151.9,1/303.8,1/303.8,6.353319884165645
2023-08-22,アイムジャグラーEX-TP,156,2745,-1157,6,7,1/211.2,1/457.5,1/392.1,6.0848075876331436
2023-08-22,アイムジャグラーEX-TP,157,2177,-575,6,4,1/217.7,1/362.8,1/544.2,5.7277177178646745
2023-08-22,アイムジャグラーEX-TP,158,2745,606,16,3,1/144.5,1/171.6,1/915.0,6.776756244521659
2023-08-22,アイムジャグラーEX-TP,159,2730,-316,8,9,1/160.6,1/341.2,1/303.3,5.872445956557451
2023-08-22,アイムジャグラーEX-TP,160,5567,-603,18,16,1/163.7,1/309.3,1/347.9,5.997583427441275
2023-08-22,アイムジャグラーEX-TP,161,397,-406,0,1,1/397.0,1/0.0,1/397.0,6.320485553391944
2023-08-22,アイムジャグラーEX-TP,162,2808,1276,16,7,1/122.1,1/175.5,1/401.1,6.089830596657875
2023-08-22,アイムジャグラーEX-TP,163,477,-559,0,1,1/477.0,1/0.0,1/477.0,6.916067503718655
2023-08-22,アイムジャグラーEX-TP,164,2671,-995,7,7,1/190.8,1/381.6,1/381.6,6.411728407538388
2023-08-22,アイムジャグラーEX-TP,165,3904,1409,19,13,1/122.0,1/205.5,1/300.3,5.929119442536415
2023-08-22,アイムジャグラーEX-TP,166,1229,-528,4,0,1/307.2,1/307.2,1/0.0,6.245294432347962
2023-08-22,アイムジャグラーEX-TP,167,4445,176,19,9,1/158.8,1/233.9,1/493.9,6.14865100395229
2023-08-22,アイムジャグラーEX-TP,168,6033,-744,20,22,1/143.6,1/301.6,1/274.2,6.532000272583522
2023-08-22,アイムジャグラーEX-TP,169,4688,-328,18,10,1/167.4,1/260.4,1/468.8,6.199249922496152
2023-08-22,アイムジャグラーEX-TP,170,3765,-824,9,15,1/156.9,1/418.3,1/251.0,6.017831962951254
2023-08-22,アイムジャグラーEX-TP,171,1348,-360,2,8,1/134.8,1/674.0,1/168.5,6.04594324832743
2023-08-22,アイムジャグラーEX-TP,172,1385,-805,2,3,1/277.0,1/692.5,1/461.7,5.805688023284792
2023-08-22,アイムジャグラーEX-TP,173,5018,357,19,14,1/152.1,1/264.1,1/358.4,5.787056591727897
2023-08-22,アイムジャグラーEX-TP,174,1156,422,6,1,1/165.1,1/192.7,1/1156.0,5.3088772280349685
2023-08-22,アイムジャグラーEX-TP,175,3760,-346,12,10,1/170.9,1/313.3,1/376.0,5.792431602705743
2023-08-22,アイムジャグラーEX-TP,176,492,-352,1,0,1/492.0,1/492.0,1/0.0,6.143439574464419
2023-08-22,アイムジャグラーEX-TP,177,2520,-583,8,5,1/193.8,1/315.0,1/504.0,6.105175456564766
2023-08-22,アイムジャグラーEX-TP,178,3712,163,12,16,1/132.6,1/309.3,1/232.0,5.928382078092124
2023-08-22,マイジャグラーV,117,5065,-890,15,13,1/180.9,1/337.7,1/389.6,5.7069341834787375
2023-08-22,マイジャグラーV,118,1775,-928,4,2,1/295.8,1/443.8,1/887.5,5.877019436482819
2023-08-22,マイジャグラーV,119,3467,1091,17,10,1/128.4,1/203.9,1/346.7,5.725140208809626
2023-08-22,マイジャグラーV,120,7228,669,27,28,1/131.4,1/267.7,1/258.1,5.880653464103347
2023-08-22,ファンキージャグラー2,113,852,-482,2,2,1/213.0,1/426.0,1/426.0,6.792549402443006
2023-08-22,ファンキージャグラー2,114,1439,-304,5,3,1/179.9,1/287.8,1/479.7,6.213301138444946
2023-08-22,ファンキージャグラー2,115,1894,-471,5,5,1/189.4,1/378.8,1/378.8,5.726687201405912
2023-08-22,ファンキージャグラー2,116,7113,1178,33,19,1/136.8,1/215.5,1/374.4,6.015448933797512
2023-08-22,ハッピージャグラーVIII,109,3434,-289,13,9,1/156.1,1/264.2,1/381.6,6.462555124734231
2023-08-22,ハッピージャグラーVIII,110,2535,555,12,6,1/140.8,1/211.2,1/422.5,5.978843208816848
2023-08-22,ハッピージャグラーVIII,111,3286,764,15,13,1/117.4,1/219.1,1/252.8,6.4515720528540035
2023-08-22,ハッピージャグラーVIII,112,4287,-952,9,19,1/153.1,1/476.3,1/225.6,6.011098764038801
2023-08-21,アイムジャグラーEX-TP,121,6844,647,28,30,1/118.0,1/244.4,1/228.1,6.794466572127879
2023-08-21,アイムジャグラーEX-TP,122,1828,-1258,2,6,1/228.5,1/914.0,1/304.7,6.386670557364878
2023-08-21,アイムジャグラーEX-TP,123,3949,-196,14,13,1/146.3,1/282.1,1/303.8,6.277488752064326
2023-08-21,アイムジャグラーEX-TP,124,1635,-1025,3,2,1/327.0,1/545.0,1/817.5,6.042817520031386
2023-08-21,アイムジャグラーEX-TP,125,2829,-19,10,12,1/128.6,1/282.9,1/235.8,6.506968620678598
2023-08-21,アイムジャグラーEX-TP,126,5497,-508,19,19,1/144.7,1/289.3,1/289.3,6.460716831870381
2023-08-21,アイムジャグラーEX-TP,127,1609,-690,3,3,1/268.2,1/536.3,1/536.3,5.504225733326043
2023-08-21,アイムジャグラーEX-TP,128,6321,-8,23,21,1/143.7,1/274.8,1/301.0,6.170960259601686
2023-08-21,アイムジャグラーEX-TP,129,1892,-618,4,8,1/157.7,1/473.0,1/236.5,6.310396531710009
2023-08-21,アイムジャグラーEX-TP,130,4637,73,17,14,1/149.6,1/272.8,1/331.2,5.990888500702052
2023-08-21,アイムジャグラーEX-TP,131,6711,-180,26,18,1/152.5,1/258.1,1/372.8,6.286242138965687
2023-08-21,アイムジャグラーEX-TP,132,5214,322,22,13,1/149.0,1/237.0,1/401.1,6.189724603672135
2023-08-21,アイムジャグラーEX-TP,145,1816,-284,6,4,1/181.6,1/302.7,1/454.0,6.005963498426114
2023-08-21,アイムジャグラーEX-TP,146,5081,675,24,12,1/141.1,1/211.7,1/423.4,6.402879297067942
2023-08-21,アイムジャグラーEX-TP,147,3087,-1359,6,10,1/192.9,1/514.5,1/308.7,6.195803279572948
2023-08-21,アイムジャグラーEX-TP,148,2283,-374,6,7,1/175.6,1/380.5,1/326.1,5.665180113148263
2023-08-21,アイムジャグラーEX-TP,149,1728,-337,6,3,1/192.0,1/288.0,1/576.0,6.175048252391661
2023-08-21,アイムジャグラーEX-TP,150,1438,-1042,2,4,1/239.7,1/719.0,1/359.5,6.726603604991758
2023-08-21,アイムジャグラーEX-TP,151,3470,-198,12,10,1/157.7,1/289.2,1/347.0,6.024605739904054
2023-08-21,アイムジャグラーEX-TP,152,3845,-723,10,14,1/160.2,1/384.5,1/274.6,5.97004450594427
2023-08-21,アイムジャグラーEX-TP,153,4067,-791,10,16,1/156.4,1/406.7,1/254.2,5.964242292364371
2023-08-21,アイムジャグラーEX-TP,154,4091,492,18,12,1/136.4,1/227.3,1/340.9,6.330542458008974
2023-08-21,アイムジャグラーEX-TP,155,962,-676,2,1,1/320.7,1/481.0,1/962.0,6.643108262017173
2023-08-21,アイムジャグラーEX-TP,156,2299,-1309,4,5,1/255.4,1/574.8,1/459.8,6.085315487874354
2023-08-21,アイムジャグラーEX-TP,157,4543,351,19,13,1/142.0,1/239.1,1/349.5,6.239144328341761
2023-08-21,アイムジャグラーEX-TP,158,3516,-264,11,11,1/159.8,1/319.6,1/319.6,5.84286929152418
2023-08-21,アイムジャグラーEX-TP,159,2987,553,13,7,1/149.3,1/229.8,1/426.7,5.727582449383473
2023-08-21,アイムジャグラーEX-TP,160,1263,-570,4,1,1/252.6,1/315.8,1/1263.0,6.634195353258296
2023-08-21,アイムジャグラーEX-TP,161,2960,-1029,7,7,1/211.4,1/422.9,1/422.9,5.876911659097827
2023-08-21,アイムジャグラーEX-TP,162,605,-411,1,2,1/201.7,1/605.0,1/302.5,7.150416999318641
2023-08-21,アイムジャグラーEX-TP,163,7537,1022,30,29,1/127.7,1/251.2,1/259.9,6.16637145071305
2023-08-21,アイムジャグラーEX-TP,164,734,-91,3,1,1/183.5,1/244.7,1/734.0,6.41197218287294
2023-08-21,アイムジャグラーEX-TP,165,4300,1298,24,8,1/134.4,1/179.2,1/537.5,6.396696329486388
2023-08-21,アイムジャグラーEX-TP,166,5574,1795,28,17,1/123.9,1/199.1,1/327.9,6.164560521081653
2023-08-21,アイムジャグラーEX-TP,167,4015,64,14,14,1/143.4,1/286.8,1/286.8,5.987839987019138
2023-08-21,アイムジャグラーEX-TP,168,4579,-48,19,15,1/134.7,1/241.0,1/305.3,6.8770826679404164
2023-08-21,アイムジャグラーEX-TP,169,4404,-1599,13,7,1/220.2,1/338.8,1/629.1,6.288372781592305
2023-08-21,アイムジャグラーEX-TP,170,3254,-1139,9,10,1/171.3,1/361.6,1/325.4,6.718970153256737
2023-08-21,アイムジャグラーEX-TP,171,6905,596,29,19,1/143.9,1/238.1,1/363.4,6.166520890886784
2023-08-21,アイムジャグラーEX-TP,172,3264,123,14,8,1/148.4,1/233.1,1/408.0,6.375098863837849
2023-08-21,アイムジャグラーEX-TP,173,1820,-397,6,4,1/182.0,1/303.3,1/455.0,6.286586117767102
2023-08-21,アイムジャグラーEX-TP,174,4218,431,18,12,1/140.6,1/234.3,1/351.5,6.21441756071234
2023-08-21,アイムジャグラーEX-TP,175,6169,1036,26,24,1/123.4,1/237.3,1/257.0,6.315272704408607
2023-08-21,アイムジャグラーEX-TP,176,3588,240,14,9,1/156.0,1/256.3,1/398.7,5.81421945149062
2023-08-21,アイムジャグラーEX-TP,177,2015,-905,4,4,1/251.9,1/503.8,1/503.8,5.74982251168227
2023-08-21,アイムジャグラーEX-TP,178,5792,-459,17,22,1/148.5,1/340.7,1/263.3,5.926623671563214
2023-08-21,マイジャグラーV,117,4080,-329,13,10,1/177.4,1/313.8,1/408.0,5.501606624204062
2023-08-21,マイジャグラーV,118,2240,-1084,4,5,1/248.9,1/560.0,1/448.0,5.686835850879485
2023-08-21,マイジャグラーV,119,5444,1082,25,16,1/132.8,1/217.8,1/340.2,5.923060606874462
2023-08-21,マイジャグラーV,120,5063,-1318,13,12,1/202.5,1/389.5,1/421.9,5.593838962560307
2023-08-21,ファンキージャグラー2,113,1904,-886,4,4,1/238.0,1/476.0,1/476.0,5.8796173060853425
2023-08-21,ファンキージャグラー2,114,2036,-810,7,0,1/290.9,1/290.9,1/0.0,6.114841284429018
2023-08-21,ファンキージャグラー2,115,905,-399,2,2,1/226.2,1/452.5,1/452.5,5.932123884705403
2023-08-21,ファンキージャグラー2,116,6020,433,25,16,1/146.8,1/240.8,1/376.2,5.908822549323208
2023-08-21,ハッピージャグラーVIII,109,4260,-485,14,11,1/170.4,1/304.3,1/387.3,6.007850398883893
2023-08-21,ハッピージャグラーVIII,110,5542,173,23,10,1/167.9,1/241.0,1/554.2,5.952161515586578
2023-08-21,ハッピージャグラーVIII,111,2393,-790,7,5,1/199.4,1/341.9,1/478.6,6.404907877759
2023-08-21,ハッピージャグラーVIII,112,1981,-734,7,2,1/220.1,1/283.0,1/990.5,6.860088435751362
2023-08-20,アイムジャグラーEX-TP,121,4178,-243,14,12,1/160.7,1/298.4,1/348.2,5.9054871587316065
2023-08-20,アイムジャグラーEX-TP,122,6009,1784,30,19,1/122.6,1/200.3,1/316.3,6.300868119957164
2023-08-20,アイムジャグラーEX-TP,123,4095,401,19,7,1/157.5,1/215.5,1/585.0,6.164881912025705
2023-08-20,アイムジャグラーEX-TP,124,4677,-132,18,12,1/155.9,1/259.8,1/389.8,6.207597510048623
2023-08-20,アイムジャグラーEX-TP,125,1799,-477,6,2,1/224.9,1/299.8,1/899.5,6.063752793573272
2023-08-20,アイムジャグラーEX-TP,126,3183,-392,12,6,1/176.8,1/265.2,1/530.5,6.257829413575522
2023-08-20,アイムジャグラーEX-TP,127,2922,-6,11,6,1/171.9,1/265.6,1/487.0,5.776842701614627
2023-08-20,アイムジャグラーEX-TP,128,3345,66,11,12,1/145.4,1/304.1,1/278.8,5.796623765585574
2023-08-20,アイムジャグラーEX-TP,129,7039,3454,38,25,1/111.7,1/185.2,1/281.6,6.040702561083676
2023-08-20,アイムジャグラーEX-TP,130,6389,159,22,27,1/130.4,1/290.4,1/236.6,6.223163217402074
2023-08-20,アイムジャグラーEX-TP,131,2780,-775,9,5,1/198.6,1/308.9,1/556.0,6.324956709311587
2023-08-20,アイムジャグラーEX-TP,132,5095,-1197,15,17,1/159.2,1/339.7,1/299.7,6.473139077330572
2023-08-20,アイムジャグラーEX-TP,145,3181,-457,10,11,1/151.5,1/318.1,1/289.2,6.321956851740214
2023-08-20,アイムジャグラーEX-TP,146,6062,1336,21,34,1/110.2,1/288.7,1/178.3,5.951944206698867
2023-08-20,アイムジャグラーEX-TP,147,3000,1872,19,6,1/120.0,1/157.9,1/500.0,5.836987530735388
2023-08-20,アイムジャグラーEX-TP,148,675,-382,1,1,1/337.5,1/675.0,1/675.0,5.520817571739958
2023-08-20,アイムジャグラーEX-TP,149,3355,2688,23,9,1/104.8,1/145.9,1/372.8,5.91904719394821
2023-08-20,アイムジャグラーEX-TP,150,1492,-331,4,5,1/165.8,1/373.0,1/298.4,6.089785230172861
2023-08-20,アイムジャグラーEX-TP,151,6049,563,23,22,1/134.4,1/263.0,1/275.0,6.0622173919575095
2023-08-20,アイムジャグラーEX-TP,152,1975,54,7,6,1/151.9,1/282.1,1/329.2,5.814847882843328
2023-08-20,アイムジャグラーEX-TP,153,5031,591,20,12,1/157.2,1/251.6,1/419.2,5.634624725257446
2023-08-20,アイムジャグラーEX-TP,154,2579,-9,10,5,1/171.9,1/257.9,1/515.8,5.856726041090964
2023-08-20,アイムジャグラーEX-TP,155,8499,496,31,25,1/151.8,1/274.2,1/340.0,5.75511231251667
2023-08-20,アイムジャグラーEX-TP,156,5067,-480,17,17,1/149.0,1/298.1,1/298.1,6.293923781141975
2023-08-20,アイムジャグラーEX-TP,157,5351,-219,18,17,1/152.9,1/297.3,1/314.8,5.9718563407738765
2023-08-20,アイムジャグラーEX-TP,158,6216,778,24,20,1/141.3,1/259.0,1/310.8,5.809999337869444
2023-08-20,アイムジャグラーEX-TP,159,5628,-179,21,13,1/165.5,1/268.0,1/432.9,5.974613497815391
2023-08-20,アイムジャグラーEX-TP,160,2229,-503,6,7,1/171.5,1/371.5,1/318.4,6.027632843119213
2023-08-20,アイムジャグラーEX-TP,161,3026,-1837,5,8,1/232.8,1/605.2,1/378.2,6.378169511300055
2023-08-20,アイムジャグラーEX-TP,162,7688,3445,40,28,1/113.1,1/192.2,1/274.6,6.0501346516960774
2023-08-20,アイムジャグラーEX-TP,163,2511,182,13,3,1/156.9,1/193.2,1/837.0,6.744081886851763
2023-08-20,アイムジャグラーEX-TP,164,5349,-69,19,17,1/148.6,1/281.5,1/314.6,6.0594872402763755
2023-08-20,アイムジャグラーEX-TP,165,3382,-748,10,8,1/187.9,1/338.2,1/422.8,5.974897867583332
2023-08-20,アイムジャグラーEX-TP,166,4183,207,15,14,1/144.2,1/278.9,1/298.8,5.890810289475375
2023-08-20,アイムジャグラーEX-TP,167,4697,-244,16,13,1/162.0,1/293.6,1/361.3,5.895875376382981
2023-08-20,アイムジャグラーEX-TP,168,4574,589,21,10,1/147.5,1/217.8,1/457.4,6.176088381310022
2023-08-20,アイムジャグラーEX-TP,169,8642,138,29,35,1/135.0,1/298.0,1/246.9,6.081770980181617
2023-08-20,アイムジャグラーEX-TP,170,3258,700,16,6,1/148.1,1/203.6,1/543.0,5.99756099186331
2023-08-20,アイムジャグラーEX-TP,171,3775,-200,15,10,1/151.0,1/251.7,1/377.5,6.532331363107209
2023-08-20,アイムジャグラーEX-TP,172,5457,-572,20,13,1/165.4,1/272.9,1/419.8,6.270799026315097
2023-08-20,アイムジャグラーEX-TP,173,2912,-1890,6,0,1/485.3,1/485.3,1/0.0,5.875457491730878
2023-08-20,アイムジャグラーEX-TP,174,5815,93,22,19,1/141.8,1/264.3,1/306.1,6.237655087923315
2023-08-20,アイムジャグラーEX-TP,175,4508,-2027,9,11,1/225.4,1/500.9,1/409.8,5.949518938897226
2023-08-20,アイムジャグラーEX-TP,176,4139,-328,13,14,1/153.3,1/318.4,1/295.6,5.980169849249295
2023-08-20,アイムジャグラーEX-TP,177,4317,-743,13,13,1/166.0,1/332.1,1/332.1,6.093952915609918
2023-08-20,アイムジャグラーEX-TP,178,5429,-1905,14,10,1/226.2,1/387.8,1/542.9,5.908111444154428
2023-08-20,マイジャグラーV,117,5802,556,22,22,1/131.9,1/263.7,1/263.7,5.891001949648011
2023-08-20,マイジャグラーV,118,5255,88,20,14,1/154.6,1/262.8,1/375.4,5.784709341369218
2023-08-20,マイジャグラーV,119,3979,-149,14,14,1/142.1,1/284.2,1/284.2,6.078313621303574
2023-08-20,マイジャグラーV,120,7861,1329,32,28,1/131.0,1/245.7,1/280.8,5.770337310376467
2023-08-20,ファンキージャグラー2,113,4590,1284,23,13,1/127.5,1/199.6,1/353.1,5.970990935704037
2023-08-20,ファンキージャグラー2,114,1770,150,9,0,1/196.7,1/196.7,1/0.0,5.72688347126791
2023-08-20,ファンキージャグラー2,115,4891,861,25,8,1/148.2,1/195.6,1/611.4,6.033037665456187
2023-08-20,ファンキージャグラー2,116,3444,-639,11,10,1/164.0,1/313.1,1/344.4,6.142331956659107
2023-08-20,ハッピージャグラーVIII,109,6430,2025,31,19,1/128.6,1/207.4,1/338.4,5.896155452184346
2023-08-20,ハッピージャグラーVIII,110,2347,315,11,4,1/156.5,1/213.4,1/586.8,6.024196698107503
2023-08-20,ハッピージャグラーVIII,111,3338,-1159,9,9,1/185.4,1/370.9,1/370.9,6.510564282874656
2023-08-20,ハッピージャグラーVIII,112,3937,-739,13,9,1/179.0,1/302.8,1/437.4,6.238633968930152
2023-08-19,アイムジャグラーEX-TP,121,6141,-1573,17,14,1/198.1,1/361.2,1/438.6,5.884534960131438
2023-08-19,アイムジャグラーEX-TP,122,5887,238,21,19,1/147.2,1/280.3,1/309.8,5.860466853529981
2023-08-19,アイムジャグラーEX-TP,123,2678,872,14,5,1/140.9,1/191.3,1/535.6,5.871051238470635
2023-08-19,アイムジャグラーEX-TP,124,7173,-66,27,23,1/143.5,1/265.7,1/311.9,6.3093040940496365
2023-08-19,アイムジャグラーEX-TP,125,1949,-749,4,5,1/216.6,1/487.2,1/389.8,5.780283219642072
2023-08-19,アイムジャグラーEX-TP,126,3840,233,17,6,1/167.0,1/225.9,1/640.0,6.024712145450985
2023-08-19,アイムジャグラーEX-TP,127,3300,62,13,7,1/165.0,1/253.8,1/471.4,5.902797031429711
2023-08-19,アイムジャグラーEX-TP,128,6037,-216,20,19,1/154.8,1/301.9,1/317.7,5.8806354900900875
2023-08-19,アイムジャグラーEX-TP,129,5253,-240,19,17,1/145.9,1/276.5,1/309.0,6.321047709867448
2023-08-19,アイムジャグラーEX-TP,130,3544,-560,12,8,1/177.2,1/295.3,1/443.0,6.132328591206864
2023-08-19,アイムジャグラーEX-TP,131,1533,-1272,2,4,1/255.5,1/766.5,1/383.2,7.128514420384817
2023-08-19,アイムジャグラーEX-TP,132,6179,-96,27,10,1/167.0,1/228.9,1/617.9,6.3453763386841695
2023-08-19,アイムジャグラーEX-TP,145,4725,983,22,14,1/131.2,1/214.8,1/337.5,6.229079849552891
2023-08-19,アイムジャグラーEX-TP,146,2922,-288,8,11,1/153.8,1/365.2,1/265.6,5.783274118108589
2023-08-19,アイムジャグラーEX-TP,147,3027,1764,19,7,1/116.4,1/159.3,1/432.4,6.089433438871442
2023-08-19,アイムジャグラーEX-TP,148,5719,1416,26,19,1/127.1,1/220.0,1/301.0,6.073372090700519
2023-08-19,アイムジャグラーEX-TP,149,1527,666,9,2,1/138.8,1/169.7,1/763.5,5.887244123194457
2023-08-19,アイムジャグラーEX-TP,150,6268,630,26,21,1/133.4,1/241.1,1/298.5,6.311581660714684
2023-08-19,アイムジャグラーEX-TP,151,1506,-501,5,2,1/215.1,1/301.2,1/753.0,6.4777679005438085
2023-08-19,アイムジャグラーEX-TP,152,1553,303,8,1,1/172.6,1/194.1,1/1553.0,5.848704888474086
2023-08-19,アイムジャグラーEX-TP,153,6202,-338,21,19,1/155.1,1/295.3,1/326.4,6.009223625360544
2023-08-19,アイムジャグラーEX-TP,154,2554,-424,8,5,1/196.5,1/319.2,1/510.8,5.760232119762488
2023-08-19,アイムジャグラーEX-TP,155,1930,-1782,1,4,1/386.0,1/1930.0,1/482.5,6.26265612225743
2023-08-19,アイムジャグラーEX-TP,156,5813,160,23,11,1/171.0,1/252.7,1/528.5,5.790832577078294
2023-08-19,アイムジャグラーEX-TP,157,5147,308,20,12,1/160.8,1/257.4,1/428.9,5.7562541416064015
2023-08-19,アイムジャグラーEX-TP,158,1932,-100,7,6,1/148.6,1/276.0,1/322.0,6.297097243510868
2023-08-19,アイムジャグラーEX-TP,159,4514,-1118,10,17,1/167.2,1/451.4,1/265.5,5.85940179765253
2023-08-19,アイムジャグラーEX-TP,160,7024,1502,30,26,1/125.4,1/234.1,1/270.2,6.0768344426670735
2023-08-19,アイムジャグラーEX-TP,161,2680,-1149,5,8,1/206.2,1/536.0,1/335.0,5.94128393140965
2023-08-19,アイムジャグラーEX-TP,162,5711,289,21,21,1/136.0,1/272.0,1/272.0,6.131189154174382
2023-08-19,アイムジャグラーEX-TP,163,6639,-915,20,21,1/161.9,1/331.9,1/316.1,6.004567541304873
2023-08-19,アイムジャグラーEX-TP,164,6109,408,26,16,1/145.5,1/235.0,1/381.8,6.268046283935047
2023-08-19,アイムジャグラーEX-TP,165,5416,1266,23,18,1/132.1,1/235.5,1/300.9,5.803273382640511
2023-08-19,アイムジャグラーEX-TP,166,7475,725,26,28,1/138.4,1/287.5,1/267.0,5.736380508891774
2023-08-19,アイムジャグラーEX-TP,167,5875,143,22,16,1/154.6,1/267.0,1/367.2,5.915387306837433
2023-08-19,アイムジャグラーEX-TP,168,6592,268,28,14,1/157.0,1/235.4,1/470.9,6.156299133304778
2023-08-19,アイムジャグラーEX-TP,169,4396,-1409,13,7,1/219.8,1/338.2,1/628.0,6.0923399164235175
2023-08-19,アイムジャグラーEX-TP,170,3685,-865,12,10,1/167.5,1/307.1,1/368.5,6.573960444560284
2023-08-19,アイムジャグラーEX-TP,171,3775,62,17,8,1/151.0,1/222.1,1/471.9,6.603751718178116
2023-08-19,アイムジャグラーEX-TP,172,7312,-1212,20,30,1/146.2,1/365.6,1/243.7,6.227897543385714
2023-08-19,アイムジャグラーEX-TP,173,6537,1575,33,17,1/130.7,1/198.1,1/384.5,6.383689442033903
2023-08-19,アイムジャグラーEX-TP,174,4507,-432,17,12,1/155.4,1/265.1,1/375.6,6.497878212807545
2023-08-19,アイムジャグラーEX-TP,175,3277,-1227,9,7,1/204.8,1/364.1,1/468.1,6.347231568855899
2023-08-19,アイムジャグラーEX-TP,176,5265,-915,16,17,1/159.5,1/329.1,1/309.7,6.2332082962404165
2023-08-19,アイムジャグラーEX-TP,177,2226,-388,8,3,1/202.4,1/278.2,1/742.0,6.048316593996749
2023-08-19,アイムジャグラーEX-TP,178,6224,-1699,18,16,1/183.1,1/345.8,1/389.0,6.231194162908845
2023-08-19,マイジャグラーV,117,4092,405,15,14,1/141.1,1/272.8,1/292.3,5.60770836249304
2023-08-19,マイジャグラーV,118,4620,-508,15,15,1/154.0,1/308.0,1/308.0,5.99460038316785
2023-08-19,マイジャグラーV,119,8278,165,29,30,1/140.3,1/285.4,1/275.9,5.851739206539756
2023-08-19,マイジャグラーV,120,7350,-615,25,24,1/150.0,1/294.0,1/306.2,6.0511597773234955
2023-08-19,ファンキージャグラー2,113,1392,-403,3,4,1/198.9,1/464.0,1/348.0,5.517787034429287
2023-08-19,ファンキージャグラー2,114,5273,-616,19,12,1/170.1,1/277.5,1/439.4,6.001350019222274
2023-08-19,ファンキージャグラー2,115,4082,-282,15,10,1/163.3,1/272.1,1/408.2,5.93863860201654
2023-08-19,ファンキージャグラー2,116,3803,-2003,5,13,1/211.3,1/760.6,1/292.5,5.874327430153013
2023-08-19,ハッピージャグラーVIII,109,6432,273,26,19,1/142.9,1/247.4,1/338.5,6.293704035632228
2023-08-19,ハッピージャグラーVIII,110,5905,-216,23,13,1/164.0,1/256.7,1/454.2,6.156676067414038
2023-08-19,ハッピージャグラーVIII,111,2903,-440,9,8,1/170.8,1/322.6,1/362.9,6.0519971942540725
2023-08-19,ハッピージャグラーVIII,112,6884,1756,33,23,1/122.9,1/208.6,1/299.3,6.316186517061249
2023-08-18,アイムジャグラーEX-TP,121,7927,-1250,24,24,1/165.1,1/330.3,1/330.3,6.053459770281014
2023-08-18,アイムジャグラーEX-TP,122,5986,1921,28,24,1/115.1,1/213.8,1/249.4,6.191460905920161
2023-08-18,アイムジャグラーEX-TP,123,6117,1010,28,13,1/149.2,1/218.5,1/470.5,5.9659980246177735
2023-08-18,アイムジャグラーEX-TP,124,4835,941,23,10,1/146.5,1/210.2,1/483.5,6.011646679547464
2023-08-18,アイムジャグラーEX-TP,125,5940,1185,28,16,1/135.0,1/212.1,1/371.2,6.216460937392076
2023-08-18,アイムジャグラーEX-TP,126,4662,717,20,12,1/145.7,1/233.1,1/388.5,5.886337772152214
2023-08-18,アイムジャグラーEX-TP,127,6940,-42,27,21,1/144.6,1/257.0,1/330.5,6.366577632433071
2023-08-18,アイムジャグラーEX-TP,128,3219,-1977,5,8,1/247.6,1/643.8,1/402.4,6.215167476173406
2023-08-18,アイムジャグラーEX-TP,129,3260,-783,9,8,1/191.8,1/362.2,1/407.5,5.8790734111420875
2023-08-18,アイムジャグラーEX-TP,130,3240,-305,13,10,1/140.9,1/249.2,1/324.0,7.06650816459773
2023-08-18,アイムジャグラーEX-TP,131,7905,-1180,23,29,1/152.0,1/343.7,1/272.6,6.1605185652545815
2023-08-18,アイムジャグラーEX-TP,132,3432,-582,10,10,1/171.6,1/343.2,1/343.2,5.929772829573559
2023-08-18,アイムジャグラーEX-TP,145,3399,879,17,6,1/147.8,1/199.9,1/566.5,5.87298988109243
2023-08-18,アイムジャグラーEX-TP,146,4687,3640,31,19,1/93.7,1/151.2,1/246.7,6.36416856055108
2023-08-18,アイムジャグラーEX-TP,147,3319,-736,8,11,1/174.7,1/414.9,1/301.7,5.775006076458262
2023-08-18,アイムジャグラーEX-TP,148,6951,-863,20,23,1/161.7,1/347.6,1/302.2,5.8561845921955165
2023-08-18,アイムジャグラーEX-TP,149,410,-166,1,0,1/410.0,1/410.0,1/0.0,5.295778941270457
2023-08-18,アイムジャグラーEX-TP,150,6108,1231,27,14,1/149.0,1/226.2,1/436.3,5.710593675768067
2023-08-18,アイムジャグラーEX-TP,151,1441,-588,3,5,1/180.1,1/480.3,1/288.2,6.315642580035978
2023-08-18,アイムジャグラーEX-TP,152,1132,-290,4,1,1/226.4,1/283.0,1/1132.0,6.152975471859024
2023-08-18,アイムジャグラーEX-TP,153,4652,-1099,12,15,1/172.3,1/387.7,1/310.1,5.984246997196319
2023-08-18,アイムジャグラーEX-TP,154,1473,-851,3,1,1/368.2,1/491.0,1/1473.0,5.8215149597521085
2023-08-18,アイムジャグラーEX-TP,155,4831,1079,18,23,1/117.8,1/268.4,1/210.0,5.873499174153919
2023-08-18,アイムジャグラーEX-TP,156,6699,1267,29,16,1/148.9,1/231.0,1/418.7,5.7049388751865235
2023-08-18,アイムジャグラーEX-TP,157,4999,-579,15,21,1/138.9,1/333.3,1/238.0,6.356945530781172
2023-08-18,アイムジャグラーEX-TP,158,5717,1324,26,18,1/129.9,1/219.9,1/317.6,6.07270453892866
2023-08-18,アイムジャグラーEX-TP,159,1727,-615,5,3,1/215.9,1/345.4,1/575.7,6.253256980112108
2023-08-18,アイムジャグラーEX-TP,160,2821,-96,11,6,1/165.9,1/256.5,1/470.2,6.097579559201414
2023-08-18,アイムジャグラーEX-TP,161,5393,1389,24,17,1/131.5,1/224.7,1/317.2,5.850049953221838
2023-08-18,アイムジャグラーEX-TP,162,3792,-1175,10,9,1/199.6,1/379.2,1/421.3,6.015897103283672
2023-08-18,アイムジャグラーEX-TP,163,5120,768,21,14,1/146.3,1/243.8,1/365.7,5.766375845732777
2023-08-18,アイムジャグラーEX-TP,164,5229,1321,25,12,1/141.3,1/209.2,1/435.8,5.877480595518607
2023-08-18,アイムジャグラーEX-TP,165,4185,979,20,12,1/130.8,1/209.2,1/348.8,6.209176703228357
2023-08-18,アイムジャグラーEX-TP,166,4099,765,18,10,1/146.4,1/227.7,1/409.9,5.800214847089696
2023-08-18,アイムジャグラーEX-TP,167,6279,-972,18,23,1/153.1,1/348.8,1/273.0,6.133279953578133
2023-08-18,アイムジャグラーEX-TP,168,6185,-1123,18,19,1/167.2,1/343.6,1/325.5,6.047118738573964
2023-08-18,アイムジャグラーEX-TP,169,4860,-425,18,11,1/167.6,1/270.0,1/441.8,6.1788969944179515
2023-08-18,アイムジャグラーEX-TP,170,4568,661,21,10,1/147.4,1/217.5,1/456.8,6.109386069960467
2023-08-18,アイムジャグラーEX-TP,171,7027,3762,35,34,1/101.8,1/200.8,1/206.7,5.919807558993594
2023-08-18,アイムジャグラーEX-TP,172,4623,986,21,15,1/128.4,1/220.1,1/308.2,6.195573302410234
2023-08-18,アイムジャグラーEX-TP,173,5234,-691,16,16,1/163.6,1/327.1,1/327.1,5.983229854931482
2023-08-18,アイムジャグラーEX-TP,174,3457,-1078,9,10,1/181.9,1/384.1,1/345.7,6.216714300868796
2023-08-18,アイムジャグラーEX-TP,175,4090,-583,13,9,1/185.9,1/314.6,1/454.4,5.807257822795148
2023-08-18,アイムジャグラーEX-TP,176,6149,2001,30,23,1/116.0,1/205.0,1/267.3,6.29102807420131
2023-08-18,アイムジャグラーEX-TP,177,6383,2179,31,22,1/120.4,1/205.9,1/290.1,6.055247210376639
2023-08-18,アイムジャグラーEX-TP,178,4458,-1555,10,15,1/178.3,1/445.8,1/297.2,6.175583816739924
2023-08-18,マイジャグラーV,117,5999,1697,31,14,1/133.3,1/193.5,1/428.5,5.904963842019691
2023-08-18,マイジャグラーV,118,4330,-384,16,13,1/149.3,1/270.6,1/333.1,6.290239076116415
2023-08-18,マイジャグラーV,119,4866,-1343,13,12,1/194.6,1/374.3,1/405.5,5.795177818364996
2023-08-18,マイジャグラーV,120,5999,-129,22,16,1/157.9,1/272.7,1/374.9,5.807252176913978
2023-08-18,ファンキージャグラー2,113,1502,-893,2,4,1/250.3,1/751.0,1/375.5,5.874049927664517
2023-08-18,ファンキージャグラー2,114,1903,-570,5,4,1/211.4,1/380.6,1/475.8,5.712857392722283
2023-08-18,ファンキージャグラー2,115,4727,1204,23,14,1/127.8,1/205.5,1/337.6,5.982678235392791
2023-08-18,ファンキージャグラー2,116,3982,-132,18,4,1/181.0,1/221.2,1/995.5,6.068059874622636
2023-08-18,ハッピージャグラーVIII,109,6317,-56,24,17,1/154.1,1/263.2,1/371.6,6.138705071164872
2023-08-18,ハッピージャグラーVIII,110,6268,-62,26,8,1/184.4,1/241.1,1/783.5,5.90852504107476
2023-08-18,ハッピージャグラーVIII,111,1906,-239,7,3,1/190.6,1/272.3,1/635.3,6.042516841415398
2023-08-18,ハッピージャグラーVIII,112,3972,-1554,10,12,1/180.5,1/397.2,1/331.0,6.686373962734575
2023-08-17,アイムジャグラーEX-TP,121,3889,-1537,11,7,1/216.1,1/353.5,1/555.6,6.394887405090843
2023-08-17,アイムジャグラーEX-TP,122,5531,-722,14,22,1/153.6,1/395.1,1/251.4,5.784704167028538
2023-08-17,アイムジャグラーEX-TP,123,5612,383,23,16,1/143.9,1/244.0,1/350.8,6.1762108842774515
2023-08-17,アイムジャグラーEX-TP,124,6914,-574,24,19,1/160.8,1/288.1,1/363.9,6.100327302764812
2023-08-17,アイムジャグラーEX-TP,125,6580,-709,18,27,1/146.2,1/365.6,1/243.7,5.959405669740515
2023-08-17,アイムジャグラーEX-TP,126,4292,671,18,15,1/130.1,1/238.4,1/286.1,6.163014637748495
2023-08-17,アイムジャグラーEX-TP,127,2949,609,13,11,1/122.9,1/226.8,1/268.1,6.289496502451303
2023-08-17,アイムジャグラーEX-TP,128,5239,259,21,15,1/145.5,1/249.5,1/349.3,6.163648623980444
2023-08-17,アイムジャグラーEX-TP,129,2889,-874,8,7,1/192.6,1/361.1,1/412.7,6.157343988216775
2023-08-17,アイムジャグラーEX-TP,130,6211,2591,30,28,1/107.1,1/207.0,1/221.8,6.141982906597538
2023-08-17,アイムジャグラーEX-TP,131,2377,-462,8,4,1/198.1,1/297.1,1/594.2,6.02378983912097
2023-08-17,アイムジャグラーEX-TP,132,2846,-1771,6,6,1/237.2,1/474.3,1/474.3,6.805358892533293
2023-08-17,アイムジャグラーEX-TP,145,3204,423,16,4,1/160.2,1/200.2,1/801.0,6.217228569073409
2023-08-17,アイムジャグラーEX-TP,146,1113,-336,2,3,1/222.6,1/556.5,1/371.0,5.2693556856276835
2023-08-17,アイムジャグラーEX-TP,147,2913,-676,8,10,1/161.8,1/364.1,1/291.3,6.253595602792732
2023-08-17,アイムジャグラーEX-TP,148,7447,542,25,34,1/126.2,1/297.9,1/219.0,6.047926360799471
2023-08-17,アイムジャグラーEX-TP,149,872,-599,1,3,1/218.0,1/872.0,1/290.7,6.527587140294017
2023-08-17,アイムジャグラーEX-TP,150,4750,-570,13,21,1/139.7,1/365.4,1/226.2,6.155820003823088
2023-08-17,アイムジャグラーEX-TP,151,1197,101,5,2,1/171.0,1/239.4,1/598.5,5.69779875041609
2023-08-17,アイムジャグラーEX-TP,152,1348,-544,3,2,1/269.6,1/449.3,1/674.0,5.616885023071938
2023-08-17,アイムジャグラーEX-TP,153,719,-784,0,1,1/719.0,1/0.0,1/719.0,6.1281972846545925
2023-08-17,アイムジャグラーEX-TP,154,4767,2340,26,16,1/113.5,1/183.3,1/297.9,6.018938025998933
2023-08-17,アイムジャグラーEX-TP,155,1578,-706,4,4,1/197.2,1/394.5,1/394.5,6.652301966282188
2023-08-17,アイムジャグラーEX-TP,156,4176,-69,16,12,1/149.1,1/261.0,1/348.0,6.272313575305252
2023-08-17,アイムジャグラーEX-TP,157,5478,-1176,17,13,1/182.6,1/322.2,1/421.4,6.116709087238944
2023-08-17,アイムジャグラーEX-TP,158,3204,192,13,6,1/168.6,1/246.5,1/534.0,5.753551781184883
2023-08-17,アイムジャグラーEX-TP,159,5829,504,22,25,1/124.0,1/265.0,1/233.2,6.359347932166214
2023-08-17,アイムジャグラーEX-TP,160,2569,-101,11,6,1/151.1,1/233.5,1/428.2,6.718526508143788
2023-08-17,アイムジャグラーEX-TP,161,4113,-1797,9,8,1/241.9,1/457.0,1/514.1,5.898116427269534
2023-08-17,アイムジャグラーEX-TP,162,1194,-210,4,1,1/238.8,1/298.5,1/1194.0,5.59065949695021
2023-08-17,アイムジャグラーEX-TP,163,5228,546,19,18,1/141.3,1/275.2,1/290.4,5.748365814257392
2023-08-17,アイムジャグラーEX-TP,164,6353,0,22,24,1/138.1,1/288.8,1/264.7,6.161293688183763
2023-08-17,アイムジャグラーEX-TP,165,3011,199,12,7,1/158.5,1/250.9,1/430.1,5.8324151298853275
2023-08-17,アイムジャグラーEX-TP,166,1478,-897,3,3,1/246.3,1/492.7,1/492.7,6.56758646351999
2023-08-17,アイムジャグラーEX-TP,167,4172,-2657,6,8,1/298.0,1/695.3,1/521.5,5.9370458540592725
2023-08-17,アイムジャグラーEX-TP,168,4199,-933,13,9,1/190.9,1/323.0,1/466.6,6.041818245704043
2023-08-17,アイムジャグラーEX-TP,169,6739,696,28,19,1/143.4,1/240.7,1/354.7,6.0646158677798905
2023-08-17,アイムジャグラーEX-TP,170,5519,1296,27,13,1/138.0,1/204.4,1/424.5,6.1086377222093065
2023-08-17,アイムジャグラーEX-TP,171,1111,-483,3,1,1/277.8,1/370.3,1/1111.0,6.017751880561005
2023-08-17,アイムジャグラーEX-TP,172,3341,-851,10,7,1/196.5,1/334.1,1/477.3,6.051347997084413
2023-08-17,アイムジャグラーEX-TP,173,3461,-1424,9,6,1/230.7,1/384.6,1/576.8,6.161425173781652
2023-08-17,アイムジャグラーEX-TP,174,6156,-990,18,24,1/146.6,1/342.0,1/256.5,6.341620892340231
2023-08-17,アイムジャグラーEX-TP,175,2481,-753,7,6,1/190.8,1/354.4,1/413.5,6.222895696216742
2023-08-17,アイムジャグラーEX-TP,176,3408,-711,8,12,1/170.4,1/426.0,1/284.0,5.736752545582943
2023-08-17,アイムジャグラーEX-TP,177,2370,-115,8,8,1/148.1,1/296.2,1/296.2,6.106047357163578
2023-08-17,アイムジャグラーEX-TP,178,5310,-4,20,14,1/156.2,1/265.5,1/379.3,6.014544323510447
2023-08-17,マイジャグラーV,117,6375,-999,20,17,1/172.3,1/318.8,1/375.0,5.842674810897104
2023-08-17,マイジャグラーV,118,2592,-493,10,1,1/235.6,1/259.2,1/2592.0,5.794794910426265
2023-08-17,マイジャグラーV,119,6936,3229,36,25,1/113.7,1/192.7,1/277.4,5.6698478033337105
2023-08-17,マイジャグラーV,120,5876,-483,19,22,1/143.3,1/309.3,1/267.1,6.0693511057485425
2023-08-17,ファンキージャグラー2,113,5109,1002,26,9,1/146.0,1/196.5,1/567.7,5.9724887633349155
2023-08-17,ファンキージャグラー2,114,750,-478,1,1,1/375.0,1/750.0,1/750.0,5.534927700006918
2023-08-17,ファンキージャグラー2,115,3371,-889,10,8,1/187.3,1/337.1,1/421.4,6.018638362521505
2023-08-17,ファンキージャグラー2,116,2706,227,12,6,1/150.3,1/225.5,1/451.0,5.968302161949086
2023-08-17,ハッピージャグラーVIII,109,3967,252,17,9,1/152.6,1/233.4,1/440.8,6.156173803746277
2023-08-17,ハッピージャグラーVIII,110,5017,-661,17,13,1/167.2,1/295.1,1/385.9,6.2094801291607755
2023-08-17,ハッピージャグラーVIII,111,3234,468,13,12,1/129.4,1/248.8,1/269.5,6.123854386899495
2023-08-17,ハッピージャグラーVIII,112,1314,-442,4,2,1/219.0,1/328.5,1/657.0,6.306263393760758
2023-08-16,アイムジャグラーEX-TP,121,4319,-1682,11,10,1/205.7,1/392.6,1/431.9,6.257647199124781
2023-08-16,アイムジャグラーEX-TP,122,5390,52,18,23,1/131.5,1/299.4,1/234.3,6.189715231183856
2023-08-16,アイムジャグラーEX-TP,123,7486,-100,33,13,1/162.7,1/226.8,1/575.8,6.441298986461691
2023-08-16,アイムジャグラーEX-TP,124,7914,-804,21,32,1/149.3,1/376.9,1/247.3,5.818649973067238
2023-08-16,アイムジャグラーEX-TP,125,2387,-329,8,5,1/183.6,1/298.4,1/477.4,5.930711352675999
2023-08-16,アイムジャグラーEX-TP,126,6906,790,27,29,1/123.3,1/255.8,1/238.1,6.347005048120702
2023-08-16,アイムジャグラーEX-TP,127,4728,1688,24,14,1/124.4,1/197.0,1/337.7,6.024467748850337
2023-08-16,アイムジャグラーEX-TP,128,2272,54,10,5,1/151.5,1/227.2,1/454.4,6.4692643173688955
2023-08-16,アイムジャグラーEX-TP,129,4835,-827,14,15,1/166.7,1/345.4,1/322.3,5.995804920689514
2023-08-16,アイムジャグラーEX-TP,130,2980,-1064,10,4,1/212.9,1/298.0,1/745.0,6.6650011619020475
2023-08-16,アイムジャグラーEX-TP,131,3445,-756,11,6,1/202.6,1/313.2,1/574.2,5.966901794928931
2023-08-16,アイムジャグラーEX-TP,132,7749,282,28,30,1/133.6,1/276.8,1/258.3,6.210719841905802
2023-08-16,アイムジャグラーEX-TP,145,4039,-1177,12,10,1/183.6,1/336.6,1/403.9,6.376465043757643
2023-08-16,アイムジャグラーEX-TP,146,4952,921,19,22,1/120.8,1/260.6,1/225.1,6.028006150660008
2023-08-16,アイムジャグラーEX-TP,147,4774,945,21,15,1/132.6,1/227.3,1/318.3,6.052423368003467
2023-08-16,アイムジャグラーEX-TP,148,1717,-816,3,5,1/214.6,1/572.3,1/343.4,5.984858065099919
2023-08-16,アイムジャグラーEX-TP,149,2846,-1163,6,10,1/177.9,1/474.3,1/284.6,6.372951955824471
2023-08-16,アイムジャグラーEX-TP,150,5104,463,19,21,1/127.6,1/268.6,1/243.0,6.1927230747704805
2023-08-16,アイムジャグラーEX-TP,151,4511,-429,15,13,1/161.1,1/300.7,1/347.0,6.045649086671423
2023-08-16,アイムジャグラーEX-TP,152,3809,-574,13,10,1/165.6,1/293.0,1/380.9,6.298964047798636
2023-08-16,アイムジャグラーEX-TP,153,2674,-384,10,3,1/205.7,1/267.4,1/891.3,5.977960997090808
2023-08-16,アイムジャグラーEX-TP,154,3486,-22,13,9,1/158.5,1/268.2,1/387.3,5.974007002989437
2023-08-16,アイムジャグラーEX-TP,155,3248,-127,9,16,1/129.9,1/360.9,1/203.0,6.04316543014658
2023-08-16,アイムジャグラーEX-TP,156,7603,532,29,30,1/128.9,1/262.2,1/253.4,6.32853774228621
2023-08-16,アイムジャグラーEX-TP,157,5427,-262,20,12,1/169.6,1/271.4,1/452.2,5.954581389307524
2023-08-16,アイムジャグラーEX-TP,158,3363,-1395,9,5,1/240.2,1/373.7,1/672.6,6.156183416702666
2023-08-16,アイムジャグラーEX-TP,159,6798,357,23,28,1/133.3,1/295.6,1/242.8,5.977072046587188
2023-08-16,アイムジャグラーEX-TP,160,4426,-70,18,11,1/152.6,1/245.9,1/402.4,6.379711399210959
2023-08-16,アイムジャグラーEX-TP,161,3788,-152,13,12,1/151.5,1/291.4,1/315.7,6.041435796658605
2023-08-16,アイムジャグラーEX-TP,162,4362,-294,15,15,1/145.4,1/290.8,1/290.8,6.302293540721269
2023-08-16,アイムジャグラーEX-TP,163,6245,2134,31,17,1/130.1,1/201.5,1/367.4,5.867046065847328
2023-08-16,アイムジャグラーEX-TP,164,2389,-1224,5,5,1/238.9,1/477.8,1/477.8,6.197836926375146
2023-08-16,アイムジャグラーEX-TP,165,6045,2151,33,14,1/128.6,1/183.2,1/431.8,6.192105541750079
2023-08-16,アイムジャグラーEX-TP,166,6559,150,23,24,1/139.6,1/285.2,1/273.3,6.053180443352508
2023-08-16,アイムジャグラーEX-TP,167,5234,-194,19,17,1/145.4,1/275.5,1/307.9,6.30011595391098
2023-08-16,アイムジャグラーEX-TP,168,6756,1514,32,15,1/143.7,1/211.1,1/450.4,5.922043139244213
2023-08-16,アイムジャグラーEX-TP,169,6296,-1110,21,14,1/179.9,1/299.8,1/449.7,6.143523341275775
2023-08-16,アイムジャグラーEX-TP,170,4864,-511,15,18,1/147.4,1/324.3,1/270.2,6.173079937032046
2023-08-16,アイムジャグラーEX-TP,171,7528,1568,36,21,1/132.1,1/209.1,1/358.5,6.3022561197874705
2023-08-16,アイムジャグラーEX-TP,172,2708,-370,10,5,1/180.5,1/270.8,1/541.6,6.21111501968944
2023-08-16,アイムジャグラーEX-TP,173,4415,-310,15,11,1/169.8,1/294.3,1/401.4,5.851525525176072
2023-08-16,アイムジャグラーEX-TP,174,3426,-1322,10,5,1/228.4,1/342.6,1/685.2,6.298844426797712
2023-08-16,アイムジャグラーEX-TP,175,7038,2762,37,19,1/125.7,1/190.2,1/370.4,5.957895910225293
2023-08-16,アイムジャグラーEX-TP,176,4964,-1161,14,14,1/177.3,1/354.6,1/354.6,6.073489516794935
2023-08-16,アイムジャグラーEX-TP,177,6386,-795,20,23,1/148.5,1/319.3,1/277.7,6.279946215102672
2023-08-16,アイムジャグラーEX-TP,178,5286,406,24,6,1/176.2,1/220.2,1/881.0,5.898566483193649
2023-08-16,マイジャグラーV,117,6205,-3193,10,15,1/248.2,1/620.5,1/413.7,5.713832758037433
2023-08-16,マイジャグラーV,118,5883,-1058,18,14,1/183.8,1/326.8,1/420.2,5.74714609423535
2023-08-16,マイジャグラーV,119,5362,-1533,15,15,1/178.7,1/357.5,1/357.5,6.1121068979911035
2023-08-16,マイジャグラーV,120,7304,2006,34,24,1/125.9,1/214.8,1/304.3,5.803451510617213
2023-08-16,ファンキージャグラー2,113,2683,-1528,6,4,1/268.3,1/447.2,1/670.8,6.239531074704868
2023-08-16,ファンキージャグラー2,114,4783,1,17,13,1/159.4,1/281.4,1/367.9,5.6351202774333595
2023-08-16,ファンキージャグラー2,115,1816,-787,3,6,1/201.8,1/605.3,1/302.7,5.774545035966098
2023-08-16,ファンキージャグラー2,116,4817,-537,17,13,1/160.6,1/283.4,1/370.5,6.079913661944337
2023-08-16,ハッピージャグラーVIII,109,5443,-1862,13,17,1/181.4,1/418.7,1/320.2,6.315050996748802
2023-08-16,ハッピージャグラーVIII,110,3784,5,15,10,1/151.4,1/252.3,1/378.4,6.257188987611957
2023-08-16,ハッピージャグラーVIII,111,6567,520,24,22,1/142.8,1/273.6,1/298.5,5.86998997902788
2023-08-16,ハッピージャグラーVIII,112,4700,-1242,14,12,1/180.8,1/335.7,1/391.7,6.360795843828928
2023-08-15,アイムジャグラーEX-TP,121,1973,-546,6,5,1/179.4,1/328.8,1/394.6,6.419847552536431
2023-08-15,アイムジャグラーEX-TP,122,451,-262,1,1,1/225.5,1/451.0,1/451.0,6.7848586026440785
2023-08-15,アイムジャグラーEX-TP,123,3496,-418,13,8,1/166.5,1/268.9,1/437.0,6.366844736168316
2023-08-15,アイムジャグラーEX-TP,124,3601,-313,12,16,1/128.6,1/300.1,1/225.1,6.774399369824715
2023-08-15,アイムジャグラーEX-TP,125,869,-59,3,2,1/173.8,1/289.7,1/434.5,5.823127949801287
2023-08-15,アイムジャグラーEX-TP,126,739,-161,2,2,1/184.8,1/369.5,1/369.5,5.827912087010806
2023-08-15,アイムジャグラーEX-TP,127,806,-124,2,3,1/161.2,1/403.0,1/268.7,5.728622907995402
2023-08-15,アイムジャグラーEX-TP,128,949,-531,2,0,1/474.5,1/474.5,1/0.0,5.558338955123646
2023-08-15,アイムジャグラーEX-TP,129,1800,702,10,4,1/128.6,1/180.0,1/450.0,6.103049999237119
2023-08-15,アイムジャグラーEX-TP,130,2191,258,8,9,1/128.9,1/273.9,1/243.4,5.981641901458852
2023-08-15,アイムジャグラーEX-TP,131,3678,338,15,11,1/141.5,1/245.2,1/334.4,6.103727319583164
2023-08-15,アイムジャグラーEX-TP,132,1550,-663,4,3,1/221.4,1/387.5,1/516.7,6.309963738063229
2023-08-15,アイムジャグラーEX-TP,145,1838,-405,4,8,1/153.2,1/459.5,1/229.8,5.940884898361092
2023-08-15,アイムジャグラーEX-TP,146,1182,-536,2,4,1/197.0,1/591.0,1/295.5,6.026867592166459
2023-08-15,アイムジャグラーEX-TP,147,620,-347,1,2,1/206.7,1/620.0,1/310.0,6.368703778747121
2023-08-15,アイムジャグラーEX-TP,148,2759,636,12,12,1/115.0,1/229.9,1/229.9,6.390947730988864
2023-08-15,アイムジャグラーEX-TP,149,1091,-309,3,3,1/181.8,1/363.7,1/363.7,6.190522610614312
2023-08-15,アイムジャグラーEX-TP,150,259,-370,0,0,1/0.0,1/0.0,1/0.0,7.274389990439373
2023-08-15,アイムジャグラーEX-TP,151,139,-170,0,0,1/0.0,1/0.0,1/0.0,6.128866697590253
2023-08-15,アイムジャグラーEX-TP,152,2196,-140,8,4,1/183.0,1/274.5,1/549.0,5.814925844866887
2023-08-15,アイムジャグラーEX-TP,153,467,451,4,1,1/93.4,1/116.8,1/467.0,7.029487571429451
2023-08-15,アイムジャグラーEX-TP,154,1521,119,7,2,1/169.0,1/217.3,1/760.5,6.037736687912011
2023-08-15,アイムジャグラーEX-TP,155,384,-114,1,1,1/192.0,1/384.0,1/384.0,6.0191050155133015
2023-08-15,アイムジャグラーEX-TP,156,4004,-1192,11,8,1/210.7,1/364.0,1/500.5,5.925659230699366
2023-08-15,アイムジャグラーEX-TP,157,4416,-1272,10,15,1/176.6,1/441.6,1/294.4,5.935672232824485
2023-08-15,アイムジャグラーEX-TP,158,1454,-537,5,2,1/207.7,1/290.8,1/727.0,6.872968863985696
2023-08-15,アイムジャグラーEX-TP,159,1317,-25,4,6,1/131.7,1/329.2,1/219.5,6.096172890240466
2023-08-15,アイムジャグラーEX-TP,160,954,65,4,1,1/190.8,1/238.5,1/954.0,5.543420526379737
2023-08-15,アイムジャグラーEX-TP,161,162,-178,0,0,1/0.0,1/0.0,1/0.0,5.596148744251856
2023-08-15,アイムジャグラーEX-TP,162,7548,1656,30,36,1/114.4,1/251.6,1/209.7,6.178491511965769
2023-08-15,アイムジャグラーEX-TP,163,115,-197,0,0,1/0.0,1/0.0,1/0.0,9.812621591180587
2023-08-15,アイムジャグラーEX-TP,164,347,-315,0,1,1/347.0,1/0.0,1/347.0,5.943345020770021
2023-08-15,アイムジャグラーEX-TP,165,121,-138,0,0,1/0.0,1/0.0,1/0.0,5.764419146637295
2023-08-15,アイムジャグラーEX-TP,166,4355,-114,16,9,1/174.2,1/272.2,1/483.9,5.7877757524623465
2023-08-15,アイムジャグラーEX-TP,167,1040,-602,1,5,1/173.3,1/1040.0,1/208.0,6.400232377667866
2023-08-15,アイムジャグラーEX-TP,168,4184,2711,24,15,1/107.3,1/174.3,1/278.9,5.740608387316983
2023-08-15,アイムジャグラーEX-TP,169,1239,-51,4,4,1/154.9,1/309.8,1/309.8,5.845758046197625
2023-08-15,アイムジャグラーEX-TP,170,555,-354,1,0,1/555.0,1/555.0,1/0.0,5.564135686712093
2023-08-15,アイムジャグラーEX-TP,171,1015,-375,2,2,1/253.8,1/507.5,1/507.5,5.419675075795357
2023-08-15,アイムジャグラーEX-TP,172,1353,-747,2,4,1/225.5,1/676.5,1/338.2,6.045856818560217
2023-08-15,アイムジャグラーEX-TP,173,3912,621,17,14,1/126.2,1/230.1,1/279.4,6.3777784114254965
2023-08-15,アイムジャグラーEX-TP,174,478,-207,2,0,1/239.0,1/239.0,1/0.0,7.662759087022332
2023-08-15,アイムジャグラーEX-TP,175,2902,-356,9,9,1/161.2,1/322.4,1/322.4,6.010327573622473
2023-08-15,アイムジャグラーEX-TP,176,279,-385,0,0,1/0.0,1/0.0,1/0.0,6.9662643045620785
2023-08-15,アイムジャグラーEX-TP,177,2333,-118,8,6,1/166.6,1/291.6,1/388.8,5.834194541804667
2023-08-15,アイムジャグラーEX-TP,178,4170,-1505,11,8,1/219.5,1/379.1,1/521.2,6.051871504980712
2023-08-15,マイジャグラーV,117,3764,-1148,11,5,1/235.2,1/342.2,1/752.8,5.7150287027219635
2023-08-15,マイジャグラーV,118,2995,-561,11,5,1/187.2,1/272.3,1/599.0,6.127975426511629
2023-08-15,マイジャグラーV,119,6623,-1856,16,20,1/184.0,1/413.9,1/331.1,5.777530494102872
2023-08-15,マイジャグラーV,120,4115,-1409,14,6,1/205.8,1/293.9,1/685.8,6.476323416377852
2023-08-15,ファンキージャグラー2,113,837,31,3,2,1/167.4,1/279.0,1/418.5,5.4031726209559015
2023-08-15,ファンキージャグラー2,114,1656,-577,3,6,1/184.0,1/552.0,1/276.0,5.70720291398201
2023-08-15,ファンキージャグラー2,115,726,-366,3,0,1/242.0,1/242.0,1/0.0,7.722519041035456
2023-08-15,ファンキージャグラー2,116,2337,-9,9,5,1/166.9,1/259.7,1/467.4,5.715557643352321
2023-08-15,ハッピージャグラーVIII,109,2016,-674,6,3,1/224.0,1/336.0,1/672.0,6.200728277996856
2023-08-15,ハッピージャグラーVIII,110,490,-544,0,1,1/490.0,1/0.0,1/490.0,6.809728878983128
2023-08-15,ハッピージャグラーVIII,111,2162,-735,5,6,1/196.5,1/432.4,1/360.3,6.058762004640334
2023-08-15,ハッピージャグラーVIII,112,4340,738,18,17,1/124.0,1/241.1,1/255.3,6.243479142787576
2023-08-14,アイムジャグラーEX-TP,121,4017,-722,15,5,1/200.8,1/267.8,1/803.4,6.192788775737612
2023-08-14,アイムジャグラーEX-TP,122,3131,335,13,9,1/142.3,1/240.8,1/347.9,6.068314687333333
2023-08-14,アイムジャグラーEX-TP,123,6699,219,27,19,1/145.6,1/248.1,1/352.6,6.258762056665649
2023-08-14,アイムジャグラーEX-TP,124,3989,1297,18,15,1/120.9,1/221.6,1/265.9,5.875661256771979
2023-08-14,アイムジャグラーEX-TP,125,1344,-605,3,4,1/192.0,1/448.0,1/336.0,6.483701186087966
2023-08-14,アイムジャグラーEX-TP,126,909,-629,1,2,1/303.0,1/909.0,1/454.5,5.924270615728541
2023-08-14,アイムジャグラーEX-TP,127,4619,1526,23,17,1/115.5,1/200.8,1/271.7,6.364110681460538
2023-08-14,アイムジャグラーEX-TP,128,4504,796,19,16,1/128.7,1/237.1,1/281.5,6.121849182835754
2023-08-14,アイムジャグラーEX-TP,129,6036,-911,19,18,1/163.1,1/317.7,1/335.3,6.142191176229509
2023-08-14,アイムジャグラーEX-TP,130,1408,-524,4,3,1/201.1,1/352.0,1/469.3,6.454553593584173
2023-08-14,アイムジャグラーEX-TP,131,2561,-556,9,4,1/197.0,1/284.6,1/640.2,6.2524843004904405
2023-08-14,アイムジャグラーEX-TP,132,1895,-1435,3,3,1/315.8,1/631.7,1/631.7,6.543885645339355
2023-08-14,アイムジャグラーEX-TP,145,983,-272,3,1,1/245.8,1/327.7,1/983.0,5.76396521403016
2023-08-14,アイムジャグラーEX-TP,146,5517,1704,24,27,1/108.2,1/229.9,1/204.3,6.259545253397727
2023-08-14,アイムジャグラーEX-TP,147,1537,485,8,5,1/118.2,1/192.1,1/307.4,6.5238458024315475
2023-08-14,アイムジャグラーEX-TP,148,3438,85,12,13,1/137.5,1/286.5,1/264.5,6.0794221868176725
2023-08-14,アイムジャグラーEX-TP,149,2133,-294,6,9,1/142.2,1/355.5,1/237.0,6.241047147643952
2023-08-14,アイムジャグラーEX-TP,150,3014,188,11,11,1/137.0,1/274.0,1/274.0,6.032741010505335
2023-08-14,アイムジャグラーEX-TP,151,3930,1229,20,9,1/135.5,1/196.5,1/436.7,5.951110491603369
2023-08-14,アイムジャグラーEX-TP,152,3912,409,13,18,1/126.2,1/300.9,1/217.3,5.8837708889094875
2023-08-14,アイムジャグラーEX-TP,153,950,-447,3,0,1/316.7,1/316.7,1/0.0,6.3272486292348855
2023-08-14,アイムジャグラーEX-TP,154,2077,934,12,3,1/138.5,1/173.1,1/692.3,5.760302684076407
2023-08-14,アイムジャグラーEX-TP,155,3743,-907,12,10,1/170.1,1/311.9,1/374.3,6.525166379539589
2023-08-14,アイムジャグラーEX-TP,156,3223,-2161,6,5,1/293.0,1/537.2,1/644.6,6.439519653791604
2023-08-14,アイムジャグラーEX-TP,157,6073,1995,29,23,1/116.8,1/209.4,1/264.0,6.171365894704975
2023-08-14,アイムジャグラーEX-TP,158,4627,1341,20,18,1/121.8,1/231.3,1/257.1,5.875521384269282
2023-08-14,アイムジャグラーEX-TP,159,886,-753,1,1,1/443.0,1/886.0,1/886.0,6.2143193910472
2023-08-14,アイムジャグラーEX-TP,160,3489,1017,16,11,1/129.2,1/218.1,1/317.2,5.8508872948560935
2023-08-14,アイムジャグラーEX-TP,161,3470,-108,12,11,1/150.9,1/289.2,1/315.5,6.031477883291945
2023-08-14,アイムジャグラーEX-TP,162,1535,-650,5,2,1/219.3,1/307.0,1/767.5,6.882554696693437
2023-08-14,アイムジャグラーEX-TP,163,1613,-701,4,3,1/230.4,1/403.2,1/537.7,6.184726547472838
2023-08-14,アイムジャグラーEX-TP,164,1721,-790,4,3,1/245.9,1/430.2,1/573.7,6.063892711169249
2023-08-14,アイムジャグラーEX-TP,165,3500,-1182,9,10,1/184.2,1/388.9,1/350.0,6.287373382404786
2023-08-14,アイムジャグラーEX-TP,166,2129,-299,8,6,1/152.1,1/266.1,1/354.8,6.806556264260119
2023-08-14,アイムジャグラーEX-TP,167,1376,-523,4,4,1/172.0,1/344.0,1/344.0,7.011606450759465
2023-08-14,アイムジャグラーEX-TP,168,4110,-825,11,15,1/158.1,1/373.6,1/274.0,6.118466917628018
2023-08-14,アイムジャグラーEX-TP,169,6408,-262,26,13,1/164.3,1/246.5,1/492.9,6.275643109699857
2023-08-14,アイムジャグラーEX-TP,170,1830,-979,5,2,1/261.4,1/366.0,1/915.0,6.651293576649525
2023-08-14,アイムジャグラーEX-TP,171,1493,54,6,3,1/165.9,1/248.8,1/497.7,5.86775418330982
2023-08-14,アイムジャグラーEX-TP,172,2045,-425,7,2,1/227.2,1/292.1,1/1022.5,5.85087200166056
2023-08-14,アイムジャグラーEX-TP,173,5590,-847,15,21,1/155.3,1/372.7,1/266.2,5.948937470814022
2023-08-14,アイムジャグラーEX-TP,174,2450,-762,6,5,1/222.7,1/408.3,1/490.0,5.68340972106637
2023-08-14,アイムジャグラーEX-TP,175,2861,-471,10,6,1/178.8,1/286.1,1/476.8,6.2220616167217
2023-08-14,アイムジャグラーEX-TP,176,5095,1157,23,16,1/130.6,1/221.5,1/318.4,6.0510325917879
2023-08-14,アイムジャグラーEX-TP,177,3065,-1212,6,12,1/170.3,1/510.8,1/255.4,6.308530141292551
2023-08-14,アイムジャグラーEX-TP,178,3065,-1919,5,7,1/255.4,1/613.0,1/437.9,6.275431878702556
2023-08-14,マイジャグラーV,117,7403,1294,35,15,1/148.1,1/211.5,1/493.5,5.792070541394752
2023-08-14,マイジャグラーV,118,5316,829,26,10,1/147.7,1/204.5,1/531.6,5.982867222377418
2023-08-14,マイジャグラーV,119,4481,442,19,9,1/160.0,1/235.8,1/497.9,5.6203020071039465
2023-08-14,マイジャグラーV,120,5623,-1052,20,10,1/187.4,1/281.1,1/562.3,6.046504596462494
2023-08-14,ファンキージャグラー2,113,3934,-321,15,9,1/163.9,1/262.3,1/437.1,6.07461343921752
2023-08-14,ファンキージャグラー2,114,1991,-1050,4,6,1/199.1,1/497.8,1/331.8,6.484967866471221
2023-08-14,ファンキージャグラー2,115,1313,-831,3,1,1/328.2,1/437.7,1/1313.0,6.266618485772825
2023-08-14,ファンキージャグラー2,116,2193,-70,7,7,1/156.6,1/313.3,1/313.3,5.598066663133307
2023-08-14,ハッピージャグラーVIII,109,5146,-1243,19,3,1/233.9,1/270.8,1/1715.3,6.1635904459437345
2023-08-14,ハッピージャグラーVIII,110,4507,207,20,13,1/136.6,1/225.3,1/346.7,6.742448652923051
2023-08-14,ハッピージャグラーVIII,111,3734,-1217,10,11,1/177.8,1/373.4,1/339.5,6.501346909668581
2023-08-14,ハッピージャグラーVIII,112,2973,595,13,8,1/141.6,1/228.7,1/371.6,5.819097272166036
2023-08-13,アイムジャグラーEX-TP,121,3014,-968,10,5,1/200.9,1/301.4,1/602.8,6.58149289003332
2023-08-13,アイムジャグラーEX-TP,122,3602,-1480,6,14,1/180.1,1/600.3,1/257.3,6.020883405676427
2023-08-13,アイムジャグラーEX-TP,123,1433,-515,3,6,1/159.2,1/477.7,1/238.8,6.430216867926173
2023-08-13,アイムジャグラーEX-TP,124,5054,-180,18,12,1/168.5,1/280.8,1/421.2,5.83213069197896
2023-08-13,アイムジャグラーEX-TP,125,1641,-382,5,3,1/205.1,1/328.2,1/547.0,5.90029599998044
2023-08-13,アイムジャグラーEX-TP,126,2630,530,12,6,1/146.1,1/219.2,1/438.3,5.855860770341824
2023-08-13,アイムジャグラーEX-TP,127,4827,-690,15,9,1/201.1,1/321.8,1/536.3,5.606108477118925
2023-08-13,アイムジャグラーEX-TP,128,1073,-664,1,3,1/268.2,1/1073.0,1/357.7,5.677671648766214
2023-08-13,アイムジャグラーEX-TP,129,6546,1359,28,22,1/130.9,1/233.8,1/297.5,5.965223784194714
2023-08-13,アイムジャグラーEX-TP,130,2905,108,12,7,1/152.9,1/242.1,1/415.0,6.162789501279708
2023-08-13,アイムジャグラーEX-TP,131,798,-737,1,1,1/399.0,1/798.0,1/798.0,6.834390722631477
2023-08-13,アイムジャグラーEX-TP,132,5663,811,24,20,1/128.7,1/236.0,1/283.1,6.297578522675042
2023-08-13,アイムジャグラーEX-TP,145,6781,208,27,20,1/144.3,1/251.1,1/339.1,6.26146444267994
2023-08-13,アイムジャグラーEX-TP,146,376,-209,1,0,1/376.0,1/376.0,1/0.0,6.133789365346929
2023-08-13,アイムジャグラーEX-TP,147,6889,2205,33,27,1/114.8,1/208.8,1/255.1,6.2916140173616775
2023-08-13,アイムジャグラーEX-TP,148,402,-381,0,1,1/402.0,1/0.0,1/402.0,5.954071007184431
2023-08-13,アイムジャグラーEX-TP,149,1823,-1005,4,1,1/364.6,1/455.8,1/1823.0,5.824566423652634
2023-08-13,アイムジャグラーEX-TP,150,1660,-1033,2,7,1/184.4,1/830.0,1/237.1,6.657438494392212
2023-08-13,アイムジャグラーEX-TP,151,587,-607,0,1,1/587.0,1/0.0,1/587.0,6.006084050593124
2023-08-13,アイムジャグラーEX-TP,152,7319,2124,34,27,1/120.0,1/215.3,1/271.1,6.1539599361652995
2023-08-13,アイムジャグラーEX-TP,153,591,-466,1,0,1/591.0,1/591.0,1/0.0,6.085042954122586
2023-08-13,アイムジャグラーEX-TP,154,3534,-394,11,11,1/160.6,1/321.3,1/321.3,5.9776941682434375
2023-08-13,アイムジャグラーEX-TP,155,531,-649,0,1,1/531.0,1/0.0,1/531.0,7.100260356251217
2023-08-13,アイムジャグラーEX-TP,156,6107,-481,20,20,1/152.7,1/305.4,1/305.4,6.084600880470739
2023-08-13,アイムジャグラーEX-TP,157,5986,327,21,22,1/139.2,1/285.0,1/272.1,5.9195723936657245
2023-08-13,アイムジャグラーEX-TP,158,4159,1330,20,16,1/115.5,1/207.9,1/259.9,6.282141787713574
2023-08-13,アイムジャグラーEX-TP,159,1161,-60,5,1,1/193.5,1/232.2,1/1161.0,6.094970027551785
2023-08-13,アイムジャグラーEX-TP,160,3429,-871,10,10,1/171.4,1/342.9,1/342.9,6.330058440340057
2023-08-13,アイムジャグラーEX-TP,161,4957,1367,24,15,1/127.1,1/206.5,1/330.5,6.156681546410852
2023-08-13,アイムジャグラーEX-TP,162,2247,-424,7,8,1/149.8,1/321.0,1/280.9,6.569250941380676
2023-08-13,アイムジャグラーEX-TP,163,3857,579,17,10,1/142.9,1/226.9,1/385.7,6.041926647438918
2023-08-13,アイムジャグラーEX-TP,164,573,-45,2,1,1/191.0,1/286.5,1/573.0,5.687504671347095
2023-08-13,アイムジャグラーEX-TP,165,6401,912,27,18,1/142.2,1/237.1,1/355.6,5.956131809783165
2023-08-13,アイムジャグラーEX-TP,166,2078,-1,9,4,1/159.8,1/230.9,1/519.5,6.3678873142583345
2023-08-13,アイムジャグラーEX-TP,167,6890,3400,38,19,1/120.9,1/181.3,1/362.6,5.824868358186458
2023-08-13,アイムジャグラーEX-TP,168,3644,-964,12,7,1/191.8,1/303.7,1/520.6,6.382557500248585
2023-08-13,アイムジャグラーEX-TP,169,4683,-365,15,10,1/187.3,1/312.2,1/468.3,5.547039815628384
2023-08-13,アイムジャグラーEX-TP,170,4175,1837,21,17,1/109.9,1/198.8,1/245.6,6.075780628665023
2023-08-13,アイムジャグラーEX-TP,171,3579,1209,16,15,1/115.5,1/223.7,1/238.6,5.953703740208515
2023-08-13,アイムジャグラーEX-TP,172,1629,-161,5,5,1/162.9,1/325.8,1/325.8,5.8567278271079575
2023-08-13,アイムジャグラーEX-TP,173,3400,-1343,10,8,1/188.9,1/340.0,1/425.0,6.836252647791236
2023-08-13,アイムジャグラーEX-TP,174,2744,55,11,8,1/144.4,1/249.5,1/343.0,6.331771780885344
2023-08-13,アイムジャグラーEX-TP,175,4219,819,21,9,1/140.6,1/200.9,1/468.8,6.305859505091515
2023-08-13,アイムジャグラーEX-TP,176,1205,-1014,1,2,1/401.7,1/1205.0,1/602.5,6.059556133741696
2023-08-13,アイムジャグラーEX-TP,177,1143,88,5,3,1/142.9,1/228.6,1/381.0,6.368265600913554
2023-08-13,アイムジャグラーEX-TP,178,6553,1009,30,19,1/133.7,1/218.4,1/344.9,6.369997179140116
2023-08-13,マイジャグラーV,117,6663,-1323,19,19,1/175.3,1/350.7,1/350.7,5.805004773365122
2023-08-13,マイジャグラーV,118,6276,127,23,20,1/146.0,1/272.9,1/313.8,5.8375583041366665
2023-08-13,マイジャグラーV,119,3385,-456,13,4,1/199.1,1/260.4,1/846.2,5.86325615692507
2023-08-13,マイジャグラーV,120,6526,105,25,17,1/155.4,1/261.0,1/383.9,5.788836030574111
2023-08-13,ファンキージャグラー2,113,3883,-116,15,10,1/155.3,1/258.9,1/388.3,6.018181518421063
2023-08-13,ファンキージャグラー2,114,3448,-2373,6,3,1/383.1,1/574.7,1/1149.3,5.964485192534118
2023-08-13,ファンキージャグラー2,115,1001,-414,3,1,1/250.2,1/333.7,1/1001.0,6.14002743537234
2023-08-13,ファンキージャグラー2,116,2964,-1174,9,4,1/228.0,1/329.3,1/741.0,6.261723566875482
2023-08-13,ハッピージャグラーVIII,109,3237,-1875,6,4,1/323.7,1/539.5,1/809.2,5.9768306415323105
2023-08-13,ハッピージャグラーVIII,110,3027,-456,10,6,1/189.2,1/302.7,1/504.5,5.934322372358584
2023-08-13,ハッピージャグラーVIII,111,1449,-653,4,3,1/207.0,1/362.2,1/483.0,6.8387173582067895
2023-08-13,ハッピージャグラーVIII,112,2498,-495,8,5,1/192.2,1/312.2,1/499.6,6.047164371937646
2023-08-12,アイムジャグラーEX-TP,121,2696,288,10,9,1/141.9,1/269.6,1/299.6,5.775182306503707
2023-08-12,アイムジャグラーEX-TP,122,3561,-182,12,9,1/169.6,1/296.8,1/395.7,5.756200981062907
2023-08-12,アイムジャグラーEX-TP,123,4671,570,22,9,1/150.7,1/212.3,1/519.0,6.233160308756412
2023-08-12,アイムジャグラーEX-TP,124,384,-497,0,0,1/0.0,1/0.0,1/0.0,6.4827238785056505
2023-08-12,アイムジャグラーEX-TP,125,5556,-96,21,16,1/150.2,1/264.6,1/347.2,6.215550804694003
2023-08-12,アイムジャグラーEX-TP,126,2082,-684,5,6,1/189.3,1/416.4,1/347.0,6.051858849374204
2023-08-12,アイムジャグラーEX-TP,127,7285,1662,31,26,1/127.8,1/235.0,1/280.2,5.937510735504354
2023-08-12,アイムジャグラーEX-TP,128,1605,-771,4,3,1/229.3,1/401.2,1/535.0,6.432209620301256
2023-08-12,アイムジャグラーEX-TP,129,4373,-457,15,11,1/168.2,1/291.5,1/397.5,6.049619161740532
2023-08-12,アイムジャグラーEX-TP,130,771,-534,1,1,1/385.5,1/771.0,1/771.0,5.770770620175961
2023-08-12,アイムジャグラーEX-TP,131,5739,1544,27,16,1/133.5,1/212.6,1/358.7,5.926975142778496
2023-08-12,アイムジャグラーEX-TP,132,7127,632,29,20,1/145.4,1/245.8,1/356.4,6.027006112070873
2023-08-12,アイムジャグラーEX-TP,145,5677,1351,24,24,1/118.3,1/236.5,1/236.5,6.147038991782522
2023-08-12,アイムジャグラーEX-TP,146,1519,-650,4,3,1/217.0,1/379.8,1/506.3,6.396570259249751
2023-08-12,アイムジャグラーEX-TP,147,2035,-1005,3,7,1/203.5,1/678.3,1/290.7,5.986105763163771
2023-08-12,アイムジャグラーEX-TP,148,1100,-853,2,1,1/366.7,1/550.0,1/1100.0,6.6145420707425275
2023-08-12,アイムジャグラーEX-TP,149,2189,-302,8,4,1/182.4,1/273.6,1/547.2,6.162958418246457
2023-08-12,アイムジャグラーEX-TP,150,1835,1309,12,5,1/107.9,1/152.9,1/367.0,5.9742378492222805
2023-08-12,アイムジャグラーEX-TP,151,3161,1697,18,7,1/126.4,1/175.6,1/451.6,5.619843391445524
2023-08-12,アイムジャグラーEX-TP,152,560,-544,0,1,1/560.0,1/0.0,1/560.0,5.768667175202148
2023-08-12,アイムジャグラーEX-TP,153,2568,-810,8,4,1/214.0,1/321.0,1/642.0,6.241103147061679
2023-08-12,アイムジャグラーEX-TP,154,1603,-969,2,4,1/267.2,1/801.5,1/400.8,5.828039318869083
2023-08-12,アイムジャグラーEX-TP,155,3063,2820,23,9,1/95.7,1/133.2,1/340.3,6.2379014648621025
2023-08-12,アイムジャグラーEX-TP,156,4219,-1966,9,12,1/200.9,1/468.8,1/351.6,6.372230932246813
2023-08-12,アイムジャグラーEX-TP,157,4427,-1418,12,12,1/184.5,1/368.9,1/368.9,6.305288061507479
2023-08-12,アイムジャグラーEX-TP,158,2374,309,12,3,1/158.3,1/197.8,1/791.3,6.308625003823309
2023-08-12,アイムジャグラーEX-TP,159,2829,-547,8,8,1/176.8,1/353.6,1/353.6,5.903562705143065
2023-08-12,アイムジャグラーEX-TP,160,1386,-47,5,4,1/154.0,1/277.2,1/346.5,6.092302604230791
2023-08-12,アイムジャグラーEX-TP,161,6200,1222,26,22,1/129.2,1/238.5,1/281.8,5.997883327625671
2023-08-12,アイムジャグラーEX-TP,162,2995,-408,10,4,1/213.9,1/299.5,1/748.8,5.610165957887602
2023-08-12,アイムジャグラーEX-TP,163,3180,-332,11,9,1/159.0,1/289.1,1/353.3,6.224526906594122
2023-08-12,アイムジャグラーEX-TP,164,6269,40,22,24,1/136.3,1/285.0,1/261.2,6.209591226244797
2023-08-12,アイムジャグラーEX-TP,165,4306,-357,13,18,1/138.9,1/331.2,1/239.2,6.207746220645243
2023-08-12,アイムジャグラーEX-TP,166,2364,-493,7,7,1/168.9,1/337.7,1/337.7,6.1835274073343225
2023-08-12,アイムジャグラーEX-TP,167,2907,-827,9,4,1/223.6,1/323.0,1/726.8,5.992924391043532
2023-08-12,アイムジャグラーEX-TP,168,6740,-428,28,10,1/177.4,1/240.7,1/674.0,6.251321101705377
2023-08-12,アイムジャグラーEX-TP,169,4674,-2094,13,7,1/233.7,1/359.5,1/667.7,6.4576210124190245
2023-08-12,アイムジャグラーEX-TP,170,3892,-2328,4,15,1/204.8,1/973.0,1/259.5,6.130978655262458
2023-08-12,アイムジャグラーEX-TP,171,3464,-1767,5,11,1/216.5,1/692.8,1/314.9,5.912397252469399
2023-08-12,アイムジャグラーEX-TP,172,5660,610,26,14,1/141.5,1/217.7,1/404.3,6.418788042092734
2023-08-12,アイムジャグラーEX-TP,173,1628,-1097,4,2,1/271.3,1/407.0,1/814.0,7.141897661870803
2023-08-12,アイムジャグラーEX-TP,174,3426,59,13,9,1/155.7,1/263.5,1/380.7,5.961469280493116
2023-08-12,アイムジャグラーEX-TP,175,3330,-126,13,6,1/175.3,1/256.2,1/555.0,5.979052309435888
2023-08-12,アイムジャグラーEX-TP,176,5869,2694,36,11,1/124.9,1/163.0,1/533.5,6.310786549274065
2023-08-12,アイムジャグラーEX-TP,177,2047,-245,6,7,1/157.5,1/341.2,1/292.4,5.941468322874424
2023-08-12,アイムジャグラーEX-TP,178,7199,-2006,21,14,1/205.7,1/342.8,1/514.2,6.0081628390897075
2023-08-12,マイジャグラーV,117,4752,-496,18,11,1/163.9,1/264.0,1/432.0,6.156608176341012
2023-08-12,マイジャグラーV,118,4427,84,18,13,1/142.8,1/245.9,1/340.5,6.167986394748402
2023-08-12,マイジャグラーV,119,6446,100,28,10,1/169.6,1/230.2,1/644.6,5.886558828960534
2023-08-12,マイジャグラーV,120,3701,-2182,6,9,1/246.7,1/616.8,1/411.2,6.05388770156496
2023-08-12,ファンキージャグラー2,113,5376,-2109,12,15,1/199.1,1/448.0,1/358.4,5.985352919554619
2023-08-12,ファンキージャグラー2,114,913,-238,3,2,1/182.6,1/304.3,1/456.5,6.283264245241377
2023-08-12,ファンキージャグラー2,115,3420,1008,17,13,1/114.0,1/201.2,1/263.1,6.288709697438591
2023-08-12,ファンキージャグラー2,116,2047,252,10,2,1/170.6,1/204.7,1/1023.5,5.755559733280276
2023-08-12,ハッピージャグラーVIII,109,3304,-20,13,8,1/157.3,1/254.2,1/413.0,6.156696879948511
2023-08-12,ハッピージャグラーVIII,110,2006,-601,6,3,1/222.9,1/334.3,1/668.7,6.057719406044537
2023-08-12,ハッピージャグラーVIII,111,2427,-850,4,9,1/186.7,1/606.8,1/269.7,5.796533609610088
2023-08-12,ハッピージャグラーVIII,112,1459,-183,6,1,1/208.4,1/243.2,1/1459.0,6.137157369870522
2023-08-11,アイムジャグラーEX-TP,121,7802,1669,32,30,1/125.8,1/243.8,1/260.1,5.945823443124388
2023-08-11,アイムジャグラーEX-TP,122,1639,-942,2,4,1/273.2,1/819.5,1/409.8,5.655584366791596
2023-08-11,アイムジャグラーEX-TP,123,6666,-689,20,27,1/141.8,1/333.3,1/246.9,6.224067029299024
2023-08-11,アイムジャグラーEX-TP,124,4059,365,15,10,1/162.4,1/270.6,1/405.9,5.497950486235409
2023-08-11,アイムジャグラーEX-TP,125,3436,-236,12,9,1/163.6,1/286.3,1/381.8,6.002982028493933
2023-08-11,アイムジャグラーEX-TP,126,2052,-175,9,2,1/186.5,1/228.0,1/1026.0,6.409088562328682
2023-08-11,アイムジャグラーEX-TP,127,1859,-1145,3,4,1/265.6,1/619.7,1/464.8,6.144446856170133
2023-08-11,アイムジャグラーEX-TP,128,5123,-66,20,14,1/150.7,1/256.1,1/365.9,6.278106105556838
2023-08-11,アイムジャグラーEX-TP,129,1570,-175,5,4,1/174.4,1/314.0,1/392.5,5.822328853663182
2023-08-11,アイムジャグラーEX-TP,130,1845,-269,6,7,1/141.9,1/307.5,1/263.6,6.644158155452054
2023-08-11,アイムジャグラーEX-TP,131,5868,895,26,14,1/146.7,1/225.7,1/419.1,5.96858425303575
2023-08-11,アイムジャグラーEX-TP,132,3513,-1667,5,13,1/195.2,1/702.6,1/270.2,5.953621542395734
2023-08-11,アイムジャグラーEX-TP,145,4972,63,20,15,1/142.1,1/248.6,1/331.5,6.436186550148735
2023-08-11,アイムジャグラーEX-TP,146,2095,-708,6,4,1/209.5,1/349.2,1/523.8,6.20664789760542
2023-08-11,アイムジャグラーEX-TP,147,4462,-171,15,13,1/159.4,1/297.5,1/343.2,5.848578085097414
2023-08-11,アイムジャグラーEX-TP,148,1918,-202,7,5,1/159.8,1/274.0,1/383.6,6.360687739578719
2023-08-11,アイムジャグラーEX-TP,149,2464,-198,9,5,1/176.0,1/273.8,1/492.8,5.983704216952407
2023-08-11,アイムジャグラーEX-TP,150,2621,-636,8,4,1/218.4,1/327.6,1/655.2,5.8248866180597165
2023-08-11,アイムジャグラーEX-TP,151,2796,-484,10,7,1/164.5,1/279.6,1/399.4,6.567364020038541
2023-08-11,アイムジャグラーEX-TP,152,1647,-578,5,3,1/205.9,1/329.4,1/549.0,6.445732877871404
2023-08-11,アイムジャグラーEX-TP,153,4820,398,19,15,1/141.8,1/253.7,1/321.3,6.04199083347258
2023-08-11,アイムジャグラーEX-TP,154,2079,-119,8,6,1/148.5,1/259.9,1/346.5,6.50735468801538
2023-08-11,アイムジャグラーEX-TP,155,7161,1222,32,25,1/125.6,1/223.8,1/286.4,6.432481637492624
2023-08-11,アイムジャグラーEX-TP,156,3050,-1049,8,8,1/190.6,1/381.2,1/381.2,6.271887344565152
2023-08-11,アイムジャグラーEX-TP,157,4793,906,21,15,1/133.1,1/228.2,1/319.5,6.067820432823845
2023-08-11,アイムジャグラーEX-TP,158,5467,-329,20,18,1/143.9,1/273.4,1/303.7,6.4757374007581685
2023-08-11,アイムジャグラーEX-TP,159,4262,1445,22,12,1/125.4,1/193.7,1/355.2,6.143202223868034
2023-08-11,アイムジャグラーEX-TP,160,1333,-223,5,2,1/190.4,1/266.6,1/666.5,6.271094671089081
2023-08-11,アイムジャグラーEX-TP,161,5200,-458,16,19,1/148.6,1/325.0,1/273.7,6.064569589040856
2023-08-11,アイムジャグラーEX-TP,162,6888,966,28,18,1/149.7,1/246.0,1/382.7,5.721186735597997
2023-08-11,アイムジャグラーEX-TP,163,1930,-1110,3,5,1/241.2,1/643.3,1/386.0,6.079559701276266
2023-08-11,アイムジャグラーEX-TP,164,1702,-1096,3,2,1/340.4,1/567.3,1/851.0,6.01692310884872
2023-08-11,アイムジャグラーEX-TP,165,4676,-598,15,13,1/167.0,1/311.7,1/359.7,6.016639379053993
2023-08-11,アイムジャグラーEX-TP,166,2954,-332,10,9,1/155.5,1/295.4,1/328.2,6.273581546716488
2023-08-11,アイムジャグラーEX-TP,167,6708,947,25,26,1/131.5,1/268.3,1/258.0,5.865417676628837
2023-08-11,アイムジャグラーEX-TP,168,6079,-274,22,14,1/168.9,1/276.3,1/434.2,5.905770980671584
2023-08-11,アイムジャグラーEX-TP,169,6369,-1270,17,22,1/163.3,1/374.6,1/289.5,6.018341284854537
2023-08-11,アイムジャグラーEX-TP,170,2656,-984,7,4,1/241.5,1/379.4,1/664.0,5.916243851622653
2023-08-11,アイムジャグラーEX-TP,171,4379,-1485,11,16,1/162.2,1/398.1,1/273.7,6.611354036559263
2023-08-11,アイムジャグラーEX-TP,172,4795,519,19,14,1/145.3,1/252.4,1/342.5,5.869891258887238
2023-08-11,アイムジャグラーEX-TP,173,2385,-772,7,3,1/238.5,1/340.7,1/795.0,5.937371559218496
2023-08-11,アイムジャグラーEX-TP,174,1919,-677,5,6,1/174.5,1/383.8,1/319.8,6.5408485535879715
2023-08-11,アイムジャグラーEX-TP,175,5759,516,24,16,1/144.0,1/240.0,1/359.9,6.124482407325916
2023-08-11,アイムジャグラーEX-TP,176,4610,626,22,8,1/153.7,1/209.5,1/576.2,6.154816464307604
2023-08-11,アイムジャグラーEX-TP,177,1895,-1069,4,3,1/270.7,1/473.8,1/631.7,6.235048838199824
2023-08-11,アイムジャグラーEX-TP,178,4422,-60,16,9,1/176.9,1/276.4,1/491.3,5.666523696506373
2023-08-11,マイジャグラーV,117,3512,-847,10,8,1/195.1,1/351.2,1/439.0,5.750634948203431
2023-08-11,マイジャグラーV,118,7010,-39,25,23,1/146.0,1/280.4,1/304.8,5.885800792112499
2023-08-11,マイジャグラーV,119,3502,-1025,10,9,1/184.3,1/350.2,1/389.1,6.107474556959903
2023-08-11,マイジャグラーV,120,5889,425,28,11,1/151.0,1/210.3,1/535.4,6.214859723530795
2023-08-11,ファンキージャグラー2,113,4675,957,22,13,1/133.6,1/212.5,1/359.6,5.9583338809743145
2023-08-11,ファンキージャグラー2,114,3112,238,14,5,1/163.8,1/222.3,1/622.4,5.814697076610596
2023-08-11,ファンキージャグラー2,115,3011,-1273,6,10,1/188.2,1/501.8,1/301.1,6.093729749915991
2023-08-11,ファンキージャグラー2,116,3065,-767,8,7,1/204.3,1/383.1,1/437.9,5.569290134690737
2023-08-11,ハッピージャグラーVIII,109,3429,-1066,8,13,1/163.3,1/428.6,1/263.8,6.413468545796741
2023-08-11,ハッピージャグラーVIII,110,2836,-548,9,8,1/166.8,1/315.1,1/354.5,6.3672552448749595
2023-08-11,ハッピージャグラーVIII,111,5512,633,25,15,1/137.8,1/220.5,1/367.5,6.412645103255569
2023-08-11,ハッピージャグラーVIII,112,2377,-266,9,3,1/198.1,1/264.1,1/792.3,5.969974756638606
2023-08-09,アイムジャグラーEX-TP,121,7757,1070,24,45,1/112.4,1/323.2,1/172.4,5.986535750897693
2023-08-09,アイムジャグラーEX-TP,122,477,-83,2,0,1/238.5,1/238.5,1/0.0,6.14979349844347
2023-08-09,アイムジャグラーEX-TP,123,3963,-51,12,15,1/146.8,1/330.2,1/264.2,5.738299071720441
2023-08-09,アイムジャグラーEX-TP,124,1421,17,5,4,1/157.9,1/284.2,1/355.2,5.763265884195506
2023-08-09,アイムジャグラーEX-TP,125,7627,2280,37,22,1/129.3,1/206.1,1/346.7,5.998576464739787
2023-08-09,アイムジャグラーEX-TP,126,1958,-120,7,5,1/163.2,1/279.7,1/391.6,6.0351756421050835
2023-08-09,アイムジャグラーEX-TP,127,1573,-102,6,3,1/174.8,1/262.2,1/524.3,6.044776615529956
2023-08-09,アイムジャグラーEX-TP,128,4057,-131,13,17,1/135.2,1/312.1,1/238.6,6.19283628207693
2023-08-09,アイムジャグラーEX-TP,129,1291,243,6,2,1/161.4,1/215.2,1/645.5,5.709038730543278
2023-08-09,アイムジャグラーEX-TP,130,4484,1213,20,15,1/128.1,1/224.2,1/298.9,5.884285782543279
2023-08-09,アイムジャグラーEX-TP,131,1872,-388,5,6,1/170.2,1/374.4,1/312.0,5.949313942722535
2023-08-09,アイムジャグラーEX-TP,132,1278,-173,5,1,1/213.0,1/255.6,1/1278.0,5.9905327083554605
2023-08-09,アイムジャグラーEX-TP,145,1973,-185,8,4,1/164.4,1/246.6,1/493.2,6.542928709071212
2023-08-09,アイムジャグラーEX-TP,146,1221,-991,1,4,1/244.2,1/1221.0,1/305.2,6.672911841762469
2023-08-09,アイムジャグラーEX-TP,147,1463,414,8,2,1/146.3,1/182.9,1/731.5,6.119955648518273
2023-08-09,アイムジャグラーEX-TP,148,493,-201,1,1,1/246.5,1/493.0,1/493.0,5.6426549000334445
2023-08-09,アイムジャグラーEX-TP,149,5587,1859,27,18,1/124.2,1/206.9,1/310.4,5.970233911883942
2023-08-09,アイムジャグラーEX-TP,150,168,-151,0,0,1/0.0,1/0.0,1/0.0,4.909449872763424
2023-08-09,アイムジャグラーEX-TP,151,1422,-207,4,5,1/158.0,1/355.5,1/284.4,5.965324850322574
2023-08-09,アイムジャグラーEX-TP,152,2408,-127,9,7,1/150.5,1/267.6,1/344.0,6.35105978826495
2023-08-09,アイムジャグラーEX-TP,153,5797,2557,24,37,1/95.0,1/241.5,1/156.7,6.054765726783965
2023-08-09,アイムジャグラーEX-TP,154,8511,89,31,33,1/133.0,1/274.5,1/257.9,6.377949413801179
2023-08-09,アイムジャグラーEX-TP,155,706,-734,0,2,1/353.0,1/0.0,1/353.0,6.5636721756267615
2023-08-09,アイムジャグラーEX-TP,156,4004,-955,9,15,1/166.8,1/444.9,1/266.9,5.846969788923222
2023-08-09,アイムジャグラーEX-TP,157,1690,-383,5,5,1/169.0,1/338.0,1/338.0,6.266916502793599
2023-08-09,アイムジャグラーEX-TP,158,3776,-494,11,7,1/209.8,1/343.3,1/539.4,5.372759828785397
2023-08-09,アイムジャグラーEX-TP,159,140,-202,0,0,1/0.0,1/0.0,1/0.0,7.370127819073892
2023-08-09,アイムジャグラーEX-TP,160,3889,-355,11,14,1/155.6,1/353.5,1/277.8,5.7824842352217045
2023-08-09,アイムジャグラーEX-TP,161,1315,-242,5,2,1/187.9,1/263.0,1/657.5,6.4303540093257245
2023-08-09,アイムジャグラーEX-TP,162,3557,-1653,9,6,1/237.1,1/395.2,1/592.8,6.313055905437841
2023-08-09,アイムジャグラーEX-TP,163,1577,-590,4,5,1/175.2,1/394.2,1/315.4,6.584858258316265
2023-08-09,アイムジャグラーEX-TP,164,1843,-706,5,4,1/204.8,1/368.6,1/460.8,6.36492897198592
2023-08-09,アイムジャグラーEX-TP,165,5064,638,22,13,1/144.7,1/230.2,1/389.5,6.068611185986744
2023-08-09,アイムジャグラーEX-TP,166,1291,-1000,3,1,1/322.8,1/430.3,1/1291.0,7.298624670007188
2023-08-09,アイムジャグラーEX-TP,167,2153,-74,9,5,1/153.8,1/239.2,1/430.6,6.544140179920389
2023-08-09,アイムジャグラーEX-TP,168,4296,-1463,12,9,1/204.6,1/358.0,1/477.3,6.218862350910339
2023-08-09,アイムジャグラーEX-TP,169,3970,1101,19,12,1/128.1,1/208.9,1/330.8,6.082333189139649
2023-08-09,アイムジャグラーEX-TP,170,1715,-491,5,3,1/214.4,1/343.0,1/571.7,5.957268840600854
2023-08-09,アイムジャグラーEX-TP,171,4569,-97,14,18,1/142.8,1/326.4,1/253.8,5.873794335898451
2023-08-09,アイムジャグラーEX-TP,172,4040,813,17,14,1/130.3,1/237.6,1/288.6,5.960171449347726
2023-08-09,アイムジャグラーEX-TP,173,1687,-660,5,2,1/241.0,1/337.4,1/843.5,6.252415305808894
2023-08-09,アイムジャグラーEX-TP,174,1610,-106,5,5,1/161.0,1/322.0,1/322.0,5.770363199562457
2023-08-09,アイムジャグラーEX-TP,175,3473,-1556,9,7,1/217.1,1/385.9,1/496.1,6.466124100579453
2023-08-09,アイムジャグラーEX-TP,176,783,-346,2,1,1/261.0,1/391.5,1/783.0,6.046772363423839
2023-08-09,アイムジャグラーEX-TP,177,1824,4,8,3,1/165.8,1/228.0,1/608.0,6.289910889825485
2023-08-09,アイムジャグラーEX-TP,178,4206,346,18,8,1/161.8,1/233.7,1/525.8,5.9077038002603945
2023-08-09,マイジャグラーV,117,2848,-616,9,6,1/189.9,1/316.4,1/474.7,5.893125885921704
2023-08-09,マイジャグラーV,118,7337,1630,34,23,1/128.7,1/215.8,1/319.0,5.946157605689154
2023-08-09,マイジャグラーV,119,2443,-503,6,10,1/152.7,1/407.2,1/244.3,5.938467480201261
2023-08-09,マイジャグラーV,120,2754,-1227,5,11,1/172.1,1/550.8,1/250.4,6.298312901179761
2023-08-09,ファンキージャグラー2,113,2755,620,14,4,1/153.1,1/196.8,1/688.8,5.71566609877392
2023-08-09,ファンキージャグラー2,114,675,-365,2,0,1/337.5,1/337.5,1/0.0,6.25454250627626
2023-08-09,ファンキージャグラー2,115,1962,191,9,5,1/140.1,1/218.0,1/392.4,6.221635292781135
2023-08-09,ファンキージャグラー2,116,687,-528,1,1,1/343.5,1/687.0,1/687.0,6.283175733771693
2023-08-09,ハッピージャグラーVIII,109,4206,814,16,21,1/113.7,1/262.9,1/200.3,6.229678515781315
2023-08-09,ハッピージャグラーVIII,110,1204,-251,4,2,1/200.7,1/301.0,1/602.0,6.076660299800414
2023-08-09,ハッピージャグラーVIII,111,1255,-447,4,1,1/251.0,1/313.8,1/1255.0,6.231084484878915
2023-08-09,ハッピージャグラーVIII,112,1551,-961,2,4,1/258.5,1/775.5,1/387.8,6.131206333128977
2023-08-08,アイムジャグラーEX-TP,121,3042,-1230,7,7,1/217.3,1/434.6,1/434.6,6.030256185978334
2023-08-08,アイムジャグラーEX-TP,122,7614,-392,27,21,1/158.6,1/282.0,1/362.6,6.04607903119421
2023-08-08,アイムジャグラーEX-TP,123,4213,1008,18,15,1/127.7,1/234.1,1/280.9,5.904113690162568
2023-08-08,アイムジャグラーEX-TP,124,5401,-564,17,18,1/154.3,1/317.7,1/300.1,6.080746663900964
2023-08-08,アイムジャグラーEX-TP,125,8577,2778,40,28,1/126.1,1/214.4,1/306.3,5.841448976833128
2023-08-08,アイムジャグラーEX-TP,126,3431,1972,21,9,1/114.4,1/163.4,1/381.2,6.081761780209489
2023-08-08,アイムジャグラーEX-TP,127,2383,-1557,4,4,1/297.9,1/595.8,1/595.8,6.185620744562884
2023-08-08,アイムジャグラーEX-TP,128,3097,-1002,7,10,1/182.2,1/442.4,1/309.7,6.018037050005263
2023-08-08,アイムジャグラーEX-TP,129,6088,1916,29,19,1/126.8,1/209.9,1/320.4,5.930535274060088
2023-08-08,アイムジャグラーEX-TP,130,1946,-1307,3,4,1/278.0,1/648.7,1/486.5,6.281571473582748
2023-08-08,アイムジャグラーEX-TP,131,1904,-646,3,8,1/173.1,1/634.7,1/238.0,5.743218816546419
2023-08-08,アイムジャグラーEX-TP,132,6426,323,25,18,1/149.4,1/257.0,1/357.0,5.995637404040527
2023-08-08,アイムジャグラーEX-TP,145,4358,-133,17,9,1/167.6,1/256.4,1/484.2,6.0560175789598105
2023-08-08,アイムジャグラーEX-TP,146,2608,668,12,9,1/124.2,1/217.3,1/289.8,6.155283015924412
2023-08-08,アイムジャグラーEX-TP,147,420,-503,0,0,1/0.0,1/0.0,1/0.0,6.0118691473738135
2023-08-08,アイムジャグラーEX-TP,148,6428,1521,28,20,1/133.9,1/229.6,1/321.4,5.821777599908242
2023-08-08,アイムジャグラーEX-TP,149,881,203,4,2,1/146.8,1/220.2,1/440.5,5.707114018032407
2023-08-08,アイムジャグラーEX-TP,150,1420,-465,4,3,1/202.9,1/355.0,1/473.3,6.192543174999744
2023-08-08,アイムジャグラーEX-TP,151,2637,159,11,5,1/164.8,1/239.7,1/527.4,5.882582843363483
2023-08-08,アイムジャグラーEX-TP,152,3454,159,13,10,1/150.2,1/265.7,1/345.4,5.913032777905992
2023-08-08,アイムジャグラーEX-TP,153,4131,1153,20,12,1/129.1,1/206.6,1/344.2,6.086759619585038
2023-08-08,アイムジャグラーEX-TP,154,1110,-180,4,2,1/185.0,1/277.5,1/555.0,6.2057317480204555
2023-08-08,アイムジャグラーEX-TP,155,1900,131,8,6,1/135.7,1/237.5,1/316.7,6.4589930429845985
2023-08-08,アイムジャグラーEX-TP,156,4655,39,17,12,1/160.5,1/273.8,1/387.9,5.824137691373126
2023-08-08,アイムジャグラーEX-TP,157,2362,-77,9,5,1/168.7,1/262.4,1/472.4,5.984686398632107
2023-08-08,アイムジャグラーEX-TP,158,7682,-976,21,27,1/160.0,1/365.8,1/284.5,5.798526724339338
2023-08-08,アイムジャグラーEX-TP,159,912,13,2,4,1/152.0,1/456.0,1/228.0,5.083159259281141
2023-08-08,アイムジャグラーEX-TP,160,4918,1689,26,13,1/126.1,1/189.2,1/378.3,6.193440074002918
2023-08-08,アイムジャグラーEX-TP,161,2404,-377,9,4,1/184.9,1/267.1,1/601.0,6.287368684159657
2023-08-08,アイムジャグラーEX-TP,162,7354,-365,26,18,1/167.1,1/282.8,1/408.6,5.894242698657138
2023-08-08,アイムジャグラーEX-TP,163,1543,-837,2,6,1/192.9,1/771.5,1/257.2,6.202398700318103
2023-08-08,アイムジャグラーEX-TP,164,7076,1902,29,34,1/112.3,1/244.0,1/208.1,6.108133875412664
2023-08-08,アイムジャグラーEX-TP,165,3457,214,14,9,1/150.3,1/246.9,1/384.1,6.03888648103988
2023-08-08,アイムジャグラーEX-TP,166,2483,358,8,14,1/112.9,1/310.4,1/177.4,6.033438027941015
2023-08-08,アイムジャグラーEX-TP,167,5356,-605,18,18,1/148.8,1/297.6,1/297.6,6.395527505878965
2023-08-08,アイムジャグラーEX-TP,168,5157,-2034,12,12,1/214.9,1/429.8,1/429.8,6.025811928205133
2023-08-08,アイムジャグラーEX-TP,169,6147,2223,30,24,1/113.8,1/204.9,1/256.1,6.192606191409376
2023-08-08,アイムジャグラーEX-TP,170,2861,-1589,4,10,1/204.4,1/715.2,1/286.1,6.207717383912973
2023-08-08,アイムジャグラーEX-TP,171,3354,-1053,9,8,1/197.3,1/372.7,1/419.2,6.093009296417108
2023-08-08,アイムジャグラーEX-TP,172,3206,-911,11,5,1/200.4,1/291.5,1/641.2,6.485293676187304
2023-08-08,アイムジャグラーEX-TP,173,2701,-409,10,8,1/150.1,1/270.1,1/337.6,6.869512878034939
2023-08-08,アイムジャグラーEX-TP,174,5938,3074,34,18,1/114.2,1/174.6,1/329.9,6.0667949010152045
2023-08-08,アイムジャグラーEX-TP,175,1806,-1024,3,4,1/258.0,1/602.0,1/451.5,6.001505560414841
2023-08-08,アイムジャグラーEX-TP,176,2276,-1038,5,5,1/227.6,1/455.2,1/455.2,6.101965996606813
2023-08-08,アイムジャグラーEX-TP,177,3867,384,14,14,1/138.1,1/276.2,1/276.2,5.8259739545969955
2023-08-08,アイムジャグラーEX-TP,178,6902,804,29,20,1/140.9,1/238.0,1/345.1,6.092319579005358
2023-08-08,マイジャグラーV,117,5677,428,23,18,1/138.5,1/246.8,1/315.4,5.994270116052704
2023-08-08,マイジャグラーV,118,3385,-778,11,7,1/188.1,1/307.7,1/483.6,6.032061632701106
2023-08-08,マイジャグラーV,119,5350,2884,34,10,1/121.6,1/157.4,1/535.0,5.834770611378308
2023-08-08,マイジャグラーV,120,8051,945,34,24,1/138.8,1/236.8,1/335.5,5.91018531751825
2023-08-08,ファンキージャグラー2,113,4588,261,18,12,1/152.9,1/254.9,1/382.3,5.72321768329562
2023-08-08,ファンキージャグラー2,114,656,-425,1,1,1/328.0,1/656.0,1/656.0,5.835473451709232
2023-08-08,ファンキージャグラー2,115,6860,874,26,24,1/137.2,1/263.8,1/285.8,5.649355769620753
2023-08-08,ファンキージャグラー2,116,4950,1211,21,18,1/126.9,1/235.7,1/275.0,5.665791282836731
2023-08-08,ハッピージャグラーVIII,109,1018,-1022,1,1,1/509.0,1/1018.0,1/1018.0,6.975317619340541
2023-08-08,ハッピージャグラーVIII,110,7239,2092,40,16,1/129.3,1/181.0,1/452.4,6.486783140148086
2023-08-08,ハッピージャグラーVIII,111,4335,-596,13,16,1/149.5,1/333.5,1/270.9,6.2953813629664035
2023-08-08,ハッピージャグラーVIII,112,1263,-1043,1,2,1/421.0,1/1263.0,1/631.5,6.092182609435443
2023-08-07,アイムジャグラーEX-TP,121,5326,830,24,13,1/143.9,1/221.9,1/409.7,6.062967043266169
2023-08-07,アイムジャグラーEX-TP,122,2400,-98,11,3,1/171.4,1/218.2,1/800.0,6.5742887783738775
2023-08-07,アイムジャグラーEX-TP,123,3547,-1853,7,7,1/253.4,1/506.7,1/506.7,6.051028096457107
2023-08-07,アイムジャグラーEX-TP,124,7245,466,25,33,1/124.9,1/289.8,1/219.5,6.192851287031775
2023-08-07,アイムジャグラーEX-TP,125,5469,-1883,16,11,1/202.6,1/341.8,1/497.2,6.3624168766056775
2023-08-07,アイムジャグラーEX-TP,126,5142,83,16,22,1/135.3,1/321.4,1/233.7,5.903456240567473
2023-08-07,アイムジャグラーEX-TP,127,4234,-738,12,14,1/162.8,1/352.8,1/302.4,6.028755254550022
2023-08-07,アイムジャグラーEX-TP,128,4133,-608,12,16,1/147.6,1/344.4,1/258.3,6.235494516808166
2023-08-07,アイムジャグラーEX-TP,129,5613,458,23,15,1/147.7,1/244.0,1/374.2,6.0338941669367925
2023-08-07,アイムジャグラーEX-TP,130,3555,-749,11,7,1/197.5,1/323.2,1/507.9,5.914307917004042
2023-08-07,アイムジャグラーEX-TP,131,5017,1501,30,6,1/139.4,1/167.2,1/836.2,6.605029554248846
2023-08-07,アイムジャグラーEX-TP,132,6050,3547,33,27,1/100.8,1/183.3,1/224.1,6.0649075427400545
2023-08-07,アイムジャグラーEX-TP,145,3508,-2360,5,6,1/318.9,1/701.6,1/584.7,5.994536188739851
2023-08-07,アイムジャグラーEX-TP,146,3515,-750,11,7,1/195.3,1/319.5,1/502.1,5.974658947259995
2023-08-07,アイムジャグラーEX-TP,147,4042,-1072,10,14,1/168.4,1/404.2,1/288.7,6.099440988195151
2023-08-07,アイムジャグラーEX-TP,148,6172,1713,30,16,1/134.2,1/205.7,1/385.8,5.980409334019795
2023-08-07,アイムジャグラーEX-TP,149,3820,-51,15,10,1/152.8,1/254.7,1/382.0,6.254691530320804
2023-08-07,アイムジャグラーEX-TP,150,5164,880,23,16,1/132.4,1/224.5,1/322.8,6.227788403918293
2023-08-07,アイムジャグラーEX-TP,151,1955,-1023,4,4,1/244.4,1/488.8,1/488.8,6.172387359455844
2023-08-07,アイムジャグラーEX-TP,152,3704,-2007,8,6,1/264.6,1/463.0,1/617.3,6.203839057541712
2023-08-07,アイムジャグラーEX-TP,153,3329,-1604,5,12,1/195.8,1/665.8,1/277.4,6.034175912015661
2023-08-07,アイムジャグラーEX-TP,154,6628,3265,37,24,1/108.7,1/179.1,1/276.2,6.282125815644422
2023-08-07,アイムジャグラーEX-TP,155,7696,1169,31,25,1/137.4,1/248.3,1/307.8,5.887758453546581
2023-08-07,アイムジャグラーEX-TP,156,4659,-1200,11,15,1/179.2,1/423.5,1/310.6,5.835655758988094
2023-08-07,アイムジャグラーEX-TP,157,7887,2874,41,24,1/121.3,1/192.4,1/328.6,6.169183317223607
2023-08-07,アイムジャグラーEX-TP,158,3125,-1972,6,5,1/284.1,1/520.8,1/625.0,6.336734047272036
2023-08-07,アイムジャグラーEX-TP,159,6591,933,27,22,1/134.5,1/244.1,1/299.6,6.04824062406391
2023-08-07,アイムジャグラーEX-TP,160,3776,-757,11,10,1/179.8,1/343.3,1/377.6,5.953856445741012
2023-08-07,アイムジャグラーEX-TP,161,4818,-2312,10,11,1/229.4,1/481.8,1/438.0,6.109178010352307
2023-08-07,アイムジャグラーEX-TP,162,6268,-35,20,27,1/133.4,1/313.4,1/232.1,6.103391708717636
2023-08-07,アイムジャグラーEX-TP,163,3864,-947,14,4,1/214.7,1/276.0,1/966.0,6.277914093504461
2023-08-07,アイムジャグラーEX-TP,164,2977,-618,10,6,1/186.1,1/297.7,1/496.2,6.2267167436643325
2023-08-07,アイムジャグラーEX-TP,165,7585,-725,25,24,1/154.8,1/303.4,1/316.0,6.138558307988344
2023-08-07,アイムジャグラーEX-TP,166,4178,-231,15,10,1/167.1,1/278.5,1/417.8,5.956795099950045
2023-08-07,アイムジャグラーEX-TP,167,5523,1466,26,13,1/141.6,1/212.4,1/424.8,5.768777797364488
2023-08-07,アイムジャグラーEX-TP,168,6580,-888,25,17,1/156.7,1/263.2,1/387.1,6.707573349812081
2023-08-07,アイムジャグラーEX-TP,169,7262,1852,33,21,1/134.5,1/220.1,1/345.8,5.85576696040813
2023-08-07,アイムジャグラーEX-TP,170,6959,-362,26,17,1/161.8,1/267.7,1/409.4,6.13071788222046
2023-08-07,アイムジャグラーEX-TP,171,4183,-773,12,14,1/160.9,1/348.6,1/298.8,6.135159904736792
2023-08-07,アイムジャグラーEX-TP,172,7697,-342,22,34,1/137.4,1/349.9,1/226.4,5.9479473237359
2023-08-07,アイムジャグラーEX-TP,173,3926,-94,16,7,1/170.7,1/245.4,1/560.9,6.104052262006136
2023-08-07,アイムジャグラーEX-TP,174,5342,1961,30,8,1/140.6,1/178.1,1/667.8,5.962232039133136
2023-08-07,アイムジャグラーEX-TP,175,3121,-1590,6,6,1/260.1,1/520.2,1/520.2,5.913943612395171
2023-08-07,アイムジャグラーEX-TP,176,7220,83,26,28,1/133.7,1/277.7,1/257.9,6.3208784305101275
2023-08-07,アイムジャグラーEX-TP,177,5714,765,25,13,1/150.4,1/228.6,1/439.5,5.942550121104678
2023-08-07,アイムジャグラーEX-TP,178,5043,-1574,15,7,1/229.2,1/336.2,1/720.4,5.985030516534836
2023-08-07,マイジャグラーV,117,7053,928,28,23,1/138.3,1/251.9,1/306.7,5.707420018973368
2023-08-07,マイジャグラーV,118,3257,-112,13,7,1/162.8,1/250.5,1/465.3,5.985844667363044
2023-08-07,マイジャグラーV,119,7328,1961,37,22,1/124.2,1/198.1,1/333.1,6.1341593041338704
2023-08-07,マイジャグラーV,120,7034,75,26,20,1/152.9,1/270.5,1/351.7,5.77193234642932
2023-08-07,ファンキージャグラー2,113,5536,-1282,19,6,1/221.4,1/291.4,1/922.7,5.827649681829381
2023-08-07,ファンキージャグラー2,114,7074,-1081,27,10,1/191.2,1/262.0,1/707.4,6.023774622439553
2023-08-07,ファンキージャグラー2,115,2995,-892,8,8,1/187.2,1/374.4,1/374.4,5.981840022479335
2023-08-07,ファンキージャグラー2,116,5954,1504,32,7,1/152.7,1/186.1,1/850.6,5.782596748687875
2023-08-07,ハッピージャグラーVIII,109,3984,-794,13,8,1/189.7,1/306.5,1/498.0,6.122384060041163
2023-08-07,ハッピージャグラーVIII,110,6786,818,29,19,1/141.4,1/234.0,1/357.2,6.113709179746495
2023-08-07,ハッピージャグラーVIII,111,4267,-153,16,8,1/177.8,1/266.7,1/533.4,5.855593040812245
2023-08-07,ハッピージャグラーVIII,112,3593,-908,13,7,1/179.7,1/276.4,1/513.3,6.81505986922454
2023-08-06,アイムジャグラーEX-TP,121,2890,-785,9,6,1/192.7,1/321.1,1/481.7,6.267120053407139
2023-08-06,アイムジャグラーEX-TP,122,5389,1030,23,19,1/128.3,1/234.3,1/283.6,6.100798044158187
2023-08-06,アイムジャグラーEX-TP,123,5607,2450,31,17,1/116.8,1/180.9,1/329.8,6.214213963222404
2023-08-06,アイムジャグラーEX-TP,124,2017,-472,7,3,1/201.7,1/288.1,1/672.3,6.246705923357595
2023-08-06,アイムジャグラーEX-TP,125,4390,-460,16,11,1/162.6,1/274.4,1/399.1,6.30342430294573
2023-08-06,アイムジャグラーEX-TP,126,3597,1546,18,17,1/102.8,1/199.8,1/211.6,6.3966325081985635
2023-08-06,アイムジャグラーEX-TP,127,5104,257,18,18,1/141.8,1/283.6,1/283.6,5.896704888035621
2023-08-06,アイムジャグラーEX-TP,128,1074,-623,2,2,1/268.5,1/537.0,1/537.0,6.139705394754473
2023-08-06,アイムジャグラーEX-TP,129,5094,-1260,15,14,1/175.7,1/339.6,1/363.9,6.253172389393514
2023-08-06,アイムジャグラーEX-TP,130,3134,-1088,7,9,1/195.9,1/447.7,1/348.2,5.941577345838628
2023-08-06,アイムジャグラーEX-TP,131,3789,-800,12,10,1/172.2,1/315.8,1/378.9,6.298853309464741
2023-08-06,アイムジャグラーEX-TP,132,2877,-772,7,7,1/205.5,1/411.0,1/411.0,5.646052224157968
2023-08-06,アイムジャグラーEX-TP,145,2127,-651,4,7,1/193.4,1/531.8,1/303.9,5.569909791814998
2023-08-06,アイムジャグラーEX-TP,146,5647,1067,24,20,1/128.3,1/235.3,1/282.4,6.097100915431062
2023-08-06,アイムジャグラーEX-TP,147,1350,-406,4,3,1/192.9,1/337.5,1/450.0,6.291938977513309
2023-08-06,アイムジャグラーEX-TP,148,1906,-518,6,2,1/238.2,1/317.7,1/953.0,5.857906009437069
2023-08-06,アイムジャグラーEX-TP,149,2706,-1655,4,4,1/338.2,1/676.5,1/676.5,5.695891910578959
2023-08-06,アイムジャグラーEX-TP,150,2242,-314,8,4,1/186.8,1/280.2,1/560.5,6.05231641747788
2023-08-06,アイムジャグラーEX-TP,151,5060,1292,25,16,1/123.4,1/202.4,1/316.2,6.445809373595354
2023-08-06,アイムジャグラーEX-TP,152,1236,-564,3,1,1/309.0,1/412.0,1/1236.0,5.775689059330905
2023-08-06,アイムジャグラーEX-TP,153,5714,2213,29,15,1/129.9,1/197.0,1/380.9,5.7536857019077665
2023-08-06,アイムジャグラーEX-TP,154,894,-824,0,4,1/223.5,1/0.0,1/223.5,6.777103638743686
2023-08-06,アイムジャグラーEX-TP,155,3875,181,15,12,1/143.5,1/258.3,1/322.9,6.118634399752096
2023-08-06,アイムジャグラーEX-TP,156,4332,-290,16,9,1/173.3,1/270.8,1/481.3,5.990217940915682
2023-08-06,アイムジャグラーEX-TP,157,4499,-574,17,6,1/195.6,1/264.6,1/749.8,6.0407894134218925
2023-08-06,アイムジャグラーEX-TP,158,6447,812,25,27,1/124.0,1/257.9,1/238.8,6.24476406512269
2023-08-06,アイムジャグラーEX-TP,159,1142,-417,2,5,1/163.1,1/571.0,1/228.4,6.125001629132439
2023-08-06,アイムジャグラーEX-TP,160,4722,856,20,15,1/134.9,1/236.1,1/314.8,5.957441536485993
2023-08-06,アイムジャグラーEX-TP,161,5053,-906,13,20,1/153.1,1/388.7,1/252.7,6.034918182310351
2023-08-06,アイムジャグラーEX-TP,162,5071,-957,14,19,1/153.7,1/362.2,1/266.9,6.206037077687652
2023-08-06,アイムジャグラーEX-TP,163,1719,-183,7,2,1/191.0,1/245.6,1/859.5,6.211572669383787
2023-08-06,アイムジャグラーEX-TP,164,6362,711,24,22,1/138.3,1/265.1,1/289.2,5.869902694875833
2023-08-06,アイムジャグラーEX-TP,165,3695,-53,13,13,1/142.1,1/284.2,1/284.2,6.178100164810646
2023-08-06,アイムジャグラーEX-TP,166,3809,745,17,12,1/131.3,1/224.1,1/317.4,6.142160357922986
2023-08-06,アイムジャグラーEX-TP,167,4277,-501,18,5,1/186.0,1/237.6,1/855.4,6.438992697050151
2023-08-06,アイムジャグラーEX-TP,168,5846,-418,21,15,1/162.4,1/278.4,1/389.7,6.10742949679921
2023-08-06,アイムジャグラーEX-TP,169,5263,-66,18,18,1/146.2,1/292.4,1/292.4,6.0118098766668595
2023-08-06,アイムジャグラーEX-TP,170,2618,-398,10,4,1/187.0,1/261.8,1/654.5,6.293946737824327
2023-08-06,アイムジャグラーEX-TP,171,4309,-613,13,17,1/143.6,1/331.5,1/253.5,6.388399319167721
2023-08-06,アイムジャグラーEX-TP,172,7067,-347,22,26,1/147.2,1/321.2,1/271.8,5.9407537963324994
2023-08-06,アイムジャグラーEX-TP,173,4591,445,17,15,1/143.5,1/270.1,1/306.1,5.781645181933803
2023-08-06,アイムジャグラーEX-TP,174,1644,-637,4,3,1/234.9,1/411.0,1/548.0,5.900911845222671
2023-08-06,アイムジャグラーEX-TP,175,8060,1925,29,41,1/115.1,1/277.9,1/196.6,5.802861530692637
2023-08-06,アイムジャグラーEX-TP,176,4059,2822,27,12,1/104.1,1/150.3,1/338.2,6.295828462235289
2023-08-06,アイムジャグラーEX-TP,177,4459,1872,24,16,1/111.5,1/185.8,1/278.7,6.379365272755564
2023-08-06,アイムジャグラーEX-TP,178,8063,4404,44,30,1/109.0,1/183.2,1/268.8,5.930124031305818
2023-08-06,マイジャグラーV,117,3310,-1687,6,9,1/220.7,1/551.7,1/367.8,6.023240929887406
2023-08-06,マイジャグラーV,118,6041,130,26,13,1/154.9,1/232.3,1/464.7,6.072743955798052
2023-08-06,マイジャグラーV,119,3584,574,18,6,1/149.3,1/199.1,1/597.3,6.016679093974081
2023-08-06,マイジャグラーV,120,4350,-1927,13,4,1/255.9,1/334.6,1/1087.5,6.2258975691358645
2023-08-06,ファンキージャグラー2,113,4469,-164,18,12,1/149.0,1/248.3,1/372.4,6.28633087182593
2023-08-06,ファンキージャグラー2,114,1573,-430,4,4,1/196.6,1/393.2,1/393.2,5.695032202230123
2023-08-06,ファンキージャグラー2,115,4347,26,16,12,1/155.2,1/271.7,1/362.2,5.750704670507823
2023-08-06,ファンキージャグラー2,116,2346,-944,6,5,1/213.3,1/391.0,1/469.2,6.100279784677806
2023-08-06,ハッピージャグラーVIII,109,5087,-288,19,8,1/188.4,1/267.7,1/635.9,5.805929281025054
2023-08-06,ハッピージャグラーVIII,110,1480,-1267,1,3,1/370.0,1/1480.0,1/493.3,6.307790334163718
2023-08-06,ハッピージャグラーVIII,111,3188,-2242,2,12,1/227.7,1/1594.0,1/265.7,6.316942274977013
2023-08-06,ハッピージャグラーVIII,112,3783,225,15,9,1/157.6,1/252.2,1/420.3,5.87516451829271
2023-08-05,アイムジャグラーEX-TP,121,2933,-848,8,7,1/195.5,1/366.6,1/419.0,6.030616905379785
2023-08-05,アイムジャグラーEX-TP,122,6466,183,24,24,1/134.7,1/269.4,1/269.4,6.296684422680513
2023-08-05,アイムジャグラーEX-TP,123,1336,-710,3,1,1/334.0,1/445.3,1/1336.0,5.876287263182544
2023-08-05,アイムジャグラーEX-TP,124,2686,-1667,3,7,1/268.6,1/895.3,1/383.7,5.801973336238784
2023-08-05,アイムジャグラーEX-TP,125,1130,-784,2,0,1/565.0,1/565.0,1/0.0,5.756122757213364
2023-08-05,アイムジャグラーEX-TP,126,5363,874,25,14,1/137.5,1/214.5,1/383.1,6.292172913510827
2023-08-05,アイムジャグラーEX-TP,127,5367,1623,25,19,1/122.0,1/214.7,1/282.5,6.046052194902823
2023-08-05,アイムジャグラーEX-TP,128,2685,-587,8,7,1/179.0,1/335.6,1/383.6,6.093981450011252
2023-08-05,アイムジャグラーEX-TP,129,4420,793,21,10,1/142.6,1/210.5,1/442.0,6.160896552622942
2023-08-05,アイムジャグラーEX-TP,130,3646,-328,12,12,1/151.9,1/303.8,1/303.8,6.163658071220645
2023-08-05,アイムジャグラーEX-TP,131,2594,-1213,7,5,1/216.2,1/370.6,1/518.8,6.671677540592298
2023-08-05,アイムジャグラーEX-TP,132,5277,-331,19,14,1/159.9,1/277.7,1/376.9,6.1149865689888045
2023-08-05,アイムジャグラーEX-TP,145,2464,-462,9,3,1/205.3,1/273.8,1/821.3,6.120255671693588
2023-08-05,アイムジャグラーEX-TP,146,1110,267,6,1,1/158.6,1/185.0,1/1110.0,6.038001878308152
2023-08-05,アイムジャグラーEX-TP,147,5022,2327,24,22,1/109.2,1/209.2,1/228.3,5.823686465894128
2023-08-05,アイムジャグラーEX-TP,148,2053,127,9,4,1/157.9,1/228.1,1/513.2,6.138915861478428
2023-08-05,アイムジャグラーEX-TP,149,1463,-1247,1,3,1/365.8,1/1463.0,1/487.7,6.111965867239913
2023-08-05,アイムジャグラーEX-TP,150,5204,-505,15,20,1/148.7,1/346.9,1/260.2,5.965643145796433
2023-08-05,アイムジャグラーEX-TP,151,720,-702,0,2,1/360.0,1/0.0,1/360.0,6.207629694196642
2023-08-05,アイムジャグラーEX-TP,152,3932,581,15,13,1/140.4,1/262.1,1/302.5,5.703350796919981
2023-08-05,アイムジャグラーEX-TP,153,1235,-534,2,2,1/308.8,1/617.5,1/617.5,5.212413224926394
2023-08-05,アイムジャグラーEX-TP,154,5325,597,21,14,1/152.1,1/253.6,1/380.4,5.717695623707982
2023-08-05,アイムジャグラーEX-TP,155,1165,15,4,4,1/145.6,1/291.2,1/291.2,5.919366541403048
2023-08-05,アイムジャグラーEX-TP,156,5085,-830,16,13,1/175.3,1/317.8,1/391.2,6.010409888087586
2023-08-05,アイムジャグラーEX-TP,157,2471,-1711,2,7,1/274.6,1/1235.5,1/353.0,5.870703074782517
2023-08-05,アイムジャグラーEX-TP,158,7348,3123,34,33,1/109.7,1/216.1,1/222.7,5.869393204829035
2023-08-05,アイムジャグラーEX-TP,159,4717,1187,22,14,1/131.0,1/214.4,1/336.9,6.03574605020113
2023-08-05,アイムジャグラーEX-TP,160,3946,-1191,10,12,1/179.4,1/394.6,1/328.8,6.153305505505586
2023-08-05,アイムジャグラーEX-TP,161,5307,367,20,19,1/136.1,1/265.4,1/279.3,6.108738093442696
2023-08-05,アイムジャグラーEX-TP,162,4237,-636,13,16,1/146.1,1/325.9,1/264.8,6.412116778978088
2023-08-05,アイムジャグラーEX-TP,163,3634,762,17,7,1/151.4,1/213.8,1/519.1,5.800577363356977
2023-08-05,アイムジャグラーEX-TP,164,4643,-103,17,13,1/154.8,1/273.1,1/357.2,6.062851886656872
2023-08-05,アイムジャグラーEX-TP,165,1827,-963,4,3,1/261.0,1/456.8,1/609.0,6.178844994288373
2023-08-05,アイムジャグラーEX-TP,166,4088,617,19,7,1/157.2,1/215.2,1/584.0,5.932943630272421
2023-08-05,アイムジャグラーEX-TP,167,5967,-945,19,19,1/157.0,1/314.1,1/314.1,6.315968769582599
2023-08-05,アイムジャグラーEX-TP,168,3480,-1760,8,5,1/267.7,1/435.0,1/696.0,6.1155850853181235
2023-08-05,アイムジャグラーEX-TP,169,4999,-733,16,12,1/178.5,1/312.4,1/416.6,5.930828248291734
2023-08-05,アイムジャグラーEX-TP,170,1879,-819,5,3,1/234.9,1/375.8,1/626.3,6.290294373725035
2023-08-05,アイムジャグラーEX-TP,171,4865,-142,18,12,1/162.2,1/270.3,1/405.4,5.99435360229848
2023-08-05,アイムジャグラーEX-TP,172,1941,-584,5,5,1/194.1,1/388.2,1/388.2,5.993124302461776
2023-08-05,アイムジャグラーEX-TP,173,6749,-307,22,25,1/143.6,1/306.8,1/270.0,6.10225158435889
2023-08-05,アイムジャグラーEX-TP,174,1485,-931,4,1,1/297.0,1/371.2,1/1485.0,6.893729561078329
2023-08-05,アイムジャグラーEX-TP,175,4135,-1252,10,11,1/196.9,1/413.5,1/375.9,5.862802066343525
2023-08-05,アイムジャグラーEX-TP,176,6056,992,24,24,1/126.2,1/252.3,1/252.3,6.0654728128201505
2023-08-05,アイムジャグラーEX-TP,177,4608,436,17,12,1/158.9,1/271.1,1/384.0,5.524974027646237
2023-08-05,アイムジャグラーEX-TP,178,6432,748,27,18,1/142.9,1/238.2,1/357.3,6.045180790238778
2023-08-05,マイジャグラーV,117,3458,-617,12,4,1/216.1,1/288.2,1/864.5,5.667026074059893
2023-08-05,マイジャグラーV,118,5610,1558,27,17,1/127.5,1/207.8,1/330.0,5.847348784309738
2023-08-05,マイジャグラーV,119,4821,-789,15,14,1/166.2,1/321.4,1/344.4,5.944114293703357
2023-08-05,マイジャグラーV,120,3733,-1152,12,4,1/233.3,1/311.1,1/933.2,5.9224961066638215
2023-08-05,ファンキージャグラー2,113,2585,-1089,5,7,1/215.4,1/517.0,1/369.3,5.768979433225667
2023-08-05,ファンキージャグラー2,114,2167,-526,5,6,1/197.0,1/433.4,1/361.2,5.441403234188534
2023-08-05,ファンキージャグラー2,115,4058,-468,16,9,1/162.3,1/253.6,1/450.9,6.355253751477082
2023-08-05,ファンキージャグラー2,116,4229,-657,15,12,1/156.6,1/281.9,1/352.4,6.3772328113906065
2023-08-05,ハッピージャグラーVIII,109,3096,-873,10,6,1/193.5,1/309.6,1/516.0,6.458731397508006
2023-08-05,ハッピージャグラーVIII,110,2308,105,10,6,1/144.2,1/230.8,1/384.7,6.459710564103741
2023-08-05,ハッピージャグラーVIII,111,4226,-2157,10,5,1/281.7,1/422.6,1/845.2,6.20415904007889
2023-08-05,ハッピージャグラーVIII,112,5221,-110,21,12,1/158.2,1/248.6,1/435.1,6.273782880037951
2023-08-04,アイムジャグラーEX-TP,121,3114,-284,12,6,1/173.0,1/259.5,1/519.0,6.223816848219974
2023-08-04,アイムジャグラーEX-TP,122,2750,462,12,6,1/152.8,1/229.2,1/458.3,5.746555984515643
2023-08-04,アイムジャグラーEX-TP,123,1191,-30,4,5,1/132.3,1/297.8,1/238.2,6.352088421070821
2023-08-04,アイムジャグラーEX-TP,124,3694,693,16,12,1/131.9,1/230.9,1/307.8,6.068653391112259
2023-08-04,アイムジャグラーEX-TP,125,3829,-518,12,12,1/159.5,1/319.1,1/319.1,6.120356417333565
2023-08-04,アイムジャグラーEX-TP,126,1895,-1364,2,5,1/270.7,1/947.5,1/379.0,6.191757251748518
2023-08-04,アイムジャグラーEX-TP,127,1239,-792,1,4,1/247.8,1/1239.0,1/309.8,5.802128861488855
2023-08-04,アイムジャグラーEX-TP,128,5189,-730,15,17,1/162.2,1/345.9,1/305.2,5.929055452219537
2023-08-04,アイムジャグラーEX-TP,129,953,982,7,4,1/86.6,1/136.1,1/238.2,6.090726775812746
2023-08-04,アイムジャグラーEX-TP,130,4872,150,19,14,1/147.6,1/256.4,1/348.0,6.127603340011692
2023-08-04,アイムジャグラーEX-TP,131,1117,836,7,5,1/93.1,1/159.6,1/223.4,6.270290029823452
2023-08-04,アイムジャグラーEX-TP,132,5695,1530,29,14,1/132.4,1/196.4,1/406.8,6.233383231411041
2023-08-04,アイムジャグラーEX-TP,145,924,-722,1,2,1/308.0,1/924.0,1/462.0,6.304920273805492
2023-08-04,アイムジャグラーEX-TP,146,2595,477,12,6,1/144.2,1/216.2,1/432.5,6.014792913809061
2023-08-04,アイムジャグラーEX-TP,147,1821,356,8,6,1/130.1,1/227.6,1/303.5,6.124686509215921
2023-08-04,アイムジャグラーEX-TP,148,1575,-277,6,2,1/196.9,1/262.5,1/787.5,6.277701603902936
2023-08-04,アイムジャグラーEX-TP,149,3581,1047,17,15,1/111.9,1/210.6,1/238.7,6.509556996743076
2023-08-04,アイムジャグラーEX-TP,150,722,-54,2,3,1/144.4,1/361.0,1/240.7,5.874712560159864
2023-08-04,アイムジャグラーEX-TP,151,2184,-88,8,7,1/145.6,1/273.0,1/312.0,6.3370913000470255
2023-08-04,アイムジャグラーEX-TP,152,1297,-253,4,2,1/216.2,1/324.2,1/648.5,5.667681255898738
2023-08-04,アイムジャグラーEX-TP,153,1844,-304,5,7,1/153.7,1/368.8,1/263.4,6.057763733811086
2023-08-04,アイムジャグラーEX-TP,154,294,-440,0,0,1/0.0,1/0.0,1/0.0,7.754031568930702
2023-08-04,アイムジャグラーEX-TP,155,3676,986,17,10,1/136.1,1/216.2,1/367.6,5.816048112704254
2023-08-04,アイムジャグラーEX-TP,156,1234,-160,5,1,1/205.7,1/246.8,1/1234.0,6.137597780039836
2023-08-04,アイムジャグラーEX-TP,157,4128,-601,14,12,1/158.8,1/294.9,1/344.0,6.380949945992246
2023-08-04,アイムジャグラーEX-TP,158,952,-383,3,0,1/317.3,1/317.3,1/0.0,5.995855931422524
2023-08-04,アイムジャグラーEX-TP,159,706,-465,1,2,1/235.3,1/706.0,1/353.0,6.431015201334954
2023-08-04,アイムジャグラーEX-TP,160,2943,913,13,10,1/128.0,1/226.4,1/294.3,5.69370127476806
2023-08-04,アイムジャグラーEX-TP,161,3888,135,16,10,1/149.5,1/243.0,1/388.8,6.2300102477900055
2023-08-04,アイムジャグラーEX-TP,162,740,-314,2,1,1/246.7,1/370.0,1/740.0,6.171766088397205
2023-08-04,アイムジャグラーEX-TP,163,3606,-1305,9,11,1/180.3,1/400.7,1/327.8,6.406222285893604
2023-08-04,アイムジャグラーEX-TP,164,803,383,5,1,1/133.8,1/160.6,1/803.0,6.050440024466984
2023-08-04,アイムジャグラーEX-TP,165,3860,132,15,12,1/143.0,1/257.3,1/321.7,6.201344647520631
2023-08-04,アイムジャグラーEX-TP,166,6206,91,22,23,1/137.9,1/282.1,1/269.8,6.157124804870188
2023-08-04,アイムジャグラーEX-TP,167,1426,-840,2,4,1/237.7,1/713.0,1/356.5,6.062009167492293
2023-08-04,アイムジャグラーEX-TP,168,2894,-1314,7,6,1/222.6,1/413.4,1/482.3,6.303795318249197
2023-08-04,アイムジャグラーEX-TP,169,2759,1371,15,7,1/125.4,1/183.9,1/394.1,5.643374794581361
2023-08-04,アイムジャグラーEX-TP,170,6336,314,20,28,1/132.0,1/316.8,1/226.3,5.865692092787842
2023-08-04,アイムジャグラーEX-TP,171,3803,938,16,14,1/126.8,1/237.7,1/271.6,5.851105714356311
2023-08-04,アイムジャグラーEX-TP,172,378,-493,0,0,1/0.0,1/0.0,1/0.0,6.535482135311452
2023-08-04,アイムジャグラーEX-TP,173,2014,-992,3,6,1/223.8,1/671.3,1/335.7,5.806572907908936
2023-08-04,アイムジャグラーEX-TP,174,3897,250,16,9,1/155.9,1/243.6,1/433.0,5.965998584541192
2023-08-04,アイムジャグラーEX-TP,175,1812,464,8,6,1/129.4,1/226.5,1/302.0,5.883556621666982
2023-08-04,アイムジャグラーEX-TP,176,3102,-130,10,10,1/155.1,1/310.2,1/310.2,5.842016065807845
2023-08-04,アイムジャグラーEX-TP,177,1072,-620,3,1,1/268.0,1/357.3,1/1072.0,6.908557253508221
2023-08-04,アイムジャグラーEX-TP,178,5394,-886,17,15,1/168.6,1/317.3,1/359.6,6.119325069075539
2023-08-04,マイジャグラーV,117,6253,2774,31,26,1/109.7,1/201.7,1/240.5,5.747140903384444
2023-08-04,マイジャグラーV,118,1690,85,7,3,1/169.0,1/241.4,1/563.3,5.630762655565957
2023-08-04,マイジャグラーV,119,7034,-325,24,19,1/163.6,1/293.1,1/370.2,5.670866797169834
2023-08-04,マイジャグラーV,120,3148,-1432,8,4,1/262.3,1/393.5,1/787.0,5.940871849930784
2023-08-04,ファンキージャグラー2,113,797,-241,3,2,1/159.4,1/265.7,1/398.5,7.36153337876948
2023-08-04,ファンキージャグラー2,114,6662,1700,31,24,1/121.1,1/214.9,1/277.6,6.026607671888755
2023-08-04,ファンキージャグラー2,115,2207,-284,9,3,1/183.9,1/245.2,1/735.7,6.178090599795111
2023-08-04,ファンキージャグラー2,116,562,-220,2,1,1/187.3,1/281.0,1/562.0,7.1663175424631405
2023-08-04,ハッピージャグラーVIII,109,1794,-216,6,5,1/163.1,1/299.0,1/358.8,6.194328408686871
2023-08-04,ハッピージャグラーVIII,110,6324,3502,41,14,1/115.0,1/154.2,1/451.7,6.3082945544624796
2023-08-04,ハッピージャグラーVIII,111,1427,-22,6,2,1/178.4,1/237.8,1/713.5,6.047288887984832
2023-08-04,ハッピージャグラーVIII,112,5501,-294,17,24,1/134.2,1/323.6,1/229.2,6.306289252469857
2023-08-03,アイムジャグラーEX-TP,121,3341,108,14,4,1/185.6,1/238.6,1/835.2,5.739789059573788
2023-08-03,アイムジャグラーEX-TP,122,4322,-431,17,6,1/187.9,1/254.2,1/720.3,6.115696208832941
2023-08-03,アイムジャグラーEX-TP,123,1493,-940,2,2,1/373.2,1/746.5,1/746.5,5.576665290118075
2023-08-03,アイムジャグラーEX-TP,124,4352,20,15,12,1/161.2,1/290.1,1/362.7,5.696802380373269
2023-08-03,アイムジャグラーEX-TP,125,3660,-1145,11,5,1/228.8,1/332.7,1/732.0,6.0139859680233405
2023-08-03,アイムジャグラーEX-TP,126,4328,-1483,10,16,1/166.5,1/432.8,1/270.5,6.384576750799791
2023-08-03,アイムジャグラーEX-TP,127,2564,-527,8,7,1/170.9,1/320.5,1/366.3,6.255828088282617
2023-08-03,アイムジャグラーEX-TP,128,3074,-1093,7,10,1/180.8,1/439.1,1/307.4,6.197884166545172
2023-08-03,アイムジャグラーEX-TP,129,3219,-608,10,7,1/189.4,1/321.9,1/459.9,5.918078896356789
2023-08-03,アイムジャグラーEX-TP,130,3860,-303,13,14,1/143.0,1/296.9,1/275.7,6.358403259983002
2023-08-03,アイムジャグラーEX-TP,131,2022,-564,7,1,1/252.8,1/288.9,1/2022.0,6.003868130113976
2023-08-03,アイムジャグラーEX-TP,132,4242,-705,12,14,1/163.2,1/353.5,1/303.0,5.983461441753541
2023-08-03,アイムジャグラーEX-TP,145,3326,1398,19,11,1/110.9,1/175.1,1/302.4,6.675879085418214
2023-08-03,アイムジャグラーEX-TP,146,852,-98,3,1,1/213.0,1/284.0,1/852.0,5.646457033775622
2023-08-03,アイムジャグラーEX-TP,147,660,-700,0,2,1/330.0,1/0.0,1/330.0,6.784964928927493
2023-08-03,アイムジャグラーEX-TP,148,3472,-996,9,14,1/151.0,1/385.8,1/248.0,6.632952596377785
2023-08-03,アイムジャグラーEX-TP,149,1435,547,8,3,1/130.5,1/179.4,1/478.3,6.108367548350283
2023-08-03,アイムジャグラーEX-TP,150,667,-435,1,1,1/333.5,1/667.0,1/667.0,5.896852990128828
2023-08-03,アイムジャグラーEX-TP,151,3372,654,15,10,1/134.9,1/224.8,1/337.2,6.050811419732999
2023-08-03,アイムジャグラーEX-TP,152,237,-314,0,0,1/0.0,1/0.0,1/0.0,6.647690362363637
2023-08-03,アイムジャグラーEX-TP,153,733,-923,0,0,1/0.0,1/0.0,1/0.0,6.303623801107512
2023-08-03,アイムジャグラーEX-TP,154,3736,456,15,11,1/143.7,1/249.1,1/339.6,5.877328635833324
2023-08-03,アイムジャグラーEX-TP,155,1044,-132,3,3,1/174.0,1/348.0,1/348.0,5.6891172092199005
2023-08-03,アイムジャグラーEX-TP,156,3371,656,15,8,1/146.6,1/224.7,1/421.4,5.801794887050791
2023-08-03,アイムジャグラーEX-TP,157,4846,-405,16,16,1/151.4,1/302.9,1/302.9,6.150488934678965
2023-08-03,アイムジャグラーEX-TP,158,2876,267,12,6,1/159.8,1/239.7,1/479.3,5.821938481219816
2023-08-03,アイムジャグラーEX-TP,159,955,-758,1,0,1/955.0,1/955.0,1/0.0,5.4365786102226465
2023-08-03,アイムジャグラーEX-TP,160,2761,-1356,6,3,1/306.8,1/460.2,1/920.3,5.764932045733011
2023-08-03,アイムジャグラーEX-TP,161,516,-593,0,1,1/516.0,1/0.0,1/516.0,6.697350743503278
2023-08-03,アイムジャグラーEX-TP,162,2920,197,13,6,1/153.7,1/224.6,1/486.7,6.242743745738178
2023-08-03,アイムジャグラーEX-TP,163,6505,2679,33,24,1/114.1,1/197.1,1/271.0,6.0876379351836425
2023-08-03,アイムジャグラーEX-TP,164,2079,-295,7,5,1/173.2,1/297.0,1/415.8,6.100402949367301
2023-08-03,アイムジャグラーEX-TP,165,4413,768,19,12,1/142.4,1/232.3,1/367.8,5.8754549733050245
2023-08-03,アイムジャグラーEX-TP,166,1675,564,8,5,1/128.8,1/209.4,1/335.0,5.794128558740789
2023-08-03,アイムジャグラーEX-TP,167,4323,-387,15,12,1/160.1,1/288.2,1/360.2,6.141522063513907
2023-08-03,アイムジャグラーEX-TP,168,3905,-879,12,8,1/195.2,1/325.4,1/488.1,5.988012933494567
2023-08-03,アイムジャグラーEX-TP,169,4753,1086,24,7,1/153.3,1/198.0,1/679.0,5.935356413657104
2023-08-03,アイムジャグラーEX-TP,170,5884,1177,28,13,1/143.5,1/210.1,1/452.6,6.05008630369967
2023-08-03,アイムジャグラーEX-TP,171,1743,-687,6,2,1/217.9,1/290.5,1/871.5,6.896613940608878
2023-08-03,アイムジャグラーEX-TP,172,4726,-1210,13,14,1/175.0,1/363.5,1/337.6,6.158567153968832
2023-08-03,アイムジャグラーEX-TP,173,3287,-1316,7,9,1/205.4,1/469.6,1/365.2,6.0055892358208345
2023-08-03,アイムジャグラーEX-TP,174,2438,-1696,1,8,1/270.9,1/2438.0,1/304.8,5.645488297340413
2023-08-03,アイムジャグラーEX-TP,175,2227,-1365,4,5,1/247.4,1/556.8,1/445.4,6.398692931208478
2023-08-03,アイムジャグラーEX-TP,176,3628,1297,18,12,1/120.9,1/201.6,1/302.3,6.0413239211682495
2023-08-03,アイムジャグラーEX-TP,177,2061,107,8,5,1/158.5,1/257.6,1/412.2,5.8228203080195655
2023-08-03,アイムジャグラーEX-TP,178,5149,-757,16,20,1/143.0,1/321.8,1/257.4,6.500934624561114
2023-08-03,マイジャグラーV,117,5674,1251,25,19,1/129.0,1/227.0,1/298.6,5.805919772180783
2023-08-03,マイジャグラーV,118,2063,-937,5,4,1/229.2,1/412.6,1/515.8,6.098513181082287
2023-08-03,マイジャグラーV,119,3414,70,13,11,1/142.2,1/262.6,1/310.4,6.001015874958903
2023-08-03,マイジャグラーV,120,3941,-865,12,11,1/171.3,1/328.4,1/358.3,6.0758493749995095
2023-08-03,ファンキージャグラー2,113,1498,-309,5,2,1/214.0,1/299.6,1/749.0,5.727825253151809
2023-08-03,ファンキージャグラー2,114,2590,-201,9,7,1/161.9,1/287.8,1/370.0,5.872461584549984
2023-08-03,ファンキージャグラー2,115,1726,-105,6,5,1/156.9,1/287.7,1/345.2,5.881285101684302
2023-08-03,ファンキージャグラー2,116,4552,212,18,14,1/142.2,1/252.9,1/325.1,5.986871758234545
2023-08-03,ハッピージャグラーVIII,109,1886,-832,6,1,1/269.4,1/314.3,1/1886.0,6.526104547952638
2023-08-03,ハッピージャグラーVIII,110,2333,-269,7,7,1/166.6,1/333.3,1/333.3,5.888180288862186
2023-08-03,ハッピージャグラーVIII,111,1662,497,9,5,1/118.7,1/184.7,1/332.4,6.703442159064977
2023-08-03,ハッピージャグラーVIII,112,4204,1373,19,16,1/120.1,1/221.3,1/262.8,5.885192685814216
2023-08-02,アイムジャグラーEX-TP,121,6807,2752,35,21,1/121.6,1/194.5,1/324.1,5.939612905819885
2023-08-02,アイムジャグラーEX-TP,122,3386,372,13,12,1/135.4,1/260.5,1/282.2,5.9880960682313304
2023-08-02,アイムジャグラーEX-TP,123,4712,149,18,13,1/152.0,1/261.8,1/362.5,5.981883753337023
2023-08-02,アイムジャグラーEX-TP,124,1758,-1321,3,2,1/351.6,1/586.0,1/879.0,6.452747918117051
2023-08-02,アイムジャグラーEX-TP,125,5740,-3478,10,10,1/287.0,1/574.0,1/574.0,6.066405367352551
2023-08-02,アイムジャグラーEX-TP,126,1625,-729,4,3,1/232.1,1/406.2,1/541.7,6.223758479870929
2023-08-02,アイムジャグラーEX-TP,127,5888,1469,28,15,1/136.9,1/210.3,1/392.5,5.96857716449341
2023-08-02,アイムジャグラーEX-TP,128,800,684,5,4,1/88.9,1/160.0,1/200.0,5.984630720231605
2023-08-02,アイムジャグラーEX-TP,129,7867,2813,41,24,1/121.0,1/191.9,1/327.8,6.221404679930871
2023-08-02,アイムジャグラーEX-TP,130,3529,1822,19,13,1/110.3,1/185.7,1/271.5,5.96563133689849
2023-08-02,アイムジャグラーEX-TP,131,4339,-197,16,10,1/166.9,1/271.2,1/433.9,5.9839191860060525
2023-08-02,アイムジャグラーEX-TP,132,3766,-1314,10,5,1/251.1,1/376.6,1/753.2,5.77286056231678
2023-08-02,アイムジャグラーEX-TP,145,3747,643,18,9,1/138.8,1/208.2,1/416.3,6.328236026754099
2023-08-02,アイムジャグラーEX-TP,146,2013,93,8,4,1/167.8,1/251.6,1/503.2,5.768924565851886
2023-08-02,アイムジャグラーEX-TP,147,2033,1124,12,6,1/112.9,1/169.4,1/338.8,6.07415391637124
2023-08-02,アイムジャグラーEX-TP,148,3339,30,13,9,1/151.8,1/256.8,1/371.0,6.142722430297209
2023-08-02,アイムジャグラーEX-TP,149,1794,-1205,2,6,1/224.2,1/897.0,1/299.0,6.3594298717947435
2023-08-02,アイムジャグラーEX-TP,150,1104,66,5,3,1/138.0,1/220.8,1/368.0,6.714995168123042
2023-08-02,アイムジャグラーEX-TP,151,3669,856,17,12,1/126.5,1/215.8,1/305.8,6.2210743990478585
2023-08-02,アイムジャグラーEX-TP,152,1271,-869,2,2,1/317.8,1/635.5,1/635.5,6.1568468108696095
2023-08-02,アイムジャグラーEX-TP,153,488,-5,2,1,1/162.7,1/244.0,1/488.0,6.186316906506877
2023-08-02,アイムジャグラーEX-TP,154,3981,-1090,10,16,1/153.1,1/398.1,1/248.8,6.448605842517885
2023-08-02,アイムジャグラーEX-TP,155,323,-377,0,1,1/323.0,1/0.0,1/323.0,7.502961114452212
2023-08-02,アイムジャグラーEX-TP,156,5591,551,22,20,1/133.1,1/254.1,1/279.6,6.165690849503834
2023-08-02,アイムジャグラーEX-TP,157,3269,-1193,10,4,1/233.5,1/326.9,1/817.2,6.258588328209485
2023-08-02,アイムジャグラーEX-TP,158,1724,-439,6,3,1/191.6,1/287.3,1/574.7,6.485550032764442
2023-08-02,アイムジャグラーEX-TP,159,4156,3526,28,16,1/94.5,1/148.4,1/259.8,6.07302913984339
2023-08-02,アイムジャグラーEX-TP,160,3330,1345,17,10,1/123.3,1/195.9,1/333.0,5.867123397850254
2023-08-02,アイムジャグラーEX-TP,161,2791,-1382,5,9,1/199.4,1/558.2,1/310.1,6.270076432029518
2023-08-02,アイムジャグラーEX-TP,162,1630,-1412,1,4,1/326.0,1/1630.0,1/407.5,6.278553213338497
2023-08-02,アイムジャグラーEX-TP,163,1087,-610,2,2,1/271.8,1/543.5,1/543.5,6.016811202981415
2023-08-02,アイムジャグラーEX-TP,164,4136,653,17,15,1/129.2,1/243.3,1/275.7,6.115932649267647
2023-08-02,アイムジャグラーEX-TP,165,2382,-587,8,5,1/183.2,1/297.8,1/476.4,6.461395211617882
2023-08-02,アイムジャグラーEX-TP,166,5846,2409,29,17,1/127.1,1/201.6,1/343.9,5.645541826869137
2023-08-02,アイムジャグラーEX-TP,167,6629,200,22,26,1/138.1,1/301.3,1/255.0,5.92123924668474
2023-08-02,アイムジャグラーEX-TP,168,3801,-1590,10,5,1/253.4,1/380.1,1/760.2,6.0436527264672835
2023-08-02,アイムジャグラーEX-TP,169,2630,-615,8,3,1/239.1,1/328.8,1/876.7,5.627577010342224
2023-08-02,アイムジャグラーEX-TP,170,4468,490,17,17,1/131.4,1/262.8,1/262.8,6.0623804840629
2023-08-02,アイムジャグラーEX-TP,171,1271,604,7,4,1/115.5,1/181.6,1/317.8,6.060516763241549
2023-08-02,アイムジャグラーEX-TP,172,5718,-858,21,13,1/168.2,1/272.3,1/439.8,6.456973351671228
2023-08-02,アイムジャグラーEX-TP,173,2232,-728,6,6,1/186.0,1/372.0,1/372.0,6.2957251011123905
2023-08-02,アイムジャグラーEX-TP,174,5183,4,18,20,1/136.4,1/287.9,1/259.1,6.206458543982309
2023-08-02,アイムジャグラーEX-TP,175,1300,-568,2,4,1/216.7,1/650.0,1/325.0,5.666599103369665
2023-08-02,アイムジャグラーEX-TP,176,6002,540,22,23,1/133.4,1/272.8,1/261.0,6.004456843606698
2023-08-02,アイムジャグラーEX-TP,177,2785,-304,10,8,1/154.7,1/278.5,1/348.1,6.433967281254931
2023-08-02,アイムジャグラーEX-TP,178,4910,-17,16,21,1/132.7,1/306.9,1/233.8,6.159828222338184
2023-08-02,マイジャグラーV,117,4955,-893,13,20,1/150.2,1/381.2,1/247.8,5.97840942079687
2023-08-02,マイジャグラーV,118,2817,-847,6,8,1/201.2,1/469.5,1/352.1,5.5181154237200225
2023-08-02,マイジャグラーV,119,1673,-774,4,1,1/334.6,1/418.2,1/1673.0,5.559694102008232
2023-08-02,マイジャグラーV,120,8141,-651,27,24,1/159.6,1/301.5,1/339.2,5.812771046232555
2023-08-02,ファンキージャグラー2,113,2072,-253,6,7,1/159.4,1/345.3,1/296.0,5.747141580638679
2023-08-02,ファンキージャグラー2,114,5872,678,25,18,1/136.6,1/234.9,1/326.2,5.998894311424854
2023-08-02,ファンキージャグラー2,115,1081,-37,4,2,1/180.2,1/270.2,1/540.5,5.582867723155092
2023-08-02,ファンキージャグラー2,116,822,-285,2,2,1/205.5,1/411.0,1/411.0,5.847457129762863
2023-08-02,ハッピージャグラーVIII,109,2652,-205,11,5,1/165.8,1/241.1,1/530.4,6.5128589056162225
2023-08-02,ハッピージャグラーVIII,110,1780,-347,6,4,1/178.0,1/296.7,1/445.0,6.3375248227139735
2023-08-02,ハッピージャグラーVIII,111,3212,-668,10,9,1/169.1,1/321.2,1/356.9,6.3597292125508815
2023-08-02,ハッピージャグラーVIII,112,3751,552,17,10,1/138.9,1/220.6,1/375.1,6.220943887264422
2023-08-01,アイムジャグラーEX-TP,121,5768,234,18,30,1/120.2,1/320.4,1/192.3,6.204360624287756
2023-08-01,アイムジャグラーEX-TP,122,7988,1697,32,32,1/124.8,1/249.6,1/249.6,5.914178429845153
2023-08-01,アイムジャグラーEX-TP,123,4962,1905,28,12,1/124.0,1/177.2,1/413.5,6.328553069317629
2023-08-01,アイムジャグラーEX-TP,124,5637,-879,15,22,1/152.4,1/375.8,1/256.2,6.005681393775781
2023-08-01,アイムジャグラーEX-TP,125,6948,-889,23,20,1/161.6,1/302.1,1/347.4,6.180108151358961
2023-08-01,アイムジャグラーEX-TP,126,4445,474,17,15,1/138.9,1/261.5,1/296.3,5.914460796771676
2023-08-01,アイムジャグラーEX-TP,127,2012,-1749,1,4,1/402.4,1/2012.0,1/503.0,5.94885703740474
2023-08-01,アイムジャグラーEX-TP,128,5654,-221,20,18,1/148.8,1/282.7,1/314.1,6.1669169099893875
2023-08-01,アイムジャグラーEX-TP,129,1588,-313,6,3,1/176.4,1/264.7,1/529.3,6.655761779388573
2023-08-01,アイムジャグラーEX-TP,130,3780,1050,19,9,1/135.0,1/198.9,1/420.0,6.077109842313469
2023-08-01,アイムジャグラーEX-TP,131,5717,-796,18,15,1/173.2,1/317.6,1/381.1,5.9342257147988695
2023-08-01,アイムジャグラーEX-TP,132,4424,-152,14,15,1/152.6,1/316.0,1/294.9,5.8143224768078
2023-08-01,アイムジャグラーEX-TP,145,2918,-92,12,5,1/171.6,1/243.2,1/583.6,6.152244176541408
2023-08-01,アイムジャグラーEX-TP,146,2159,433,11,3,1/154.2,1/196.3,1/719.7,6.077104751327632
2023-08-01,アイムジャグラーEX-TP,147,1553,-503,4,3,1/221.9,1/388.2,1/517.7,5.825394873059845
2023-08-01,アイムジャグラーEX-TP,148,3554,-1113,9,9,1/197.4,1/394.9,1/394.9,5.98046008349153
2023-08-01,アイムジャグラーEX-TP,149,1252,-460,3,2,1/250.4,1/417.3,1/626.0,5.687010128465108
2023-08-01,アイムジャグラーEX-TP,150,5860,1102,22,29,1/114.9,1/266.4,1/202.1,6.145613387537084
2023-08-01,アイムジャグラーEX-TP,151,319,-313,0,1,1/319.0,1/0.0,1/319.0,6.407486837033506
2023-08-01,アイムジャグラーEX-TP,152,6664,843,26,25,1/130.7,1/256.3,1/266.6,6.073382888212727
2023-08-01,アイムジャグラーEX-TP,153,2118,-591,6,7,1/162.9,1/353.0,1/302.6,6.5427625600884625
2023-08-01,アイムジャグラーEX-TP,154,1225,-200,4,2,1/204.2,1/306.2,1/612.5,5.758974009397705
2023-08-01,アイムジャグラーEX-TP,155,1953,-237,7,4,1/177.5,1/279.0,1/488.2,6.100601448082242
2023-08-01,アイムジャグラーEX-TP,156,4186,-85,17,7,1/174.4,1/246.2,1/598.0,6.0224285251679675
2023-08-01,アイムジャグラーEX-TP,157,3471,-1198,8,10,1/192.8,1/433.9,1/347.1,6.016511971298794
2023-08-01,アイムジャグラーEX-TP,158,5454,2113,26,20,1/118.6,1/209.8,1/272.7,5.844909537111244
2023-08-01,アイムジャグラーEX-TP,159,3330,53,14,7,1/158.6,1/237.9,1/475.7,6.212606011918316
2023-08-01,アイムジャグラーEX-TP,160,4611,-2486,7,15,1/209.6,1/658.7,1/307.4,6.163837446118556
2023-08-01,アイムジャグラーEX-TP,161,3465,1100,18,9,1/128.3,1/192.5,1/385.0,6.186286493622634
2023-08-01,アイムジャグラーEX-TP,162,2237,-764,5,6,1/203.4,1/447.4,1/372.8,5.840536945077518
2023-08-01,アイムジャグラーEX-TP,163,1669,219,8,2,1/166.9,1/208.6,1/834.5,5.96533187868352
2023-08-01,アイムジャグラーEX-TP,164,5967,1770,27,22,1/121.8,1/221.0,1/271.2,5.984027970471936
2023-08-01,アイムジャグラーEX-TP,165,5267,1619,24,20,1/119.7,1/219.5,1/263.4,6.018859840763847
2023-08-01,アイムジャグラーEX-TP,166,6423,-1595,16,24,1/160.6,1/401.4,1/267.6,6.1623337743324385
2023-08-01,アイムジャグラーEX-TP,167,5295,-695,19,13,1/165.5,1/278.7,1/407.3,6.340886033141697
2023-08-01,アイムジャグラーEX-TP,168,4337,-1478,12,10,1/197.1,1/361.4,1/433.7,6.285707842444479
2023-08-01,アイムジャグラーEX-TP,169,6058,-430,20,20,1/151.4,1/302.9,1/302.9,6.091072574938693
2023-08-01,アイムジャグラーEX-TP,170,5892,-1348,16,19,1/168.3,1/368.2,1/310.1,6.106402319280418
2023-08-01,アイムジャグラーEX-TP,171,2176,179,9,6,1/145.1,1/241.8,1/362.7,6.112629296084947
2023-08-01,アイムジャグラーEX-TP,172,5419,582,22,17,1/138.9,1/246.3,1/318.8,6.074928157164208
2023-08-01,アイムジャグラーEX-TP,173,2646,-290,9,8,1/155.6,1/294.0,1/330.8,6.268870728327872
2023-08-01,アイムジャグラーEX-TP,174,3834,150,13,16,1/132.2,1/294.9,1/239.6,6.069662341074463
2023-08-01,アイムジャグラーEX-TP,175,3935,-195,14,8,1/178.9,1/281.1,1/491.9,5.750360694479903
2023-08-01,アイムジャグラーEX-TP,176,5190,1721,26,17,1/120.7,1/199.6,1/305.3,6.205136430206533
2023-08-01,アイムジャグラーEX-TP,177,2756,-604,8,8,1/172.2,1/344.5,1/344.5,6.137999329363441
2023-08-01,アイムジャグラーEX-TP,178,6108,-66,22,17,1/156.6,1/277.6,1/359.3,5.937137668021213
2023-08-01,マイジャグラーV,117,6071,1440,31,9,1/151.8,1/195.8,1/674.6,5.694555947882493
2023-08-01,マイジャグラーV,118,7315,368,26,22,1/152.4,1/281.3,1/332.5,5.54018353959685
2023-08-01,マイジャグラーV,119,8296,1442,37,25,1/133.8,1/224.2,1/331.8,5.924774320268375
2023-08-01,マイジャグラーV,120,4294,77,15,12,1/159.0,1/286.3,1/357.8,5.530524462088314
2023-08-01,ファンキージャグラー2,113,2886,-260,11,4,1/192.4,1/262.4,1/721.5,5.7360376253062615
2023-08-01,ファンキージャグラー2,114,2981,263,11,11,1/135.5,1/271.0,1/271.0,5.786166079513635
2023-08-01,ファンキージャグラー2,115,2503,-581,8,4,1/208.6,1/312.9,1/625.8,5.798450952978484
2023-08-01,ファンキージャグラー2,116,2391,-776,6,6,1/199.2,1/398.5,1/398.5,5.8618714711130755
2023-08-01,ハッピージャグラーVIII,109,2829,-765,10,6,1/176.8,1/282.9,1/471.5,6.898803856782515
2023-08-01,ハッピージャグラーVIII,110,2364,-1091,6,4,1/236.4,1/394.0,1/591.0,6.407743069018901
2023-08-01,ハッピージャグラーVIII,111,3722,-431,12,13,1/148.9,1/310.2,1/286.3,6.362153086274565
2023-08-01,ハッピージャグラーVIII,112,2849,-856,6,13,1/149.9,1/474.8,1/219.2,6.46018067587968
2023-07-31,アイムジャグラーEX-TP,121,4174,173,17,12,1/143.9,1/245.5,1/347.8,6.286194659592996
2023-07-31,アイムジャグラーEX-TP,122,3172,-1550,6,9,1/211.5,1/528.7,1/352.4,6.18160756212501
2023-07-31,アイムジャグラーEX-TP,123,1378,-458,5,1,1/229.7,1/275.6,1/1378.0,6.583359617404569
2023-07-31,アイムジャグラーEX-TP,124,3259,-405,9,12,1/155.2,1/362.1,1/271.6,5.88460352082022
2023-07-31,アイムジャグラーEX-TP,125,4342,-342,14,14,1/155.1,1/310.1,1/310.1,6.004530253511765
2023-07-31,アイムジャグラーEX-TP,126,2638,-1376,5,6,1/239.8,1/527.6,1/439.7,6.088936745849234
2023-07-31,アイムジャグラーEX-TP,127,3472,399,13,11,1/144.7,1/267.1,1/315.6,5.711316506487707
2023-07-31,アイムジャグラーEX-TP,128,2908,544,14,6,1/145.4,1/207.7,1/484.7,6.110279364157774
2023-07-31,アイムジャグラーEX-TP,129,4046,60,15,13,1/144.5,1/269.7,1/311.2,6.127305849363017
2023-07-31,アイムジャグラーEX-TP,130,3005,-238,8,13,1/143.1,1/375.6,1/231.2,5.84722552067792
2023-07-31,アイムジャグラーEX-TP,131,7070,1368,30,25,1/128.5,1/235.7,1/282.8,6.065758744698521
2023-07-31,アイムジャグラーEX-TP,132,3639,-152,14,9,1/158.2,1/259.9,1/404.3,6.228755966806738
2023-07-31,アイムジャグラーEX-TP,145,4623,-911,14,13,1/171.2,1/330.2,1/355.6,6.1418143743353095
2023-07-31,アイムジャグラーEX-TP,146,1012,-916,1,0,1/1012.0,1/1012.0,1/0.0,5.818558822323693
2023-07-31,アイムジャグラーEX-TP,147,749,-632,1,1,1/374.5,1/749.0,1/749.0,6.547119241310381
2023-07-31,アイムジャグラーEX-TP,148,4897,-408,14,20,1/144.0,1/349.8,1/244.8,5.980445056001366
2023-07-31,アイムジャグラーEX-TP,149,939,-212,3,3,1/156.5,1/313.0,1/313.0,6.691653590980763
2023-07-31,アイムジャグラーEX-TP,150,503,-253,1,0,1/503.0,1/503.0,1/0.0,5.243031172478318
2023-07-31,アイムジャグラーEX-TP,151,2199,555,10,6,1/137.4,1/219.9,1/366.5,5.804454653668065
2023-07-31,アイムジャグラーEX-TP,152,3721,-45,13,11,1/155.0,1/286.2,1/338.3,5.895962579192237
2023-07-31,アイムジャグラーEX-TP,153,600,-320,1,1,1/300.0,1/600.0,1/600.0,5.643792063887727
2023-07-31,アイムジャグラーEX-TP,154,1417,-517,4,3,1/202.4,1/354.2,1/472.3,6.386912679545152
2023-07-31,アイムジャグラーEX-TP,155,2697,-86,9,8,1/158.6,1/299.7,1/337.1,5.816214981970272
2023-07-31,アイムジャグラーEX-TP,156,1828,-137,6,5,1/166.2,1/304.7,1/365.6,5.847216768000831
2023-07-31,アイムジャグラーEX-TP,157,3726,-2861,5,4,1/414.0,1/745.2,1/931.5,6.05574218036851
2023-07-31,アイムジャグラーEX-TP,158,3604,-558,12,9,1/171.6,1/300.3,1/400.4,6.158295079083085
2023-07-31,アイムジャグラーEX-TP,159,3547,693,17,5,1/161.2,1/208.6,1/709.4,5.775166938470196
2023-07-31,アイムジャグラーEX-TP,160,2474,-933,4,8,1/206.2,1/618.5,1/309.2,5.567270176156169
2023-07-31,アイムジャグラーEX-TP,161,3100,426,11,12,1/134.8,1/281.8,1/258.3,5.691935032987978
2023-07-31,アイムジャグラーEX-TP,162,1574,-961,2,5,1/224.9,1/787.0,1/314.8,6.17307651504809
2023-07-31,アイムジャグラーEX-TP,163,803,-288,2,2,1/200.8,1/401.5,1/401.5,6.122521179501036
2023-07-31,アイムジャグラーEX-TP,164,3798,-90,13,12,1/151.9,1/292.2,1/316.5,5.953783683613489
2023-07-31,アイムジャグラーEX-TP,165,669,73,3,1,1/167.2,1/223.0,1/669.0,5.846330130115365
2023-07-31,アイムジャグラーEX-TP,166,5602,245,21,20,1/136.6,1/266.8,1/280.1,6.200847944371864
2023-07-31,アイムジャグラーEX-TP,167,4659,-1072,16,8,1/194.1,1/291.2,1/582.4,6.290162736325289
2023-07-31,アイムジャグラーEX-TP,168,5499,-1847,17,7,1/229.1,1/323.5,1/785.6,6.180186593758071
2023-07-31,アイムジャグラーEX-TP,169,4772,772,24,7,1/153.9,1/198.8,1/681.7,6.217191595279379
2023-07-31,アイムジャグラーEX-TP,170,3414,-320,12,10,1/155.2,1/284.5,1/341.4,6.287025821702674
2023-07-31,アイムジャグラーEX-TP,171,5314,739,20,19,1/136.3,1/265.7,1/279.7,5.792028823332776
2023-07-31,アイムジャグラーEX-TP,172,4860,-51,21,7,1/173.6,1/231.4,1/694.3,6.177669782957867
2023-07-31,アイムジャグラーEX-TP,173,5714,274,20,24,1/129.9,1/285.7,1/238.1,6.169110321010098
2023-07-31,アイムジャグラーEX-TP,174,453,-175,1,2,1/151.0,1/453.0,1/226.5,6.856118525792248
2023-07-31,アイムジャグラーEX-TP,175,6695,2354,34,23,1/117.5,1/196.9,1/291.1,6.265901362545755
2023-07-31,アイムジャグラーEX-TP,176,1402,-261,4,3,1/200.3,1/350.5,1/467.3,5.627825026664932
2023-07-31,アイムジャグラーEX-TP,177,4011,342,15,12,1/148.6,1/267.4,1/334.2,5.759474604960135
2023-07-31,アイムジャグラーEX-TP,178,4225,517,18,11,1/145.7,1/234.7,1/384.1,6.004723478930704
2023-07-31,マイジャグラーV,117,6298,184,24,20,1/143.1,1/262.4,1/314.9,5.945521300661989
2023-07-31,マイジャグラーV,118,2673,-1002,7,6,1/205.6,1/381.9,1/445.5,6.082159167869836
2023-07-31,マイジャグラーV,119,8396,-720,33,16,1/171.3,1/254.4,1/524.8,6.04731403084138
2023-07-31,マイジャグラーV,120,5509,1467,27,12,1/141.3,1/204.0,1/459.1,5.6466803458753665
2023-07-31,ファンキージャグラー2,113,3376,1742,21,10,1/108.9,1/160.8,1/337.6,6.277804178068354
2023-07-31,ファンキージャグラー2,114,3223,-1835,5,9,1/230.2,1/644.6,1/358.1,6.0504515768989435
2023-07-31,ファンキージャグラー2,115,2025,-521,5,6,1/184.1,1/405.0,1/337.5,5.720606631489645
2023-07-31,ファンキージャグラー2,116,1118,-201,4,1,1/223.6,1/279.5,1/1118.0,5.6829279481745445
2023-07-31,ハッピージャグラーVIII,109,5443,1288,24,16,1/136.1,1/226.8,1/340.2,5.802560831709624
2023-07-31,ハッピージャグラーVIII,110,5568,1952,30,16,1/121.0,1/185.6,1/348.0,6.327173505688207
2023-07-31,ハッピージャグラーVIII,111,2435,-258,7,7,1/173.9,1/347.9,1/347.9,5.673130142275288
2023-07-31,ハッピージャグラーVIII,112,2855,79,12,5,1/167.9,1/237.9,1/571.0,6.002065772287037
2023-07-30,アイムジャグラーEX-TP,121,7051,-55,24,27,1/138.3,1/293.8,1/261.1,6.151071806596833
2023-07-30,アイムジャグラーEX-TP,122,2521,-191,8,10,1/140.1,1/315.1,1/252.1,6.2625863453160795
2023-07-30,アイムジャグラーEX-TP,123,4147,-144,15,14,1/143.0,1/276.5,1/296.2,6.332877255201805
2023-07-30,アイムジャグラーEX-TP,124,2693,598,10,12,1/122.4,1/269.3,1/224.4,5.743128154162024
2023-07-30,アイムジャグラーEX-TP,125,1654,-779,4,2,1/275.7,1/413.5,1/827.0,5.994541994883546
2023-07-30,アイムジャグラーEX-TP,126,2993,-1285,6,8,1/213.8,1/498.8,1/374.1,5.966962763321389
2023-07-30,アイムジャグラーEX-TP,127,5036,-92,19,15,1/148.1,1/265.1,1/335.7,6.257727877658288
2023-07-30,アイムジャグラーEX-TP,128,1204,-1048,1,3,1/301.0,1/1204.0,1/401.3,6.601341892707798
2023-07-30,アイムジャグラーEX-TP,129,4367,119,14,19,1/132.3,1/311.9,1/229.8,5.989449434638901
2023-07-30,アイムジャグラーEX-TP,130,3141,83,13,8,1/149.6,1/241.6,1/392.6,6.287968665616776
2023-07-30,アイムジャグラーEX-TP,131,1352,-395,3,4,1/193.1,1/450.7,1/338.0,5.727179614392217
2023-07-30,アイムジャグラーEX-TP,132,4311,-266,15,14,1/148.7,1/287.4,1/307.9,6.235019988438529
2023-07-30,アイムジャグラーEX-TP,145,4899,1029,22,16,1/128.9,1/222.7,1/306.2,6.158642868936461
2023-07-30,アイムジャグラーEX-TP,146,5915,-69,20,23,1/137.6,1/295.8,1/257.2,6.16928014513401
2023-07-30,アイムジャグラーEX-TP,147,2566,-221,8,9,1/150.9,1/320.8,1/285.1,6.038678749327032
2023-07-30,アイムジャグラーEX-TP,148,673,-638,1,0,1/673.0,1/673.0,1/0.0,6.628016695511178
2023-07-30,アイムジャグラーEX-TP,149,2595,243,10,9,1/136.6,1/259.5,1/288.3,6.045004886670136
2023-07-30,アイムジャグラーEX-TP,150,6789,2255,30,28,1/117.1,1/226.3,1/242.5,5.893699537096737
2023-07-30,アイムジャグラーEX-TP,151,748,-102,2,3,1/149.6,1/374.0,1/249.3,5.9784199819256685
2023-07-30,アイムジャグラーEX-TP,152,1281,-815,2,2,1/320.2,1/640.5,1/640.5,5.921036940429654
2023-07-30,アイムジャグラーEX-TP,153,5438,501,23,11,1/159.9,1/236.4,1/494.4,5.860305195814695
2023-07-30,アイムジャグラーEX-TP,154,1754,-180,7,3,1/175.4,1/250.6,1/584.7,6.348823473243691
2023-07-30,アイムジャグラーEX-TP,155,2146,-260,7,5,1/178.8,1/306.6,1/429.2,5.857836797500423
2023-07-30,アイムジャグラーEX-TP,156,6911,-1090,18,26,1/157.1,1/383.9,1/265.8,5.891592783200365
2023-07-30,アイムジャグラーEX-TP,157,6471,1620,25,30,1/117.7,1/258.8,1/215.7,5.854778211528387
2023-07-30,アイムジャグラーEX-TP,158,3177,809,15,9,1/132.4,1/211.8,1/353.0,6.02921716507689
2023-07-30,アイムジャグラーEX-TP,159,4660,716,21,16,1/125.9,1/221.9,1/291.2,6.542966686400872
2023-07-30,アイムジャグラーEX-TP,160,2686,-243,9,9,1/149.2,1/298.4,1/298.4,6.2655130347164
2023-07-30,アイムジャグラーEX-TP,161,7221,2552,35,27,1/116.5,1/206.3,1/267.4,6.117224316201316
2023-07-30,アイムジャグラーEX-TP,162,1781,547,9,4,1/137.0,1/197.9,1/445.2,5.917710464734982
2023-07-30,アイムジャグラーEX-TP,163,6801,3206,37,25,1/109.7,1/183.8,1/272.0,6.236871596211966
2023-07-30,アイムジャグラーEX-TP,164,1935,-41,8,3,1/175.9,1/241.9,1/645.0,6.057406368854099
2023-07-30,アイムジャグラーEX-TP,165,1844,-223,5,7,1/153.7,1/368.8,1/263.4,5.862757551193574
2023-07-30,アイムジャグラーEX-TP,166,3136,-1768,6,7,1/241.2,1/522.7,1/448.0,6.293142567633071
2023-07-30,アイムジャグラーEX-TP,167,2555,-392,8,7,1/170.3,1/319.4,1/365.0,6.027529176602949
2023-07-30,アイムジャグラーEX-TP,168,5110,-1243,16,12,1/182.5,1/319.4,1/425.8,6.2759882409350665
2023-07-30,アイムジャグラーEX-TP,169,5278,-902,17,11,1/188.5,1/310.5,1/479.8,5.927445817103235
2023-07-30,アイムジャグラーEX-TP,170,3067,-936,9,5,1/219.1,1/340.8,1/613.4,6.012461930059483
2023-07-30,アイムジャグラーEX-TP,171,1123,6,5,0,1/224.6,1/224.6,1/0.0,5.65368050321482
2023-07-30,アイムジャグラーEX-TP,172,6413,2495,34,18,1/123.3,1/188.6,1/356.3,6.069959171029661
2023-07-30,アイムジャグラーEX-TP,173,4025,720,16,17,1/122.0,1/251.6,1/236.8,6.12488915282131
2023-07-30,アイムジャグラーEX-TP,174,2566,-1300,7,2,1/285.1,1/366.6,1/1283.0,6.338895380533698
2023-07-30,アイムジャグラーEX-TP,175,3590,-1214,7,12,1/188.9,1/512.9,1/299.2,5.789250168738904
2023-07-30,アイムジャグラーEX-TP,176,1557,-928,4,2,1/259.5,1/389.2,1/778.5,6.870023479860593
2023-07-30,アイムジャグラーEX-TP,177,4585,528,18,17,1/131.0,1/254.7,1/269.7,6.135218475665161
2023-07-30,アイムジャグラーEX-TP,178,3186,-1491,8,5,1/245.1,1/398.2,1/637.2,6.250157063151245
2023-07-30,マイジャグラーV,117,4058,-1617,8,12,1/202.9,1/507.2,1/338.2,5.8024368139850395
2023-07-30,マイジャグラーV,118,3220,-504,10,10,1/161.0,1/322.0,1/322.0,5.991663865052099
2023-07-30,マイジャグラーV,119,4963,-37,22,9,1/160.1,1/225.6,1/551.4,6.202518809707709
2023-07-30,マイジャグラーV,120,6186,377,24,20,1/140.6,1/257.8,1/309.3,5.902771322748147
2023-07-30,ファンキージャグラー2,113,3378,-792,9,8,1/198.7,1/375.3,1/422.2,5.589593527091845
2023-07-30,ファンキージャグラー2,114,1987,-157,10,1,1/180.6,1/198.7,1/1987.0,6.679617740637789
2023-07-30,ファンキージャグラー2,115,2054,-1266,5,2,1/293.4,1/410.8,1/1027.0,6.466236932648901
2023-07-30,ファンキージャグラー2,116,1152,-978,2,2,1/288.0,1/576.0,1/576.0,7.279262064808181
2023-07-30,ハッピージャグラーVIII,109,5254,-156,22,9,1/169.5,1/238.8,1/583.8,6.235465181398007
2023-07-30,ハッピージャグラーVIII,110,1774,-432,5,5,1/177.4,1/354.8,1/354.8,6.194533673217921
2023-07-30,ハッピージャグラーVIII,111,1650,-827,3,5,1/206.2,1/550.0,1/330.0,6.38330282727121
2023-07-30,ハッピージャグラーVIII,112,4840,968,23,14,1/130.8,1/210.4,1/345.7,6.327053776035369
2023-07-29,アイムジャグラーEX-TP,121,4229,-1005,13,8,1/201.4,1/325.3,1/528.6,5.9784252782579514
2023-07-29,アイムジャグラーEX-TP,122,3226,291,12,11,1/140.3,1/268.8,1/293.3,5.886041886613997
2023-07-29,アイムジャグラーEX-TP,123,6273,1764,30,20,1/125.5,1/209.1,1/313.6,6.133725062564876
2023-07-29,アイムジャグラーEX-TP,124,7575,-710,23,31,1/140.3,1/329.3,1/244.4,6.240651894789612
2023-07-29,アイムジャグラーEX-TP,125,2384,50,11,4,1/158.9,1/216.7,1/596.0,6.503078419296945
2023-07-29,アイムジャグラーEX-TP,126,2477,-469,8,6,1/176.9,1/309.6,1/412.8,6.169079398517498
2023-07-29,アイムジャグラーEX-TP,127,4081,695,16,19,1/116.6,1/255.1,1/214.8,6.298660956539255
2023-07-29,アイムジャグラーEX-TP,128,6184,1118,27,19,1/134.4,1/229.0,1/325.5,6.063019360503229
2023-07-29,アイムジャグラーEX-TP,129,6255,993,28,12,1/156.4,1/223.4,1/521.2,5.798618566036393
2023-07-29,アイムジャグラーEX-TP,130,5616,1748,27,16,1/130.6,1/208.0,1/351.0,5.881170879545755
2023-07-29,アイムジャグラーEX-TP,131,3413,428,15,10,1/136.5,1/227.5,1/341.3,6.297184254559606
2023-07-29,アイムジャグラーEX-TP,132,5790,263,25,10,1/165.4,1/231.6,1/579.0,6.040513063861421
2023-07-29,アイムジャグラーEX-TP,145,4915,-306,16,17,1/148.9,1/307.2,1/289.1,6.0665504908876144
2023-07-29,アイムジャグラーEX-TP,146,1570,-765,4,3,1/224.3,1/392.5,1/523.3,6.563159647186274
2023-07-29,アイムジャグラーEX-TP,147,1557,-1021,2,4,1/259.5,1/778.5,1/389.2,6.129636979828257
2023-07-29,アイムジャグラーEX-TP,148,2996,-252,10,8,1/166.4,1/299.6,1/374.5,5.920441517914256
2023-07-29,アイムジャグラーEX-TP,149,1148,-557,2,4,1/191.3,1/574.0,1/287.0,6.281756935185511
2023-07-29,アイムジャグラーEX-TP,150,2737,127,12,5,1/161.0,1/228.1,1/547.4,6.157892734458279
2023-07-29,アイムジャグラーEX-TP,151,6426,20,25,17,1/153.0,1/257.0,1/378.0,6.14451638630454
2023-07-29,アイムジャグラーEX-TP,152,1095,-83,4,2,1/182.5,1/273.8,1/547.5,5.879153595169537
2023-07-29,アイムジャグラーEX-TP,153,3325,-380,11,9,1/166.2,1/302.3,1/369.4,6.037682401563079
2023-07-29,アイムジャグラーEX-TP,154,3474,-335,12,6,1/193.0,1/289.5,1/579.0,5.716302945363761
2023-07-29,アイムジャグラーEX-TP,155,2332,-648,7,5,1/194.3,1/333.1,1/466.4,6.191748576349199
2023-07-29,アイムジャグラーEX-TP,156,7099,1121,30,25,1/129.1,1/236.6,1/284.0,6.206237621128401
2023-07-29,アイムジャグラーEX-TP,157,5891,114,22,20,1/140.3,1/267.8,1/294.6,6.220833966839017
2023-07-29,アイムジャグラーEX-TP,158,5453,-1475,15,16,1/175.9,1/363.5,1/340.8,6.214971900360266
2023-07-29,アイムジャグラーEX-TP,159,3826,255,15,11,1/147.2,1/255.1,1/347.8,5.98765341483887
2023-07-29,アイムジャグラーEX-TP,160,3075,-962,6,12,1/170.8,1/512.5,1/256.2,5.910500604985387
2023-07-29,アイムジャグラーEX-TP,161,4480,-763,13,13,1/172.3,1/344.6,1/344.6,5.914802810640361
2023-07-29,アイムジャグラーEX-TP,162,2723,-1933,4,4,1/340.4,1/680.8,1/680.8,6.109464370267914
2023-07-29,アイムジャグラーEX-TP,163,4498,-182,13,16,1/155.1,1/346.0,1/281.1,5.622382843597497
2023-07-29,アイムジャグラーEX-TP,164,2243,-654,6,5,1/203.9,1/373.8,1/448.6,5.915724478310509
2023-07-29,アイムジャグラーEX-TP,165,7293,1421,31,30,1/119.6,1/235.3,1/243.1,6.332249181307383
2023-07-29,アイムジャグラーEX-TP,166,1784,195,9,3,1/148.7,1/198.2,1/594.7,6.611928987289678
2023-07-29,アイムジャグラーEX-TP,167,3272,-173,12,10,1/148.7,1/272.7,1/327.2,6.334696803251015
2023-07-29,アイムジャグラーEX-TP,168,6168,-1831,17,15,1/192.8,1/362.8,1/411.2,6.119292147904481
2023-07-29,アイムジャグラーEX-TP,169,5216,429,22,13,1/149.0,1/237.1,1/401.2,6.09081889740554
2023-07-29,アイムジャグラーEX-TP,170,3620,1061,18,10,1/129.3,1/201.1,1/362.0,6.111614972308644
2023-07-29,アイムジャグラーEX-TP,171,1976,-799,6,4,1/197.6,1/329.3,1/494.0,6.847854330890123
2023-07-29,アイムジャグラーEX-TP,172,6706,1977,32,21,1/126.5,1/209.6,1/319.3,6.033516390484538
2023-07-29,アイムジャグラーEX-TP,173,2839,386,12,11,1/123.4,1/236.6,1/258.1,6.487010521181597
2023-07-29,アイムジャグラーEX-TP,174,2828,-909,7,7,1/202.0,1/404.0,1/404.0,5.929359854317222
2023-07-29,アイムジャグラーEX-TP,175,4566,-461,16,14,1/152.2,1/285.4,1/326.1,6.375081479154056
2023-07-29,アイムジャグラーEX-TP,176,7011,1141,28,27,1/127.5,1/250.4,1/259.7,6.056822218894661
2023-07-29,アイムジャグラーEX-TP,177,2303,-109,10,3,1/177.2,1/230.3,1/767.7,6.319390675734942
2023-07-29,アイムジャグラーEX-TP,178,3950,-886,14,7,1/188.1,1/282.1,1/564.3,6.427187491228719
2023-07-29,マイジャグラーV,117,6210,-461,19,20,1/159.2,1/326.8,1/310.5,5.643632357657067
2023-07-29,マイジャグラーV,118,7918,2391,39,22,1/129.8,1/203.0,1/359.9,5.757767349865793
2023-07-29,マイジャグラーV,119,4912,-236,18,12,1/163.7,1/272.9,1/409.3,5.826408700365451
2023-07-29,マイジャグラーV,120,5844,-914,20,13,1/177.1,1/292.2,1/449.5,5.9547832945687365
2023-07-29,ファンキージャグラー2,113,4522,-417,17,8,1/180.9,1/266.0,1/565.2,5.845651845605889
2023-07-29,ファンキージャグラー2,114,2226,35,9,4,1/171.2,1/247.3,1/556.5,5.69011823163344
2023-07-29,ファンキージャグラー2,115,4143,-811,13,14,1/153.4,1/318.7,1/295.9,6.3474139353658074
2023-07-29,ファンキージャグラー2,116,5555,1367,25,19,1/126.2,1/222.2,1/292.4,5.829780510206806
2023-07-29,ハッピージャグラーVIII,109,5060,-829,20,9,1/174.5,1/253.0,1/562.2,6.673240995987813
2023-07-29,ハッピージャグラーVIII,110,1553,-82,6,4,1/155.3,1/258.8,1/388.2,6.374858837463624
2023-07-29,ハッピージャグラーVIII,111,7025,2139,37,16,1/132.5,1/189.9,1/439.1,6.133357415673839
2023-07-29,ハッピージャグラーVIII,112,4337,-23,16,14,1/144.6,1/271.1,1/309.8,6.241341725853669
2023-07-28,アイムジャグラーEX-TP,121,5671,-978,16,16,1/177.2,1/354.4,1/354.4,5.804427299031198
2023-07-28,アイムジャグラーEX-TP,122,6049,951,25,18,1/140.7,1/242.0,1/336.1,5.866367029694474
2023-07-28,アイムジャグラーEX-TP,123,3691,-757,11,11,1/167.8,1/335.5,1/335.5,6.1987655068643726
2023-07-28,アイムジャグラーEX-TP,124,8445,-1971,27,17,1/191.9,1/312.8,1/496.8,6.154315694751189
2023-07-28,アイムジャグラーEX-TP,125,6083,3124,34,20,1/112.6,1/178.9,1/304.1,6.040512125004898
2023-07-28,アイムジャグラーEX-TP,126,1573,-1264,2,2,1/393.2,1/786.5,1/786.5,6.229556914942826
2023-07-28,アイムジャグラーEX-TP,127,2329,-276,7,3,1/232.9,1/332.7,1/776.3,5.22203561809462
2023-07-28,アイムジャグラーEX-TP,128,2879,-396,10,6,1/179.9,1/287.9,1/479.8,6.062594955735687
2023-07-28,アイムジャグラーEX-TP,129,4842,-889,13,18,1/156.2,1/372.5,1/269.0,6.078737884282599
2023-07-28,アイムジャグラーEX-TP,130,2025,219,8,5,1/155.8,1/253.1,1/405.0,5.679033638809254
2023-07-28,アイムジャグラーEX-TP,131,8300,3087,43,27,1/118.6,1/193.0,1/307.4,6.207605513400762
2023-07-28,アイムジャグラーEX-TP,132,7426,1290,30,30,1/123.8,1/247.5,1/247.5,6.143343377222693
2023-07-28,アイムジャグラーEX-TP,145,3767,-360,13,12,1/150.7,1/289.8,1/313.9,6.337841119324319
2023-07-28,アイムジャグラーEX-TP,146,1208,-1344,0,2,1/604.0,1/0.0,1/604.0,6.359105644432714
2023-07-28,アイムジャグラーEX-TP,147,3139,-939,7,12,1/165.2,1/448.4,1/261.6,6.131388566524911
2023-07-28,アイムジャグラーEX-TP,148,4573,792,20,11,1/147.5,1/228.7,1/415.7,5.82431158337381
2023-07-28,アイムジャグラーEX-TP,149,4574,1205,23,6,1/157.7,1/198.9,1/762.3,5.7003227187732834
2023-07-28,アイムジャグラーEX-TP,150,2765,-565,8,8,1/172.8,1/345.6,1/345.6,6.053963254960966
2023-07-28,アイムジャグラーEX-TP,151,3853,-589,13,11,1/160.5,1/296.4,1/350.3,6.370415400685075
2023-07-28,アイムジャグラーEX-TP,152,1342,-796,3,3,1/223.7,1/447.3,1/447.3,6.89307383735366
2023-07-28,アイムジャグラーEX-TP,153,5752,167,18,25,1/133.8,1/319.6,1/230.1,5.894841862719607
2023-07-28,アイムジャグラーEX-TP,154,1306,-431,3,3,1/217.7,1/435.3,1/435.3,5.704657560239393
2023-07-28,アイムジャグラーEX-TP,155,5414,-154,20,14,1/159.2,1/270.7,1/386.7,6.03582210249379
2023-07-28,アイムジャグラーEX-TP,156,3296,-56,13,6,1/173.5,1/253.5,1/549.3,5.93928354761335
2023-07-28,アイムジャグラーEX-TP,157,4424,148,17,14,1/142.7,1/260.2,1/316.0,6.178191010868939
2023-07-28,アイムジャグラーEX-TP,158,4917,409,17,17,1/144.6,1/289.2,1/289.2,5.659652986497705
2023-07-28,アイムジャグラーEX-TP,159,2014,267,10,2,1/167.8,1/201.4,1/1007.0,6.066181741600175
2023-07-28,アイムジャグラーEX-TP,160,3484,-837,11,7,1/193.6,1/316.7,1/497.7,6.137629542475656
2023-07-28,アイムジャグラーEX-TP,161,1604,-776,4,2,1/267.3,1/401.0,1/802.0,6.157610411060419
2023-07-28,アイムジャグラーEX-TP,162,3224,1464,18,9,1/119.4,1/179.1,1/358.2,6.089404585234769
2023-07-28,アイムジャグラーEX-TP,163,6335,314,24,20,1/144.0,1/264.0,1/316.8,6.036274436191958
2023-07-28,アイムジャグラーEX-TP,164,5273,-81,20,10,1/175.8,1/263.6,1/527.3,5.799818255496062
2023-07-28,アイムジャグラーEX-TP,165,2278,92,9,5,1/162.7,1/253.1,1/455.6,5.852255669481863
2023-07-28,アイムジャグラーEX-TP,166,6700,-454,20,26,1/145.7,1/335.0,1/257.7,5.966000032946568
2023-07-28,アイムジャグラーEX-TP,167,3741,1741,20,15,1/106.9,1/187.1,1/249.4,6.306346961454194
2023-07-28,アイムジャグラーEX-TP,168,4236,-994,13,10,1/184.2,1/325.8,1/423.6,6.164577722278468
2023-07-28,アイムジャグラーEX-TP,169,5280,634,21,20,1/128.8,1/251.4,1/264.0,6.209683000975144
2023-07-28,アイムジャグラーEX-TP,170,5459,1018,26,14,1/136.5,1/210.0,1/389.9,6.280037249053323
2023-07-28,アイムジャグラーEX-TP,171,6445,2048,31,25,1/115.1,1/207.9,1/257.8,6.3085597318318865
2023-07-28,アイムジャグラーEX-TP,172,4149,-995,9,16,1/166.0,1/461.0,1/259.3,5.813214564600667
2023-07-28,アイムジャグラーEX-TP,173,4805,880,22,9,1/155.0,1/218.4,1/533.9,5.785821414149879
2023-07-28,アイムジャグラーEX-TP,174,6909,1476,32,21,1/130.4,1/215.9,1/329.0,6.207607907322651
2023-07-28,アイムジャグラーEX-TP,175,3374,1559,20,8,1/120.5,1/168.7,1/421.8,6.2734865278829135
2023-07-28,アイムジャグラーEX-TP,176,5066,161,18,17,1/144.7,1/281.4,1/298.0,5.935803639210044
2023-07-28,アイムジャグラーEX-TP,177,7756,1608,32,27,1/131.5,1/242.4,1/287.3,5.850328634818949
2023-07-28,アイムジャグラーEX-TP,178,5409,315,24,12,1/150.2,1/225.4,1/450.8,6.347024460017125
2023-07-28,マイジャグラーV,117,7430,1064,29,31,1/123.8,1/256.2,1/239.7,5.958994080495283
2023-07-28,マイジャグラーV,118,5216,-707,16,17,1/158.1,1/326.0,1/306.8,5.923070645188071
2023-07-28,マイジャグラーV,119,5414,1658,29,13,1/128.9,1/186.7,1/416.5,6.030808962371387
2023-07-28,マイジャグラーV,120,6352,1298,29,24,1/119.8,1/219.0,1/264.7,6.23687006053662
2023-07-28,ファンキージャグラー2,113,2171,1111,11,7,1/120.6,1/197.4,1/310.1,5.259352421944206
2023-07-28,ファンキージャグラー2,114,7086,2564,38,23,1/116.2,1/186.5,1/308.1,6.161659966499125
2023-07-28,ファンキージャグラー2,115,2722,446,13,4,1/160.1,1/209.4,1/680.5,5.673978549672092
2023-07-28,ファンキージャグラー2,116,3184,806,18,3,1/151.6,1/176.9,1/1061.3,5.972149787293745
2023-07-28,ハッピージャグラーVIII,109,5380,-1349,17,14,1/173.5,1/316.5,1/384.3,6.5407213090439145
2023-07-28,ハッピージャグラーVIII,110,7882,2941,41,23,1/123.2,1/192.2,1/342.7,6.02718929937614
2023-07-28,ハッピージャグラーVIII,111,981,-816,1,1,1/490.5,1/981.0,1/981.0,6.122762798411546
2023-07-28,ハッピージャグラーVIII,112,1349,-1170,2,1,1/449.7,1/674.5,1/1349.0,6.7415251651227015
2023-07-27,アイムジャグラーEX-TP,121,1293,-568,4,1,1/258.6,1/323.2,1/1293.0,6.461495607857079
2023-07-27,アイムジャグラーEX-TP,122,7269,853,29,24,1/137.2,1/250.7,1/302.9,6.0204316504552455
2023-07-27,アイムジャグラーEX-TP,123,805,-585,1,3,1/201.2,1/805.0,1/268.3,7.051370768958553
2023-07-27,アイムジャグラーEX-TP,124,3045,-71,11,9,1/152.2,1/276.8,1/338.3,6.079764109145842
2023-07-27,アイムジャグラーEX-TP,125,7406,698,27,31,1/127.7,1/274.3,1/238.9,6.116719462121162
2023-07-27,アイムジャグラーEX-TP,126,5845,470,24,15,1/149.9,1/243.5,1/389.7,6.003121931520145
2023-07-27,アイムジャグラーEX-TP,127,5304,215,23,11,1/156.0,1/230.6,1/482.2,6.241184650272323
2023-07-27,アイムジャグラーEX-TP,128,5560,1826,27,18,1/123.6,1/205.9,1/308.9,6.022849020986434
2023-07-27,アイムジャグラーEX-TP,129,4087,-27,14,13,1/151.4,1/291.9,1/314.4,5.890647020337924
2023-07-27,アイムジャグラーEX-TP,130,3848,-226,17,4,1/183.2,1/226.4,1/962.0,6.3462673549508075
2023-07-27,アイムジャグラーEX-TP,131,4558,-1480,10,14,1/189.9,1/455.8,1/325.6,5.883109759673804
2023-07-27,アイムジャグラーEX-TP,132,3304,-969,8,9,1/194.4,1/413.0,1/367.1,5.851257872567289
2023-07-27,アイムジャグラーEX-TP,145,3139,-488,10,8,1/174.4,1/313.9,1/392.4,6.016440541908216
2023-07-27,アイムジャグラーEX-TP,146,1155,-902,1,4,1/231.0,1/1155.0,1/288.8,6.666860996525439
2023-07-27,アイムジャグラーEX-TP,147,2170,-247,6,7,1/166.9,1/361.7,1/310.0,5.663570103187898
2023-07-27,アイムジャグラーEX-TP,148,2886,240,13,6,1/151.9,1/222.0,1/481.0,6.241718125696394
2023-07-27,アイムジャグラーEX-TP,149,1643,225,7,4,1/149.4,1/234.7,1/410.8,5.869744475339696
2023-07-27,アイムジャグラーEX-TP,150,2961,-496,7,13,1/148.1,1/423.0,1/227.8,5.931853520520006
2023-07-27,アイムジャグラーEX-TP,151,4351,-198,13,17,1/145.0,1/334.7,1/255.9,5.882491798108339
2023-07-27,アイムジャグラーEX-TP,152,2471,68,11,5,1/154.4,1/224.6,1/494.2,6.427617226367933
2023-07-27,アイムジャグラーEX-TP,153,3372,159,13,11,1/140.5,1/259.4,1/306.5,6.172298504656352
2023-07-27,アイムジャグラーEX-TP,154,1636,-174,7,2,1/181.8,1/233.7,1/818.0,6.501475409699255
2023-07-27,アイムジャグラーEX-TP,155,2989,565,12,13,1/119.6,1/249.1,1/229.9,6.180570548338607
2023-07-27,アイムジャグラーEX-TP,156,3657,1034,19,9,1/130.6,1/192.5,1/406.3,6.292876566972726
2023-07-27,アイムジャグラーEX-TP,157,6121,720,25,21,1/133.1,1/244.8,1/291.5,6.187244725613942
2023-07-27,アイムジャグラーEX-TP,158,568,-184,2,0,1/284.0,1/284.0,1/0.0,6.062014838702378
2023-07-27,アイムジャグラーEX-TP,159,7166,4261,42,24,1/108.6,1/170.6,1/298.6,6.008946471020199
2023-07-27,アイムジャグラーEX-TP,160,2391,-382,9,6,1/159.4,1/265.7,1/398.5,6.757904692289367
2023-07-27,アイムジャグラーEX-TP,161,5609,627,25,17,1/133.5,1/224.4,1/329.9,6.495801192397014
2023-07-27,アイムジャグラーEX-TP,162,3856,1309,17,15,1/120.5,1/226.8,1/257.1,5.757155191344487
2023-07-27,アイムジャグラーEX-TP,163,1063,-26,5,0,1/212.6,1/212.6,1/0.0,6.051143720242021
2023-07-27,アイムジャグラーEX-TP,164,2583,-766,6,8,1/184.5,1/430.5,1/322.9,5.912191662495935
2023-07-27,アイムジャグラーEX-TP,165,2751,-951,7,7,1/196.5,1/393.0,1/393.0,6.149361210795139
2023-07-27,アイムジャグラーEX-TP,166,7071,-95,26,20,1/153.7,1/272.0,1/353.6,6.053128128380487
2023-07-27,アイムジャグラーEX-TP,167,3374,-700,10,13,1/146.7,1/337.4,1/259.5,6.6160078643822695
2023-07-27,アイムジャグラーEX-TP,168,5735,-177,22,12,1/168.7,1/260.7,1/477.9,5.995492769393902
2023-07-27,アイムジャグラーEX-TP,169,5156,-706,17,16,1/156.2,1/303.3,1/322.2,6.31208338306221
2023-07-27,アイムジャグラーEX-TP,170,6767,593,26,19,1/150.4,1/260.3,1/356.2,5.783827766275887
2023-07-27,アイムジャグラーEX-TP,171,712,-53,3,0,1/237.3,1/237.3,1/0.0,5.733763483705845
2023-07-27,アイムジャグラーEX-TP,172,4942,-273,16,18,1/145.4,1/308.9,1/274.6,6.094221097502876
2023-07-27,アイムジャグラーEX-TP,173,1013,-777,1,2,1/337.7,1/1013.0,1/506.5,6.036777142866677
2023-07-27,アイムジャグラーEX-TP,174,3969,194,16,10,1/152.7,1/248.1,1/396.9,6.040633786523424
2023-07-27,アイムジャグラーEX-TP,175,2770,-1377,6,9,1/184.7,1/461.7,1/307.8,6.794010625881674
2023-07-27,アイムジャグラーEX-TP,176,1814,-496,5,3,1/226.8,1/362.8,1/604.7,5.694614941062305
2023-07-27,アイムジャグラーEX-TP,177,3925,486,17,12,1/135.3,1/230.9,1/327.1,6.285775370410333
2023-07-27,アイムジャグラーEX-TP,178,4939,-2354,11,14,1/197.6,1/449.0,1/352.8,6.545924164216098
2023-07-27,マイジャグラーV,117,6101,-764,20,18,1/160.6,1/305.1,1/338.9,5.9702050974740875
2023-07-27,マイジャグラーV,118,3511,-263,14,4,1/195.1,1/250.8,1/877.8,5.742568829603403
2023-07-27,マイジャグラーV,119,4356,125,19,7,1/167.5,1/229.3,1/622.3,5.871125677894478
2023-07-27,マイジャグラーV,120,5649,-877,16,20,1/156.9,1/353.1,1/282.4,5.880574089405912
2023-07-27,ファンキージャグラー2,113,4943,546,22,12,1/145.4,1/224.7,1/411.9,5.956440650743251
2023-07-27,ファンキージャグラー2,114,986,-328,3,2,1/197.2,1/328.7,1/493.0,6.275017934873142
2023-07-27,ファンキージャグラー2,115,3027,1011,15,10,1/121.1,1/201.8,1/302.7,5.8717911283433715
2023-07-27,ファンキージャグラー2,116,3266,113,12,10,1/148.5,1/272.2,1/326.6,5.744647010481563
2023-07-27,ハッピージャグラーVIII,109,4339,-2577,7,9,1/271.2,1/619.9,1/482.1,6.148263591108447
2023-07-27,ハッピージャグラーVIII,110,1711,-827,4,3,1/244.4,1/427.8,1/570.3,6.305238493296747
2023-07-27,ハッピージャグラーVIII,111,4288,-1045,12,9,1/204.2,1/357.3,1/476.4,5.861099861085918
2023-07-27,ハッピージャグラーVIII,112,1120,-1104,0,1,1/1120.0,1/0.0,1/1120.0,5.677224445520189
2023-07-26,アイムジャグラーEX-TP,121,3583,-449,12,8,1/179.2,1/298.6,1/447.9,5.93092791361841
2023-07-26,アイムジャグラーEX-TP,122,2971,-843,8,9,1/174.8,1/371.4,1/330.1,6.252451867116605
2023-07-26,アイムジャグラーEX-TP,123,291,-64,1,0,1/291.0,1/291.0,1/0.0,5.536383265358849
2023-07-26,アイムジャグラーEX-TP,124,5716,2308,29,18,1/121.6,1/197.1,1/317.6,5.893446426741877
2023-07-26,アイムジャグラーEX-TP,125,287,-426,0,0,1/0.0,1/0.0,1/0.0,7.662839340963777
2023-07-26,アイムジャグラーEX-TP,126,3824,386,15,12,1/141.6,1/254.9,1/318.7,5.948804717277689
2023-07-26,アイムジャグラーEX-TP,127,670,-134,3,0,1/223.3,1/223.3,1/0.0,6.648273111059402
2023-07-26,アイムジャグラーEX-TP,128,3405,-1003,10,7,1/200.3,1/340.5,1/486.4,6.153596478950046
2023-07-26,アイムジャグラーEX-TP,129,1964,-65,7,5,1/163.7,1/280.6,1/392.8,5.8943124566629965
2023-07-26,アイムジャグラーEX-TP,130,1106,-444,3,2,1/221.2,1/368.7,1/553.0,6.283769936978788
2023-07-26,アイムジャグラーEX-TP,131,3714,67,14,11,1/148.6,1/265.3,1/337.6,6.0736758466772
2023-07-26,アイムジャグラーEX-TP,132,2975,251,12,10,1/135.2,1/247.9,1/297.5,6.254513498711781
2023-07-26,アイムジャグラーEX-TP,145,6241,919,25,22,1/132.8,1/249.6,1/283.7,5.999883347885685
2023-07-26,アイムジャグラーEX-TP,146,134,-203,0,0,1/0.0,1/0.0,1/0.0,7.894259341736594
2023-07-26,アイムジャグラーEX-TP,147,28,-43,0,0,1/0.0,1/0.0,1/0.0,8.05959494778534
2023-07-26,アイムジャグラーEX-TP,148,6676,1489,29,25,1/123.6,1/230.2,1/267.0,6.138452407877836
2023-07-26,アイムジャグラーEX-TP,149,149,-135,0,0,1/0.0,1/0.0,1/0.0,4.931332028902238
2023-07-26,アイムジャグラーEX-TP,150,1435,-532,4,1,1/287.0,1/358.8,1/1435.0,5.7518222955462655
2023-07-26,アイムジャグラーEX-TP,151,4035,1520,17,23,1/100.9,1/237.4,1/175.4,6.13714908359512
2023-07-26,アイムジャグラーEX-TP,152,378,-225,1,0,1/378.0,1/378.0,1/0.0,6.307161782203692
2023-07-26,アイムジャグラーEX-TP,153,4397,1439,19,19,1/115.7,1/231.4,1/231.4,5.889638225656807
2023-07-26,アイムジャグラーEX-TP,154,279,-384,0,0,1/0.0,1/0.0,1/0.0,6.944589641957865
2023-07-26,アイムジャグラーEX-TP,155,3103,-1309,5,13,1/172.4,1/620.6,1/238.7,6.141701057619526
2023-07-26,アイムジャグラーEX-TP,156,2573,-317,8,8,1/160.8,1/321.6,1/321.6,6.025113177524328
2023-07-26,アイムジャグラーEX-TP,157,2843,-1254,7,3,1/284.3,1/406.1,1/947.7,5.847517557053199
2023-07-26,アイムジャグラーEX-TP,158,3332,493,15,9,1/138.8,1/222.1,1/370.2,6.211547408312006
2023-07-26,アイムジャグラーEX-TP,159,1693,-633,4,5,1/188.1,1/423.2,1/338.6,6.25243583710089
2023-07-26,アイムジャグラーEX-TP,160,3632,-83,14,7,1/173.0,1/259.4,1/518.9,5.910967388239222
2023-07-26,アイムジャグラーEX-TP,161,35,-46,0,0,1/0.0,1/0.0,1/0.0,6.589599728885041
2023-07-26,アイムジャグラーEX-TP,162,7503,1528,32,33,1/115.4,1/234.5,1/227.4,6.443983672939632
2023-07-26,アイムジャグラーEX-TP,163,371,61,2,1,1/123.7,1/185.5,1/371.0,7.396760856740294
2023-07-26,アイムジャグラーEX-TP,164,4736,1245,23,12,1/135.3,1/205.9,1/394.7,6.01647653258465
2023-07-26,アイムジャグラーEX-TP,165,696,-761,0,0,1/0.0,1/0.0,1/0.0,5.575187978356736
2023-07-26,アイムジャグラーEX-TP,166,5097,94,19,16,1/145.6,1/268.3,1/318.6,6.101362849580887
2023-07-26,アイムジャグラーEX-TP,167,2160,699,10,6,1/135.0,1/216.0,1/360.0,5.617372661183487
2023-07-26,アイムジャグラーEX-TP,168,4359,-895,14,10,1/181.6,1/311.4,1/435.9,6.1655458829203145
2023-07-26,アイムジャグラーEX-TP,169,4044,-516,13,10,1/175.8,1/311.1,1/404.4,5.8931365375470826
2023-07-26,アイムジャグラーEX-TP,170,1333,355,6,4,1/133.3,1/222.2,1/333.2,5.805905402854483
2023-07-26,アイムジャグラーEX-TP,171,3822,172,17,5,1/173.7,1/224.8,1/764.4,6.009742197783791
2023-07-26,アイムジャグラーEX-TP,172,4382,2311,25,13,1/115.3,1/175.3,1/337.1,5.971452749251668
2023-07-26,アイムジャグラーEX-TP,173,4744,1791,24,19,1/110.3,1/197.7,1/249.7,6.383207664380952
2023-07-26,アイムジャグラーEX-TP,174,3323,373,13,10,1/144.5,1/255.6,1/332.3,5.835125619472863
2023-07-26,アイムジャグラーEX-TP,175,804,-497,1,3,1/201.0,1/804.0,1/268.0,6.439925745413396
2023-07-26,アイムジャグラーEX-TP,176,3300,344,14,8,1/150.0,1/235.7,1/412.5,5.989170490812522
2023-07-26,アイムジャグラーEX-TP,177,2506,355,12,3,1/167.1,1/208.8,1/835.3,5.9134806806279405
2023-07-26,アイムジャグラーEX-TP,178,2846,-1311,6,8,1/203.3,1/474.3,1/355.8,6.298029947021751
2023-07-26,マイジャグラーV,117,3755,-756,12,7,1/197.6,1/312.9,1/536.4,5.7676170822187744
2023-07-26,マイジャグラーV,118,4108,-1367,11,5,1/256.8,1/373.5,1/821.6,5.55096012118227
2023-07-26,マイジャグラーV,119,1664,-734,5,1,1/277.3,1/332.8,1/1664.0,6.091606783560598
2023-07-26,マイジャグラーV,120,8273,3478,39,34,1/113.3,1/212.1,1/243.3,5.588059746939735
2023-07-26,ファンキージャグラー2,113,4680,538,20,14,1/137.6,1/234.0,1/334.3,5.986744733135736
2023-07-26,ファンキージャグラー2,114,1498,-657,5,2,1/214.0,1/299.6,1/749.0,6.870603894206001
2023-07-26,ファンキージャグラー2,115,1313,-396,4,2,1/218.8,1/328.2,1/656.5,5.912140437425221
2023-07-26,ファンキージャグラー2,116,3052,-688,10,8,1/169.6,1/305.2,1/381.5,6.300752983335313
2023-07-26,ハッピージャグラーVIII,109,5382,-259,22,9,1/173.6,1/244.6,1/598.0,6.190409793453733
2023-07-26,ハッピージャグラーVIII,110,1398,-307,4,4,1/174.8,1/349.5,1/349.5,6.148908486274419
2023-07-26,ハッピージャグラーVIII,111,2004,-349,7,5,1/167.0,1/286.3,1/400.8,6.503534187284584
2023-07-26,ハッピージャグラーVIII,112,1682,-1086,2,5,1/240.3,1/841.0,1/336.4,6.323413462799145
2023-07-25,アイムジャグラーEX-TP,121,4503,1167,22,10,1/140.7,1/204.7,1/450.3,5.932781936390459
2023-07-25,アイムジャグラーEX-TP,122,175,-154,0,1,1/175.0,1/0.0,1/175.0,7.246151775824766
2023-07-25,アイムジャグラーEX-TP,123,6942,2590,35,19,1/128.6,1/198.3,1/365.4,5.822544836572775
2023-07-25,アイムジャグラーEX-TP,124,300,-78,1,0,1/300.0,1/300.0,1/0.0,5.591199452062454
2023-07-25,アイムジャグラーEX-TP,125,2729,324,14,6,1/136.4,1/194.9,1/454.8,6.964432345426861
2023-07-25,アイムジャグラーEX-TP,126,842,-865,0,2,1/421.0,1/0.0,1/421.0,6.275705610674602
2023-07-25,アイムジャグラーEX-TP,127,5349,263,19,19,1/140.8,1/281.5,1/281.5,5.940459075212343
2023-07-25,アイムジャグラーEX-TP,128,4555,132,17,14,1/146.9,1/267.9,1/325.4,6.029371577330595
2023-07-25,アイムジャグラーEX-TP,129,1699,-841,3,5,1/212.4,1/566.3,1/339.8,6.109819382375297
2023-07-25,アイムジャグラーEX-TP,130,2164,-477,8,3,1/196.7,1/270.5,1/721.3,6.4153340001051244
2023-07-25,アイムジャグラーEX-TP,131,1016,-482,2,2,1/254.0,1/508.0,1/508.0,5.831652141490575
2023-07-25,アイムジャグラーEX-TP,132,6340,1128,28,17,1/140.9,1/226.4,1/372.9,5.964743941492447
2023-07-25,アイムジャグラーEX-TP,145,3801,3061,26,13,1/97.5,1/146.2,1/292.4,6.205214930540527
2023-07-25,アイムジャグラーEX-TP,146,5829,149,22,19,1/142.2,1/265.0,1/306.8,6.176974221734894
2023-07-25,アイムジャグラーEX-TP,147,1103,-31,4,2,1/183.8,1/275.8,1/551.5,5.648310868282108
2023-07-25,アイムジャグラーEX-TP,148,2398,407,10,8,1/133.2,1/239.8,1/299.8,6.003608874946229
2023-07-25,アイムジャグラーEX-TP,149,3417,402,18,4,1/155.3,1/189.8,1/854.2,6.606457995397636
2023-07-25,アイムジャグラーEX-TP,150,1548,1114,10,5,1/103.2,1/154.8,1/309.6,6.073299308471699
2023-07-25,アイムジャグラーEX-TP,151,369,-440,0,0,1/0.0,1/0.0,1/0.0,5.9884359892993615
2023-07-25,アイムジャグラーEX-TP,152,5260,2555,28,20,1/109.6,1/187.9,1/263.0,6.086234303358745
2023-07-25,アイムジャグラーEX-TP,153,1435,-402,5,2,1/205.0,1/287.0,1/717.5,6.451652061280353
2023-07-25,アイムジャグラーEX-TP,154,1314,-503,3,2,1/262.8,1/438.0,1/657.0,5.6065121900465975
2023-07-25,アイムジャグラーEX-TP,155,5373,506,20,22,1/127.9,1/268.6,1/244.2,6.16685689845869
2023-07-25,アイムジャグラーEX-TP,156,662,-802,0,1,1/662.0,1/0.0,1/662.0,6.820366686403146
2023-07-25,アイムジャグラーEX-TP,157,2717,-356,9,7,1/169.8,1/301.9,1/388.1,6.062287200778043
2023-07-25,アイムジャグラーEX-TP,158,3902,-832,13,8,1/185.8,1/300.2,1/487.8,6.236645734371668
2023-07-25,アイムジャグラーEX-TP,159,2921,667,15,5,1/146.1,1/194.7,1/584.2,6.137807456664895
2023-07-25,アイムジャグラーEX-TP,160,2937,-438,9,12,1/139.9,1/326.3,1/244.8,6.556853985291349
2023-07-25,アイムジャグラーEX-TP,161,2409,-411,9,7,1/150.6,1/267.7,1/344.1,7.003612224207694
2023-07-25,アイムジャグラーEX-TP,162,3886,738,14,18,1/121.4,1/277.6,1/215.9,5.831494946798038
2023-07-25,アイムジャグラーEX-TP,163,975,-206,4,0,1/243.8,1/243.8,1/0.0,6.21954020055625
2023-07-25,アイムジャグラーEX-TP,164,1236,-160,4,3,1/176.6,1/309.0,1/412.0,5.905915610677647
2023-07-25,アイムジャグラーEX-TP,165,5383,158,21,14,1/153.8,1/256.3,1/384.5,6.016040442454684
2023-07-25,アイムジャグラーEX-TP,166,781,-652,1,1,1/390.5,1/781.0,1/781.0,6.400865993731576
2023-07-25,アイムジャグラーEX-TP,167,5012,-350,17,15,1/156.6,1/294.8,1/334.1,6.055023296617566
2023-07-25,アイムジャグラーEX-TP,168,2602,489,12,6,1/144.6,1/216.8,1/433.7,5.979566795323106
2023-07-25,アイムジャグラーEX-TP,169,2517,-631,9,3,1/209.8,1/279.7,1/839.0,6.320584252006943
2023-07-25,アイムジャグラーEX-TP,170,742,-296,2,0,1/371.0,1/371.0,1/0.0,5.508980008639149
2023-07-25,アイムジャグラーEX-TP,171,6276,-369,22,17,1/160.9,1/285.3,1/369.2,6.011504099302692
2023-07-25,アイムジャグラーEX-TP,172,1522,-533,4,2,1/253.7,1/380.5,1/761.0,5.744471851672754
2023-07-25,アイムジャグラーEX-TP,173,6852,1051,27,26,1/129.3,1/253.8,1/263.5,6.013956222734505
2023-07-25,アイムジャグラーEX-TP,174,1072,-369,4,0,1/268.0,1/268.0,1/0.0,6.417437038477325
2023-07-25,アイムジャグラーEX-TP,175,3015,-525,8,11,1/158.7,1/376.9,1/274.1,5.970097829409059
2023-07-25,アイムジャグラーEX-TP,176,3094,28,11,9,1/154.7,1/281.3,1/343.8,5.852059482345052
2023-07-25,アイムジャグラーEX-TP,177,1945,-417,5,6,1/176.8,1/389.0,1/324.2,5.821539726920401
2023-07-25,アイムジャグラーEX-TP,178,6339,511,25,20,1/140.9,1/253.6,1/316.9,6.072005944301285
2023-07-25,マイジャグラーV,117,2140,-4,9,3,1/178.3,1/237.8,1/713.3,5.759783001521161
2023-07-25,マイジャグラーV,118,1552,-1115,2,4,1/258.7,1/776.0,1/388.0,6.357781186801115
2023-07-25,マイジャグラーV,119,1171,-676,3,1,1/292.8,1/390.3,1/1171.0,6.35441478495417
2023-07-25,マイジャグラーV,120,3932,-2233,7,6,1/302.5,1/561.7,1/655.3,5.749805280548346
2023-07-25,ファンキージャグラー2,113,996,-585,2,3,1/199.2,1/498.0,1/332.0,6.81412823286257
2023-07-25,ファンキージャグラー2,114,2381,984,13,7,1/119.0,1/183.2,1/340.1,5.901169598306878
2023-07-25,ファンキージャグラー2,115,2621,658,14,4,1/145.6,1/187.2,1/655.2,5.897802126432192
2023-07-25,ファンキージャグラー2,116,5790,958,25,21,1/125.9,1/231.6,1/275.7,6.0805970537196865
2023-07-25,ハッピージャグラーVIII,109,4083,-126,15,11,1/157.0,1/272.2,1/371.2,6.1021528863917345
2023-07-25,ハッピージャグラーVIII,110,1788,-853,4,5,1/198.7,1/447.0,1/357.6,6.67015967161028
2023-07-25,ハッピージャグラーVIII,111,2425,548,13,3,1/151.6,1/186.5,1/808.3,6.140158615489183
2023-07-25,ハッピージャグラーVIII,112,3404,-347,11,9,1/170.2,1/309.5,1/378.2,5.922650772480518
2023-07-24,アイムジャグラーEX-TP,121,2440,-708,7,6,1/187.7,1/348.6,1/406.7,6.234726994975296
2023-07-24,アイムジャグラーEX-TP,122,1375,-344,5,1,1/229.2,1/275.0,1/1375.0,6.176513526564623
2023-07-24,アイムジャグラーEX-TP,123,6229,896,28,14,1/148.3,1/222.5,1/444.9,6.0209714621418335
2023-07-24,アイムジャグラーEX-TP,124,649,-320,1,1,1/324.5,1/649.0,1/649.0,5.328518345128051
2023-07-24,アイムジャグラーEX-TP,125,1213,-764,3,1,1/303.2,1/404.3,1/1213.0,6.674681420152099
2023-07-24,アイムジャグラーEX-TP,126,2046,-1091,5,3,1/255.8,1/409.2,1/682.0,6.444239813408076
2023-07-24,アイムジャグラーEX-TP,127,750,-649,1,0,1/750.0,1/750.0,1/0.0,6.0241568690448695
2023-07-24,アイムジャグラーEX-TP,128,1478,843,9,2,1/134.4,1/164.2,1/739.0,5.556111709723462
2023-07-24,アイムジャグラーEX-TP,129,1802,-1263,2,2,1/450.5,1/901.0,1/901.0,5.5445457792406785
2023-07-24,アイムジャグラーEX-TP,130,717,-314,2,1,1/239.0,1/358.5,1/717.0,6.365868009187092
2023-07-24,アイムジャグラーEX-TP,131,4973,49,19,14,1/150.7,1/261.7,1/355.2,6.106443400459147
2023-07-24,アイムジャグラーEX-TP,132,1068,-776,2,1,1/356.0,1/534.0,1/1068.0,6.441030765149222
2023-07-24,アイムジャグラーEX-TP,145,804,-553,1,2,1/268.0,1/804.0,1/402.0,6.196416698541476
2023-07-24,アイムジャグラーEX-TP,146,866,438,4,6,1/86.6,1/216.5,1/144.3,6.59165976927364
2023-07-24,アイムジャグラーEX-TP,147,4240,867,18,16,1/124.7,1/235.6,1/265.0,6.122106276010829
2023-07-24,アイムジャグラーEX-TP,148,519,97,3,0,1/173.0,1/173.0,1/0.0,6.334597852510301
2023-07-24,アイムジャグラーEX-TP,149,3937,79,13,15,1/140.6,1/302.8,1/262.5,5.900341803188817
2023-07-24,アイムジャグラーEX-TP,150,2651,447,11,8,1/139.5,1/241.0,1/331.4,5.852377605116572
2023-07-24,アイムジャグラーEX-TP,151,1348,-5,6,2,1/168.5,1/224.7,1/674.0,6.324276231624648
2023-07-24,アイムジャグラーEX-TP,152,1132,-510,3,3,1/188.7,1/377.3,1/377.3,6.899503369846658
2023-07-24,アイムジャグラーEX-TP,153,1220,-527,4,1,1/244.0,1/305.0,1/1220.0,6.697315117734134
2023-07-24,アイムジャグラーEX-TP,154,941,-70,2,4,1/156.8,1/470.5,1/235.2,5.28040167415107
2023-07-24,アイムジャグラーEX-TP,155,1911,-1079,4,3,1/273.0,1/477.8,1/637.0,6.209914813032007
2023-07-24,アイムジャグラーEX-TP,156,1483,-331,5,1,1/247.2,1/296.6,1/1483.0,5.739723398742958
2023-07-24,アイムジャグラーEX-TP,157,4772,-833,13,17,1/159.1,1/367.1,1/280.7,6.015148442947564
2023-07-24,アイムジャグラーEX-TP,158,2565,-928,6,7,1/197.3,1/427.5,1/366.4,6.065818027587531
2023-07-24,アイムジャグラーEX-TP,159,1742,-707,4,3,1/248.9,1/435.5,1/580.7,5.790781972637525
2023-07-24,アイムジャグラーEX-TP,160,452,-428,0,1,1/452.0,1/0.0,1/452.0,5.836488200544834
2023-07-24,アイムジャグラーEX-TP,161,6287,173,22,25,1/133.8,1/285.8,1/251.5,6.163878197256907
2023-07-24,アイムジャグラーEX-TP,162,2962,576,12,12,1/123.4,1/246.8,1/246.8,6.0651918435332846
2023-07-24,アイムジャグラーEX-TP,163,2731,1091,11,16,1/101.1,1/248.3,1/170.7,5.891979074779786
2023-07-24,アイムジャグラーEX-TP,164,7141,1761,32,25,1/125.3,1/223.2,1/285.6,6.081015769604151
2023-07-24,アイムジャグラーEX-TP,165,2119,-495,8,3,1/192.6,1/264.9,1/706.3,6.604434957551622
2023-07-24,アイムジャグラーEX-TP,166,1133,-472,3,1,1/283.2,1/377.7,1/1133.0,5.87203868890903
2023-07-24,アイムジャグラーEX-TP,167,4018,-799,12,12,1/167.4,1/334.8,1/334.8,6.179411603132534
2023-07-24,アイムジャグラーEX-TP,168,4588,1632,26,9,1/131.1,1/176.5,1/509.8,6.282583972013635
2023-07-24,アイムジャグラーEX-TP,169,5649,1078,28,9,1/152.7,1/201.8,1/627.7,6.051233282370073
2023-07-24,アイムジャグラーEX-TP,170,3299,1252,18,8,1/126.9,1/183.3,1/412.4,6.125668564082757
2023-07-24,アイムジャグラーEX-TP,171,5307,-879,17,14,1/171.2,1/312.2,1/379.1,6.122833736059348
2023-07-24,アイムジャグラーEX-TP,172,1771,-381,5,6,1/161.0,1/354.2,1/295.2,6.244422639307657
2023-07-24,アイムジャグラーEX-TP,173,2949,151,12,7,1/155.2,1/245.8,1/421.3,6.010293805131681
2023-07-24,アイムジャグラーEX-TP,174,3204,-598,8,11,1/168.6,1/400.5,1/291.3,5.766495691749201
2023-07-24,アイムジャグラーEX-TP,175,4457,996,22,9,1/143.8,1/202.6,1/495.2,6.0639742067897915
2023-07-24,アイムジャグラーEX-TP,176,4119,664,17,12,1/142.0,1/242.3,1/343.2,5.817899245143463
2023-07-24,アイムジャグラーEX-TP,177,1145,-186,5,0,1/229.0,1/229.0,1/0.0,6.305602541625926
2023-07-24,アイムジャグラーEX-TP,178,5619,-2805,13,5,1/312.2,1/432.2,1/1123.8,5.8690738413467445
2023-07-24,マイジャグラーV,117,4940,-483,16,15,1/159.4,1/308.8,1/329.3,5.845230196021392
2023-07-24,マイジャグラーV,118,1957,-1092,3,4,1/279.6,1/652.3,1/489.2,5.669388309829218
2023-07-24,マイジャグラーV,119,5186,-293,19,13,1/162.1,1/272.9,1/398.9,5.887888923851462
2023-07-24,マイジャグラーV,120,4144,-1913,8,14,1/188.4,1/518.0,1/296.0,6.224539694989144
2023-07-24,ファンキージャグラー2,113,1675,-179,6,3,1/186.1,1/279.2,1/558.3,5.737965527245167
2023-07-24,ファンキージャグラー2,114,1645,-624,5,1,1/274.2,1/329.0,1/1645.0,5.863974941755711
2023-07-24,ファンキージャグラー2,115,611,-444,1,0,1/611.0,1/611.0,1/0.0,5.6719437326472235
2023-07-24,ファンキージャグラー2,116,2017,855,11,4,1/134.5,1/183.4,1/504.2,5.483515318007697
2023-07-24,ハッピージャグラーVIII,109,5616,-1466,18,10,1/200.6,1/312.0,1/561.6,6.247145346021326
2023-07-24,ハッピージャグラーVIII,110,2309,637,13,3,1/144.3,1/177.6,1/769.7,6.238827602975358
2023-07-24,ハッピージャグラーVIII,111,5218,226,19,17,1/144.9,1/274.6,1/306.9,5.974519498725448
2023-07-24,ハッピージャグラーVIII,112,4478,-1265,8,19,1/165.9,1/559.8,1/235.7,5.867128088295954
2023-07-23,アイムジャグラーEX-TP,121,3724,617,16,10,1/143.2,1/232.8,1/372.4,5.8877892973334545
2023-07-23,アイムジャグラーEX-TP,122,6365,512,23,24,1/135.4,1/276.7,1/265.2,5.9625245263270745
2023-07-23,アイムジャグラーEX-TP,123,1945,-822,3,8,1/176.8,1/648.3,1/243.1,6.031399559134151
2023-07-23,アイムジャグラーEX-TP,124,4369,-398,17,8,1/174.8,1/257.0,1/546.1,6.224777203483863
2023-07-23,アイムジャグラーEX-TP,125,3632,-1452,7,11,1/201.8,1/518.9,1/330.2,5.900464300907564
2023-07-23,アイムジャグラーEX-TP,126,3841,-643,12,11,1/167.0,1/320.1,1/349.2,6.138814007664392
2023-07-23,アイムジャグラーEX-TP,127,4759,-575,15,13,1/170.0,1/317.3,1/366.1,5.902384116690542
2023-07-23,アイムジャグラーEX-TP,128,1299,-637,3,2,1/259.8,1/433.0,1/649.5,6.102037624910331
2023-07-23,アイムジャグラーEX-TP,129,5007,828,24,13,1/135.3,1/208.6,1/385.2,6.440856937298817
2023-07-23,アイムジャグラーEX-TP,130,5335,907,25,16,1/130.1,1/213.4,1/333.4,6.476148140037508
2023-07-23,アイムジャグラーEX-TP,131,3328,482,14,11,1/133.1,1/237.7,1/302.5,6.1473115661981135
2023-07-23,アイムジャグラーEX-TP,132,7351,-424,25,32,1/129.0,1/294.0,1/229.7,6.6581900869159645
2023-07-23,アイムジャグラーEX-TP,145,2956,-321,12,6,1/164.2,1/246.3,1/492.7,6.631122117318189
2023-07-23,アイムジャグラーEX-TP,146,2986,627,14,8,1/135.7,1/213.3,1/373.2,6.129743556245653
2023-07-23,アイムジャグラーEX-TP,147,4422,-341,13,18,1/142.6,1/340.2,1/245.7,6.0384252775528315
2023-07-23,アイムジャグラーEX-TP,148,2161,-446,7,5,1/180.1,1/308.7,1/432.2,6.212672218378792
2023-07-23,アイムジャグラーEX-TP,149,2217,-889,5,4,1/246.3,1/443.4,1/554.2,5.7602454877882145
2023-07-23,アイムジャグラーEX-TP,150,2415,-274,9,4,1/185.8,1/268.3,1/603.8,6.057104576098615
2023-07-23,アイムジャグラーEX-TP,151,1035,-524,3,0,1/345.0,1/345.0,1/0.0,6.183436574818238
2023-07-23,アイムジャグラーEX-TP,152,3375,54,13,9,1/153.4,1/259.6,1/375.0,6.048956218999099
2023-07-23,アイムジャグラーEX-TP,153,698,-599,1,0,1/698.0,1/698.0,1/0.0,6.105952980487981
2023-07-23,アイムジャグラーEX-TP,154,4122,1823,23,13,1/114.5,1/179.2,1/317.1,6.307894288383828
2023-07-23,アイムジャグラーEX-TP,155,1014,-290,3,3,1/169.0,1/338.0,1/338.0,6.5725908958856225
2023-07-23,アイムジャグラーEX-TP,156,6836,2347,33,24,1/119.9,1/207.2,1/284.8,6.0406398804935915
2023-07-23,アイムジャグラーEX-TP,157,3421,-778,11,5,1/213.8,1/311.0,1/684.2,5.909250358821566
2023-07-23,アイムジャグラーEX-TP,158,4519,-581,17,8,1/180.8,1/265.8,1/564.9,6.2210602479054655
2023-07-23,アイムジャグラーEX-TP,159,6372,-781,20,22,1/151.7,1/318.6,1/289.6,6.20980377546324
2023-07-23,アイムジャグラーEX-TP,160,4837,1470,24,10,1/142.3,1/201.5,1/483.7,5.760919025822756
2023-07-23,アイムジャグラーEX-TP,161,2209,-330,6,8,1/157.8,1/368.2,1/276.1,5.919159765490875
2023-07-23,アイムジャグラーEX-TP,162,4959,-947,14,13,1/183.7,1/354.2,1/381.5,5.804082476210957
2023-07-23,アイムジャグラーEX-TP,163,2795,-161,11,7,1/155.3,1/254.1,1/399.3,6.434246489882578
2023-07-23,アイムジャグラーEX-TP,164,3584,-217,13,11,1/149.3,1/275.7,1/325.8,6.328662860192561
2023-07-23,アイムジャグラーEX-TP,165,3343,-231,10,12,1/152.0,1/334.3,1/278.6,5.857623957783615
2023-07-23,アイムジャグラーEX-TP,166,5576,-1574,15,13,1/199.1,1/371.7,1/428.9,5.93435151309574
2023-07-23,アイムジャグラーEX-TP,167,5068,-337,17,18,1/144.8,1/298.1,1/281.6,6.246402818266517
2023-07-23,アイムジャグラーEX-TP,168,4577,-594,15,14,1/157.8,1/305.1,1/326.9,6.231587154205968
2023-07-23,アイムジャグラーEX-TP,169,5929,595,24,18,1/141.2,1/247.0,1/329.4,6.049298404840108
2023-07-23,アイムジャグラーEX-TP,170,2422,-226,11,1,1/201.8,1/220.2,1/2422.0,6.376639615181647
2023-07-23,アイムジャグラーEX-TP,171,7042,-1126,19,28,1/149.8,1/370.6,1/251.5,6.098501292008461
2023-07-23,アイムジャグラーEX-TP,172,2403,-1232,5,5,1/240.3,1/480.6,1/480.6,6.179258356309049
2023-07-23,アイムジャグラーEX-TP,173,3126,-929,10,4,1/223.3,1/312.6,1/781.5,6.1278673018372976
2023-07-23,アイムジャグラーEX-TP,174,5960,245,19,27,1/129.6,1/313.7,1/220.7,5.9837200647085105
2023-07-23,アイムジャグラーEX-TP,175,1975,167,10,3,1/151.9,1/197.5,1/658.3,6.688731012259004
2023-07-23,アイムジャグラーEX-TP,176,2167,-1398,4,4,1/270.9,1/541.8,1/541.8,6.432964707930339
2023-07-23,アイムジャグラーEX-TP,177,4810,1822,26,13,1/123.3,1/185.0,1/370.0,6.193994490950555
2023-07-23,アイムジャグラーEX-TP,178,5292,-1117,17,14,1/170.7,1/311.3,1/378.0,6.358552198036267
2023-07-23,マイジャグラーV,117,5488,-219,20,16,1/152.4,1/274.4,1/343.0,5.965583237180697
2023-07-23,マイジャグラーV,118,5899,2136,32,19,1/115.7,1/184.3,1/310.5,6.21123369448659
2023-07-23,マイジャグラーV,119,3895,-1124,13,6,1/205.0,1/299.6,1/649.2,6.16948540640995
2023-07-23,マイジャグラーV,120,3498,-1443,8,7,1/233.2,1/437.2,1/499.7,5.7961361470127795
2023-07-23,ファンキージャグラー2,113,2041,-1236,3,6,1/226.8,1/680.3,1/340.2,6.194640945097035
2023-07-23,ファンキージャグラー2,114,3750,40,14,12,1/144.2,1/267.9,1/312.5,5.964066499341468
2023-07-23,ファンキージャグラー2,115,3435,-590,10,10,1/171.8,1/343.5,1/343.5,5.783942592475466
2023-07-23,ファンキージャグラー2,116,969,-700,1,2,1/323.0,1/969.0,1/484.5,5.870235535628323
2023-07-23,ハッピージャグラーVIII,109,5226,-1226,18,7,1/209.0,1/290.3,1/746.6,6.192357847188758
2023-07-23,ハッピージャグラーVIII,110,1454,-761,2,4,1/242.3,1/727.0,1/363.5,5.86539779367858
2023-07-23,ハッピージャグラーVIII,111,3128,606,15,6,1/149.0,1/208.5,1/521.3,5.965654005799348
2023-07-23,ハッピージャグラーVIII,112,2661,-1140,6,7,1/204.7,1/443.5,1/380.1,6.350876436163085
2023-07-22,アイムジャグラーEX-TP,121,8258,538,31,27,1/142.4,1/266.4,1/305.9,5.975199867107156
2023-07-22,アイムジャグラーEX-TP,122,2828,-570,8,9,1/166.4,1/353.5,1/314.2,6.093450387624676
2023-07-22,アイムジャグラーEX-TP,123,2965,346,12,8,1/148.2,1/247.1,1/370.6,5.834505481877022
2023-07-22,アイムジャグラーEX-TP,124,5732,1225,23,23,1/124.6,1/249.2,1/249.2,5.918560239389033
2023-07-22,アイムジャグラーEX-TP,125,3242,950,17,6,1/141.0,1/190.7,1/540.3,6.0259334839172345
2023-07-22,アイムジャグラーEX-TP,126,2314,-778,6,6,1/192.8,1/385.7,1/385.7,6.183998377729311
2023-07-22,アイムジャグラーEX-TP,127,5882,-1596,15,20,1/168.1,1/392.1,1/294.1,6.19008987238049
2023-07-22,アイムジャグラーEX-TP,128,2844,-699,8,9,1/167.3,1/355.5,1/316.0,6.277639742545253
2023-07-22,アイムジャグラーEX-TP,129,5607,-835,17,21,1/147.6,1/329.8,1/267.0,6.344742697769205
2023-07-22,アイムジャグラーEX-TP,130,9192,-505,30,30,1/153.2,1/306.4,1/306.4,5.959003920080682
2023-07-22,アイムジャグラーEX-TP,131,1774,416,8,4,1/147.8,1/221.8,1/443.5,5.653643400298732
2023-07-22,アイムジャグラーEX-TP,132,7418,667,31,22,1/140.0,1/239.3,1/337.2,6.221961802338103
2023-07-22,アイムジャグラーEX-TP,145,1887,-711,5,5,1/188.7,1/377.4,1/377.4,6.486096757714692
2023-07-22,アイムジャグラーEX-TP,146,2541,-118,9,5,1/181.5,1/282.3,1/508.2,5.695775133577246
2023-07-22,アイムジャグラーEX-TP,147,2413,-15,9,7,1/150.8,1/268.1,1/344.7,6.113046726274741
2023-07-22,アイムジャグラーEX-TP,148,4264,679,19,11,1/142.1,1/224.4,1/387.6,6.050097245664851
2023-07-22,アイムジャグラーEX-TP,149,1169,-827,1,3,1/292.2,1/1169.0,1/389.7,5.875825757086829
2023-07-22,アイムジャグラーEX-TP,150,4643,309,16,19,1/132.7,1/290.2,1/244.4,5.973394631537977
2023-07-22,アイムジャグラーEX-TP,151,1171,-802,2,1,1/390.3,1/585.5,1/1171.0,6.001616797638754
2023-07-22,アイムジャグラーEX-TP,152,2863,-744,9,6,1/190.9,1/318.1,1/477.2,6.254795825921103
2023-07-22,アイムジャグラーEX-TP,153,2595,708,13,5,1/144.2,1/199.6,1/519.0,5.886872682256558
2023-07-22,アイムジャグラーEX-TP,154,4065,-199,18,5,1/176.7,1/225.8,1/813.0,6.401737618996137
2023-07-22,アイムジャグラーEX-TP,155,4326,731,21,9,1/144.2,1/206.0,1/480.7,6.252560608573316
2023-07-22,アイムジャグラーEX-TP,156,3442,-1628,6,8,1/245.9,1/573.7,1/430.2,5.730724096802418
2023-07-22,アイムジャグラーEX-TP,157,5698,932,26,14,1/142.4,1/219.2,1/407.0,6.100342475667578
2023-07-22,アイムジャグラーEX-TP,158,2296,13,11,2,1/176.6,1/208.7,1/1148.0,6.413916813901349
2023-07-22,アイムジャグラーEX-TP,159,2252,-728,5,7,1/187.7,1/450.4,1/321.7,5.92090781924762
2023-07-22,アイムジャグラーEX-TP,160,5463,406,23,14,1/147.6,1/237.5,1/390.2,6.150328275882628
2023-07-22,アイムジャグラーEX-TP,161,3912,-307,14,10,1/163.0,1/279.4,1/391.2,6.119925381965006
2023-07-22,アイムジャグラーEX-TP,162,3209,-238,12,9,1/152.8,1/267.4,1/356.6,6.412983635940295
2023-07-22,アイムジャグラーEX-TP,163,2998,-720,7,9,1/187.4,1/428.3,1/333.1,5.651401072431583
2023-07-22,アイムジャグラーEX-TP,164,2866,-547,10,6,1/179.1,1/286.6,1/477.7,6.342172276767263
2023-07-22,アイムジャグラーEX-TP,165,2909,-26,11,8,1/153.1,1/264.5,1/363.6,6.119165628522556
2023-07-22,アイムジャグラーEX-TP,166,7224,-157,27,22,1/147.4,1/267.6,1/328.4,6.262452356404174
2023-07-22,アイムジャグラーEX-TP,167,3086,-533,10,8,1/171.4,1/308.6,1/385.8,6.179886276475135
2023-07-22,アイムジャグラーEX-TP,168,6750,-214,21,23,1/153.4,1/321.4,1/293.5,5.75376445366941
2023-07-22,アイムジャグラーEX-TP,169,6871,1813,32,21,1/129.6,1/214.7,1/327.2,6.010823559023589
2023-07-22,アイムジャグラーEX-TP,170,5370,1350,27,14,1/131.0,1/198.9,1/383.6,6.308529007867511
2023-07-22,アイムジャグラーEX-TP,171,3383,-732,10,10,1/169.2,1/338.3,1/338.3,6.212602264611975
2023-07-22,アイムジャグラーEX-TP,172,5357,573,17,26,1/124.6,1/315.1,1/206.0,5.815351274627407
2023-07-22,アイムジャグラーEX-TP,173,2313,-212,9,4,1/177.9,1/257.0,1/578.2,6.180868238025263
2023-07-22,アイムジャグラーEX-TP,174,2074,-657,6,4,1/207.4,1/345.7,1/518.5,6.149203393530101
2023-07-22,アイムジャグラーEX-TP,175,4108,-295,14,11,1/164.3,1/293.4,1/373.5,5.947063577280057
2023-07-22,アイムジャグラーEX-TP,176,4438,-1717,10,10,1/221.9,1/443.8,1/443.8,5.879426553747763
2023-07-22,アイムジャグラーEX-TP,177,3625,-67,12,11,1/157.6,1/302.1,1/329.5,5.759213251751099
2023-07-22,アイムジャグラーEX-TP,178,2960,-1684,4,9,1/227.7,1/740.0,1/328.9,6.013850344318329
2023-07-22,マイジャグラーV,117,5371,-142,20,16,1/149.2,1/268.6,1/335.7,6.017525471545447
2023-07-22,マイジャグラーV,118,5955,-569,21,19,1/148.9,1/283.6,1/313.4,6.214205259726028
2023-07-22,マイジャグラーV,119,3448,-1863,9,3,1/287.3,1/383.1,1/1149.3,6.236113998117192
2023-07-22,マイジャグラーV,120,7239,1839,37,16,1/136.6,1/195.6,1/452.4,5.9207116175185694
2023-07-22,ファンキージャグラー2,113,1750,95,7,5,1/145.8,1/250.0,1/350.0,5.909105298146018
2023-07-22,ファンキージャグラー2,114,3138,357,14,7,1/149.4,1/224.1,1/448.3,5.871167446004273
2023-07-22,ファンキージャグラー2,115,4255,-462,13,14,1/157.6,1/327.3,1/303.9,5.814958091388626
2023-07-22,ファンキージャグラー2,116,1373,-529,4,2,1/228.8,1/343.2,1/686.5,6.117839366725649
2023-07-22,ハッピージャグラーVIII,109,3609,-83,15,6,1/171.9,1/240.6,1/601.5,6.144674784382507
2023-07-22,ハッピージャグラーVIII,110,1424,-779,3,4,1/203.4,1/474.7,1/356.0,6.89986331099438
2023-07-22,ハッピージャグラーVIII,111,1719,-189,7,2,1/191.0,1/245.6,1/859.5,6.23578532737669
2023-07-22,ハッピージャグラーVIII,112,4070,-667,15,7,1/185.0,1/271.3,1/581.4,6.307118307476279
2023-07-20,アイムジャグラーEX-TP,121,3114,536,14,6,1/155.7,1/222.4,1/519.0,5.76641508011243
2023-07-20,アイムジャグラーEX-TP,122,6390,-304,23,20,1/148.6,1/277.8,1/319.5,6.25840544741796
2023-07-20,アイムジャグラーEX-TP,123,714,-556,1,1,1/357.0,1/714.0,1/714.0,6.327540059797912
2023-07-20,アイムジャグラーEX-TP,124,1059,341,6,0,1/176.5,1/176.5,1/0.0,5.606916700913509
2023-07-20,アイムジャグラーEX-TP,125,3530,-618,9,12,1/168.1,1/392.2,1/294.2,5.76006835063543
2023-07-20,アイムジャグラーEX-TP,126,2234,-547,6,8,1/159.6,1/372.3,1/279.2,6.311253982884353
2023-07-20,アイムジャグラーEX-TP,127,1127,-587,2,2,1/281.8,1/563.5,1/563.5,5.7448097402611955
2023-07-20,アイムジャグラーEX-TP,128,4734,428,20,13,1/143.5,1/236.7,1/364.2,6.174295832581164
2023-07-20,アイムジャグラーEX-TP,129,1274,-905,1,4,1/254.8,1/1274.0,1/318.5,6.052868720071499
2023-07-20,アイムジャグラーEX-TP,130,5574,1333,24,22,1/121.2,1/232.2,1/253.4,6.108195539316518
2023-07-20,アイムジャグラーEX-TP,131,1155,80,6,2,1/144.4,1/192.5,1/577.5,7.095631916705267
2023-07-20,アイムジャグラーEX-TP,132,1865,-760,5,3,1/233.1,1/373.0,1/621.7,6.1823627962976095
2023-07-20,アイムジャグラーEX-TP,145,1520,-336,4,4,1/190.0,1/380.0,1/380.0,5.733019324801192
2023-07-20,アイムジャグラーEX-TP,146,1492,-305,4,5,1/165.8,1/373.0,1/298.4,6.0100600832796145
2023-07-20,アイムジャグラーEX-TP,147,370,-291,0,1,1/370.0,1/0.0,1/370.0,5.3893789905984475
2023-07-20,アイムジャグラーEX-TP,148,5754,1096,24,20,1/130.8,1/239.8,1/287.7,5.97123867898185
2023-07-20,アイムジャグラーEX-TP,149,439,-277,0,2,1/219.5,1/0.0,1/219.5,5.466722355009198
2023-07-20,アイムジャグラーEX-TP,150,1431,-606,4,2,1/238.5,1/357.8,1/715.5,6.302139635860522
2023-07-20,アイムジャグラーEX-TP,151,464,-170,1,1,1/232.0,1/464.0,1/464.0,5.653017310172531
2023-07-20,アイムジャグラーEX-TP,152,2794,-831,6,11,1/164.4,1/465.7,1/254.0,6.077420640012428
2023-07-20,アイムジャグラーEX-TP,153,4274,263,16,15,1/137.9,1/267.1,1/284.9,6.083672185381021
2023-07-20,アイムジャグラーEX-TP,154,308,-174,0,2,1/154.0,1/0.0,1/154.0,5.948493003374804
2023-07-20,アイムジャグラーEX-TP,155,1358,-302,4,2,1/226.3,1/339.5,1/679.0,5.611690365934279
2023-07-20,アイムジャグラーEX-TP,156,824,-633,2,1,1/274.7,1/412.0,1/824.0,7.731774242326002
2023-07-20,アイムジャグラーEX-TP,157,3235,-1049,8,9,1/190.3,1/404.4,1/359.4,6.071034101664767
2023-07-20,アイムジャグラーEX-TP,158,4027,-383,13,11,1/167.8,1/309.8,1/366.1,5.87396075966664
2023-07-20,アイムジャグラーEX-TP,159,3659,496,16,9,1/146.4,1/228.7,1/406.6,6.010834516896055
2023-07-20,アイムジャグラーEX-TP,160,3325,1114,19,5,1/138.5,1/175.0,1/665.0,6.228539636927653
2023-07-20,アイムジャグラーEX-TP,161,2344,266,11,4,1/156.3,1/213.1,1/586.0,6.152973688346265
2023-07-20,アイムジャグラーEX-TP,162,4433,203,17,11,1/158.3,1/260.8,1/403.0,5.821364452187938
2023-07-20,アイムジャグラーEX-TP,163,1816,-1111,3,6,1/201.8,1/605.3,1/302.7,6.740971024255284
2023-07-20,アイムジャグラーEX-TP,164,1563,-219,5,4,1/173.7,1/312.6,1/390.8,5.967031976534102
2023-07-20,アイムジャグラーEX-TP,165,4435,-368,18,7,1/177.4,1/246.4,1/633.6,6.273151695770106
2023-07-20,アイムジャグラーEX-TP,166,1503,-607,3,4,1/214.7,1/501.0,1/375.8,5.841671577803622
2023-07-20,アイムジャグラーEX-TP,167,550,351,4,0,1/137.5,1/137.5,1/0.0,5.973585889304022
2023-07-20,アイムジャグラーEX-TP,168,6064,885,24,25,1/123.8,1/252.7,1/242.6,6.215118684117525
2023-07-20,アイムジャグラーEX-TP,169,2307,-1478,2,7,1/256.3,1/1153.5,1/329.6,5.793599732273914
2023-07-20,アイムジャグラーEX-TP,170,3906,1750,21,16,1/105.6,1/186.0,1/244.1,6.47577563370546
2023-07-20,アイムジャグラーEX-TP,171,1468,-688,3,3,1/244.7,1/489.3,1/489.3,5.919134780553723
2023-07-20,アイムジャグラーEX-TP,172,2117,-707,4,7,1/192.5,1/529.2,1/302.4,5.695255206753233
2023-07-20,アイムジャグラーEX-TP,173,3836,498,16,12,1/137.0,1/239.8,1/319.7,6.096587621028229
2023-07-20,アイムジャグラーEX-TP,174,6991,-525,22,25,1/148.7,1/317.8,1/279.6,6.051677447340645
2023-07-20,アイムジャグラーEX-TP,175,2416,-543,8,5,1/185.8,1/302.0,1/483.2,6.277013925747654
2023-07-20,アイムジャグラーEX-TP,176,1530,-541,4,4,1/191.2,1/382.5,1/382.5,6.304957179862709
2023-07-20,アイムジャグラーEX-TP,177,2503,-1237,5,6,1/227.5,1/500.6,1/417.2,6.1354901039545195
2023-07-20,アイムジャグラーEX-TP,178,6087,-1612,14,21,1/173.9,1/434.8,1/289.9,5.895303991829749
2023-07-20,マイジャグラーV,117,8213,1481,37,29,1/124.4,1/222.0,1/283.2,6.169538615030358
2023-07-20,マイジャグラーV,118,4429,1035,21,11,1/138.4,1/210.9,1/402.6,5.741958005119265
2023-07-20,マイジャグラーV,119,5027,343,19,15,1/147.9,1/264.6,1/335.1,5.672634985540981
2023-07-20,マイジャグラーV,120,6348,848,31,11,1/151.1,1/204.8,1/577.1,6.011858618416268
2023-07-20,ファンキージャグラー2,113,1269,-422,4,2,1/211.5,1/317.2,1/634.5,6.192432776390533
2023-07-20,ファンキージャグラー2,114,2745,569,15,3,1/152.5,1/183.0,1/915.0,6.039966923204818
2023-07-20,ファンキージャグラー2,115,2416,1036,15,4,1/127.2,1/161.1,1/604.0,6.086429567149302
2023-07-20,ファンキージャグラー2,116,1314,-981,1,4,1/262.8,1/1314.0,1/328.5,6.106438144604777
2023-07-20,ハッピージャグラーVIII,109,5006,-286,18,12,1/166.9,1/278.1,1/417.2,6.006555676772553
2023-07-20,ハッピージャグラーVIII,110,907,-491,2,1,1/302.3,1/453.5,1/907.0,6.130801184015203
2023-07-20,ハッピージャグラーVIII,111,4325,94,18,13,1/139.5,1/240.3,1/332.7,6.574700041186884
2023-07-20,ハッピージャグラーVIII,112,1559,-362,5,3,1/194.9,1/311.8,1/519.7,6.176741270759522
2023-07-19,アイムジャグラーEX-TP,121,2138,-409,7,4,1/194.4,1/305.4,1/534.5,5.987122310384013
2023-07-19,アイムジャグラーEX-TP,122,1187,-211,3,5,1/148.4,1/395.7,1/237.4,6.086727508644486
2023-07-19,アイムジャグラーEX-TP,123,3882,-1283,11,11,1/176.5,1/352.9,1/352.9,6.579050168867373
2023-07-19,アイムジャグラーEX-TP,124,1871,894,10,8,1/103.9,1/187.1,1/233.9,6.369397696000597
2023-07-19,アイムジャグラーEX-TP,125,4353,884,20,11,1/140.4,1/217.7,1/395.7,5.9865632804287365
2023-07-19,アイムジャグラーEX-TP,126,1277,482,7,4,1/116.1,1/182.4,1/319.2,6.50321776872612
2023-07-19,アイムジャグラーEX-TP,127,1718,-678,4,7,1/156.2,1/429.5,1/245.4,6.893010723847574
2023-07-19,アイムジャグラーEX-TP,128,4471,-1482,9,16,1/178.8,1/496.8,1/279.4,5.924925927493087
2023-07-19,アイムジャグラーEX-TP,129,3651,-405,12,11,1/158.7,1/304.2,1/331.9,6.132081199638645
2023-07-19,アイムジャグラーEX-TP,130,746,-432,2,0,1/373.0,1/373.0,1/0.0,6.271366571127805
2023-07-19,アイムジャグラーEX-TP,131,5379,2654,27,27,1/99.6,1/199.2,1/199.2,6.23802855753006
2023-07-19,アイムジャグラーEX-TP,132,1007,-281,2,2,1/251.8,1/503.5,1/503.5,5.124622472573855
2023-07-19,アイムジャグラーEX-TP,145,724,-723,0,1,1/724.0,1/0.0,1/724.0,5.721885841896865
2023-07-19,アイムジャグラーEX-TP,146,519,216,3,1,1/129.8,1/173.0,1/519.0,6.113091485770983
2023-07-19,アイムジャグラーEX-TP,147,6965,1517,28,27,1/126.6,1/248.8,1/258.0,5.852941914236376
2023-07-19,アイムジャグラーEX-TP,148,49,-66,0,0,1/0.0,1/0.0,1/0.0,6.771734503783879
2023-07-19,アイムジャグラーEX-TP,149,1525,1318,12,2,1/108.9,1/127.1,1/762.5,6.198594849678994
2023-07-19,アイムジャグラーEX-TP,150,3540,-218,12,14,1/136.2,1/295.0,1/252.9,6.4602182860310915
2023-07-19,アイムジャグラーEX-TP,151,4089,1438,19,17,1/113.6,1/215.2,1/240.5,6.076569591746066
2023-07-19,アイムジャグラーEX-TP,152,2365,504,10,8,1/131.4,1/236.5,1/295.6,5.895960357207944
2023-07-19,アイムジャグラーEX-TP,153,1304,319,5,6,1/118.5,1/260.8,1/217.3,5.833866948732345
2023-07-19,アイムジャグラーEX-TP,154,786,559,6,0,1/131.0,1/131.0,1/0.0,6.053374124551946
2023-07-19,アイムジャグラーEX-TP,155,1834,-168,5,9,1/131.0,1/366.8,1/203.8,6.228987779975848
2023-07-19,アイムジャグラーEX-TP,156,2559,-577,6,9,1/170.6,1/426.5,1/284.3,5.802357816101353
2023-07-19,アイムジャグラーEX-TP,157,3248,380,14,9,1/141.2,1/232.0,1/360.9,6.16138538750438
2023-07-19,アイムジャグラーEX-TP,158,484,-182,1,1,1/242.0,1/484.0,1/484.0,5.5695651343381405
2023-07-19,アイムジャグラーEX-TP,159,629,-633,1,0,1/629.0,1/629.0,1/0.0,7.126839962559731
2023-07-19,アイムジャグラーEX-TP,160,2218,-922,5,6,1/201.6,1/443.6,1/369.7,6.208398933689289
2023-07-19,アイムジャグラーEX-TP,161,690,-594,1,2,1/230.0,1/690.0,1/345.0,7.787911468376844
2023-07-19,アイムジャグラーEX-TP,162,1383,-266,4,4,1/172.9,1/345.8,1/345.8,5.997831933376622
2023-07-19,アイムジャグラーEX-TP,163,4655,1073,19,17,1/129.3,1/245.0,1/273.8,5.774243574091793
2023-07-19,アイムジャグラーEX-TP,164,2552,59,12,3,1/170.1,1/212.7,1/850.7,6.359089247849065
2023-07-19,アイムジャグラーEX-TP,165,830,-234,3,1,1/207.5,1/276.7,1/830.0,6.538614853527149
2023-07-19,アイムジャグラーEX-TP,166,2066,1391,14,3,1/121.5,1/147.6,1/688.7,5.879216142836382
2023-07-19,アイムジャグラーEX-TP,167,884,-34,4,2,1/147.3,1/221.0,1/442.0,7.0330727860976845
2023-07-19,アイムジャグラーEX-TP,168,5843,-1970,16,11,1/216.4,1/365.2,1/531.2,6.043005535498561
2023-07-19,アイムジャグラーEX-TP,169,6649,692,27,20,1/141.5,1/246.3,1/332.4,6.034910390929405
2023-07-19,アイムジャグラーEX-TP,170,397,369,3,0,1/132.3,1/132.3,1/0.0,5.130913911406823
2023-07-19,アイムジャグラーEX-TP,171,853,-244,3,1,1/213.2,1/284.3,1/853.0,6.4156022633462575
2023-07-19,アイムジャグラーEX-TP,172,4417,-319,14,14,1/157.8,1/315.5,1/315.5,5.891700382879158
2023-07-19,アイムジャグラーEX-TP,173,476,39,2,1,1/158.7,1/238.0,1/476.0,5.9063454623942615
2023-07-19,アイムジャグラーEX-TP,174,5228,358,19,20,1/134.1,1/275.2,1/261.4,6.063815956365671
2023-07-19,アイムジャグラーEX-TP,175,1121,550,6,5,1/101.9,1/186.8,1/224.2,6.403442344370503
2023-07-19,アイムジャグラーEX-TP,176,2865,622,12,9,1/136.4,1/238.8,1/318.3,5.739489097324607
2023-07-19,アイムジャグラーEX-TP,177,1359,1223,11,1,1/113.2,1/123.5,1/1359.0,6.040044025209784
2023-07-19,アイムジャグラーEX-TP,178,5437,1075,23,22,1/120.8,1/236.4,1/247.1,6.260916371764302
2023-07-19,マイジャグラーV,117,3677,-1124,10,10,1/183.8,1/367.7,1/367.7,6.0830163694619825
2023-07-19,マイジャグラーV,118,5718,194,19,23,1/136.1,1/300.9,1/248.6,5.77060589648796
2023-07-19,マイジャグラーV,119,2873,-496,11,3,1/205.2,1/261.2,1/957.7,5.959479444656273
2023-07-19,マイジャグラーV,120,5561,1752,27,20,1/118.3,1/206.0,1/278.1,5.96391675127759
2023-07-19,ファンキージャグラー2,113,4464,1642,29,8,1/120.6,1/153.9,1/558.0,6.8284721897697285
2023-07-19,ファンキージャグラー2,114,1024,-122,4,2,1/170.7,1/256.0,1/512.0,6.206583463697851
2023-07-19,ファンキージャグラー2,115,1972,-695,5,4,1/219.1,1/394.4,1/493.0,5.812080580429971
2023-07-19,ファンキージャグラー2,116,583,-574,0,1,1/583.0,1/0.0,1/583.0,5.79391765357267
2023-07-19,ハッピージャグラーVIII,109,1286,2,6,2,1/160.8,1/214.3,1/643.0,6.586150212110142
2023-07-19,ハッピージャグラーVIII,110,6715,2230,32,25,1/117.8,1/209.8,1/268.6,6.089105075544518
2023-07-19,ハッピージャグラーVIII,111,529,-132,1,3,1/132.2,1/529.0,1/176.3,6.478092734387329
2023-07-19,ハッピージャグラーVIII,112,1376,216,7,2,1/152.9,1/196.6,1/688.0,6.255992863803487
2023-07-18,アイムジャグラーEX-TP,121,6357,301,25,18,1/147.8,1/254.3,1/353.2,6.070343043517216
2023-07-18,アイムジャグラーEX-TP,122,7822,166,30,24,1/144.9,1/260.7,1/325.9,6.183998641828824
2023-07-18,アイムジャグラーEX-TP,123,3222,921,14,17,1/103.9,1/230.1,1/189.5,6.557949220590177
2023-07-18,アイムジャグラーEX-TP,124,3428,-1442,9,8,1/201.6,1/380.9,1/428.5,6.526678550628795
2023-07-18,アイムジャグラーEX-TP,125,5210,-1975,13,12,1/208.4,1/400.8,1/434.2,6.139978667993498
2023-07-18,アイムジャグラーEX-TP,126,3280,-168,11,9,1/164.0,1/298.2,1/364.4,5.826075310549352
2023-07-18,アイムジャグラーEX-TP,127,6392,381,24,22,1/139.0,1/266.3,1/290.5,6.0756691900020865
2023-07-18,アイムジャグラーEX-TP,128,2267,298,9,7,1/141.7,1/251.9,1/323.9,5.847113383034055
2023-07-18,アイムジャグラーEX-TP,129,5716,-675,20,12,1/178.6,1/285.8,1/476.3,6.00982237967854
2023-07-18,アイムジャグラーEX-TP,130,6748,399,25,29,1/125.0,1/269.9,1/232.7,6.413988837416237
2023-07-18,アイムジャグラーEX-TP,131,871,-765,1,1,1/435.5,1/871.0,1/871.0,6.388752743826271
2023-07-18,アイムジャグラーEX-TP,132,5042,269,22,11,1/152.8,1/229.2,1/458.4,6.2618571811461265
2023-07-18,アイムジャグラーEX-TP,145,5052,346,21,19,1/126.3,1/240.6,1/265.9,6.699073989601424
2023-07-18,アイムジャグラーEX-TP,146,3863,-389,12,16,1/138.0,1/321.9,1/241.4,6.386575250190737
2023-07-18,アイムジャグラーEX-TP,147,1177,-561,2,4,1/196.2,1/588.5,1/294.2,6.148892640334499
2023-07-18,アイムジャグラーEX-TP,148,7966,371,30,23,1/150.3,1/265.5,1/346.3,5.9098533406017255
2023-07-18,アイムジャグラーEX-TP,149,5434,-1284,16,14,1/181.1,1/339.6,1/388.1,6.1216176851259325
2023-07-18,アイムジャグラーEX-TP,150,2022,104,8,6,1/144.4,1/252.8,1/337.0,6.139451538685619
2023-07-18,アイムジャグラーEX-TP,151,2444,530,10,9,1/128.6,1/244.4,1/271.6,5.854831653107645
2023-07-18,アイムジャグラーEX-TP,152,2666,-1927,3,6,1/296.2,1/888.7,1/444.3,6.114238701942994
2023-07-18,アイムジャグラーEX-TP,153,885,186,5,1,1/147.5,1/177.0,1/885.0,6.604088266438023
2023-07-18,アイムジャグラーEX-TP,154,7396,2437,36,27,1/117.4,1/205.4,1/273.9,6.21531882976303
2023-07-18,アイムジャグラーEX-TP,155,3089,354,12,10,1/140.4,1/257.4,1/308.9,5.888744179265192
2023-07-18,アイムジャグラーEX-TP,156,7224,835,28,28,1/129.0,1/258.0,1/258.0,6.149665910716317
2023-07-18,アイムジャグラーEX-TP,157,6629,-423,25,19,1/150.7,1/265.2,1/348.9,6.431057453664469
2023-07-18,アイムジャグラーEX-TP,158,3428,294,13,13,1/131.8,1/263.7,1/263.7,6.153596276191064
2023-07-18,アイムジャグラーEX-TP,159,4393,-1184,12,12,1/183.0,1/366.1,1/366.1,6.0961925620844415
2023-07-18,アイムジャグラーEX-TP,160,2856,260,12,8,1/142.8,1/238.0,1/357.0,6.168663173797938
2023-07-18,アイムジャグラーEX-TP,161,4641,250,18,15,1/140.6,1/257.8,1/309.4,6.154475423532606
2023-07-18,アイムジャグラーEX-TP,162,4308,-1283,12,11,1/187.3,1/359.0,1/391.6,6.213925461771614
2023-07-18,アイムジャグラーEX-TP,163,3797,-795,12,8,1/189.8,1/316.4,1/474.6,6.041331041584024
2023-07-18,アイムジャグラーEX-TP,164,3432,-788,11,7,1/190.7,1/312.0,1/490.3,6.157856655360157
2023-07-18,アイムジャグラーEX-TP,165,6707,-239,23,23,1/145.8,1/291.6,1/291.6,6.132855667361223
2023-07-18,アイムジャグラーEX-TP,166,4622,1142,20,15,1/132.1,1/231.1,1/308.1,5.800934834077764
2023-07-18,アイムジャグラーEX-TP,167,7299,3112,37,28,1/112.3,1/197.3,1/260.7,6.080626609613466
2023-07-18,アイムジャグラーEX-TP,168,4363,-1488,10,11,1/207.8,1/436.3,1/396.6,5.834047724489389
2023-07-18,アイムジャグラーEX-TP,169,6882,609,28,17,1/152.9,1/245.8,1/404.8,5.885416382048803
2023-07-18,アイムジャグラーEX-TP,170,7111,1436,29,21,1/142.2,1/245.2,1/338.6,5.61669094457829
2023-07-18,アイムジャグラーEX-TP,171,6852,1066,29,22,1/134.4,1/236.3,1/311.5,6.085055812492469
2023-07-18,アイムジャグラーEX-TP,172,3811,1448,20,11,1/122.9,1/190.6,1/346.5,6.084606298910252
2023-07-18,アイムジャグラーEX-TP,173,2938,-701,7,8,1/195.9,1/419.7,1/367.2,5.587603978549003
2023-07-18,アイムジャグラーEX-TP,174,6636,-879,17,28,1/147.5,1/390.4,1/237.0,5.924549363964004
2023-07-18,アイムジャグラーEX-TP,175,1983,108,9,3,1/165.2,1/220.3,1/661.0,6.161593714391395
2023-07-18,アイムジャグラーEX-TP,176,7371,1496,31,25,1/131.6,1/237.8,1/294.8,5.919146720349443
2023-07-18,アイムジャグラーEX-TP,177,3086,1168,15,11,1/118.7,1/205.7,1/280.5,5.9433367741517005
2023-07-18,アイムジャグラーEX-TP,178,6551,-371,23,21,1/148.9,1/284.8,1/312.0,6.229388862624849
2023-07-18,マイジャグラーV,117,5634,-940,15,20,1/161.0,1/375.6,1/281.7,5.761284033754528
2023-07-18,マイジャグラーV,118,5883,-455,20,19,1/150.8,1/294.1,1/309.6,6.005084884479036
2023-07-18,マイジャグラーV,119,6354,340,21,27,1/132.4,1/302.6,1/235.3,5.761313762333035
2023-07-18,マイジャグラーV,120,6906,483,29,18,1/146.9,1/238.1,1/383.7,5.936757427811645
2023-07-18,ファンキージャグラー2,113,2507,-1908,5,1,1/417.8,1/501.4,1/2507.0,6.3873610252950135
2023-07-18,ファンキージャグラー2,114,3380,-606,12,9,1/161.0,1/281.7,1/375.6,6.418601029824657
2023-07-18,ファンキージャグラー2,115,3605,-341,13,9,1/163.9,1/277.3,1/400.6,5.999005504669978
2023-07-18,ファンキージャグラー2,116,6807,-716,25,13,1/179.1,1/272.3,1/523.6,5.86977272814729
2023-07-18,ハッピージャグラーVIII,109,5623,-15,17,22,1/144.2,1/330.8,1/255.6,5.803318612215771
2023-07-18,ハッピージャグラーVIII,110,6042,1817,30,19,1/123.3,1/201.4,1/318.0,6.201954133921405
2023-07-18,ハッピージャグラーVIII,111,5088,-1157,18,9,1/188.4,1/282.7,1/565.3,6.474449655873075
2023-07-18,ハッピージャグラーVIII,112,3383,-1073,10,5,1/225.5,1/338.3,1/676.6,6.092264262812502
2023-07-17,アイムジャグラーEX-TP,121,2936,-1341,6,8,1/209.7,1/489.3,1/367.0,6.160548510395736
2023-07-17,アイムジャグラーEX-TP,122,6841,962,30,21,1/134.1,1/228.0,1/325.8,6.275796208044856
2023-07-17,アイムジャグラーEX-TP,123,2318,-318,8,8,1/144.9,1/289.8,1/289.8,6.693024517143613
2023-07-17,アイムジャグラーEX-TP,124,3144,-749,10,5,1/209.6,1/314.4,1/628.8,5.972519457752223
2023-07-17,アイムジャグラーEX-TP,125,4206,535,18,15,1/127.5,1/233.7,1/280.4,6.448615854282378
2023-07-17,アイムジャグラーEX-TP,126,6180,2482,32,22,1/114.4,1/193.1,1/280.9,6.202081269945386
2023-07-17,アイムジャグラーEX-TP,127,3019,-1140,7,8,1/201.3,1/431.3,1/377.4,6.080184196350597
2023-07-17,アイムジャグラーEX-TP,128,4467,-413,13,16,1/154.0,1/343.6,1/279.2,5.867252486499441
2023-07-17,アイムジャグラーEX-TP,129,2983,-1471,7,5,1/248.6,1/426.1,1/596.6,6.221098378610334
2023-07-17,アイムジャグラーEX-TP,130,6833,1965,31,24,1/124.2,1/220.4,1/284.7,5.963609657633385
2023-07-17,アイムジャグラーEX-TP,131,2856,230,12,7,1/150.3,1/238.0,1/408.0,6.06187326019621
2023-07-17,アイムジャグラーEX-TP,132,6098,-763,18,25,1/141.8,1/338.8,1/243.9,6.293941930200886
2023-07-17,アイムジャグラーEX-TP,145,2760,-1668,4,7,1/250.9,1/690.0,1/394.3,6.068579566498933
2023-07-17,アイムジャグラーEX-TP,146,2284,-112,8,7,1/152.3,1/285.5,1/326.3,6.1193605932629005
2023-07-17,アイムジャグラーEX-TP,147,3114,349,13,9,1/141.5,1/239.5,1/346.0,6.0780418227832715
2023-07-17,アイムジャグラーEX-TP,148,3120,289,14,5,1/164.2,1/222.9,1/624.0,5.966141572906298
2023-07-17,アイムジャグラーEX-TP,149,1416,-830,3,3,1/236.0,1/472.0,1/472.0,6.62223347544634
2023-07-17,アイムジャグラーEX-TP,150,4082,885,16,17,1/123.7,1/255.1,1/240.1,5.866678677884028
2023-07-17,アイムジャグラーEX-TP,151,3087,-943,10,7,1/181.6,1/308.7,1/441.0,6.705997075212069
2023-07-17,アイムジャグラーEX-TP,152,1695,-411,5,4,1/188.3,1/339.0,1/423.8,6.061005901703358
2023-07-17,アイムジャグラーEX-TP,153,4726,-199,18,8,1/181.8,1/262.6,1/590.8,5.847797351524413
2023-07-17,アイムジャグラーEX-TP,154,5094,-211,18,16,1/149.8,1/283.0,1/318.4,6.1542531289496285
2023-07-17,アイムジャグラーEX-TP,155,1170,-309,4,3,1/167.1,1/292.5,1/390.0,6.890538495583429
2023-07-17,アイムジャグラーEX-TP,156,6147,1505,28,18,1/133.6,1/219.5,1/341.5,5.926902233341996
2023-07-17,アイムジャグラーEX-TP,157,5927,926,26,14,1/148.2,1/228.0,1/423.4,5.893588773754483
2023-07-17,アイムジャグラーEX-TP,158,2376,1251,14,5,1/125.1,1/169.7,1/475.2,5.8225691159906505
2023-07-17,アイムジャグラーEX-TP,159,4560,-888,13,17,1/152.0,1/350.8,1/268.2,6.338131827304254
2023-07-17,アイムジャグラーEX-TP,160,954,-255,3,2,1/190.8,1/318.0,1/477.0,6.2930457688469295
2023-07-17,アイムジャグラーEX-TP,161,6755,315,23,26,1/137.9,1/293.7,1/259.8,5.91340973552089
2023-07-17,アイムジャグラーEX-TP,162,1177,-621,2,2,1/294.2,1/588.5,1/588.5,5.666033855250309
2023-07-17,アイムジャグラーEX-TP,163,5009,-235,19,12,1/161.6,1/263.6,1/417.4,6.152991120812477
2023-07-17,アイムジャグラーEX-TP,164,1925,-923,5,1,1/320.8,1/385.0,1/1925.0,5.940175489755898
2023-07-17,アイムジャグラーEX-TP,165,3732,22,13,11,1/155.5,1/287.1,1/339.3,5.804393073250072
2023-07-17,アイムジャグラーEX-TP,166,5066,-7,19,14,1/153.5,1/266.6,1/361.9,6.05417887784946
2023-07-17,アイムジャグラーEX-TP,167,3201,-824,10,4,1/228.6,1/320.1,1/800.2,5.852384542289228
2023-07-17,アイムジャグラーEX-TP,168,5310,226,19,13,1/165.9,1/279.5,1/408.5,5.560661264203249
2023-07-17,アイムジャグラーEX-TP,169,4426,-2421,8,10,1/245.9,1/553.2,1/442.6,6.097632043973928
2023-07-17,アイムジャグラーEX-TP,170,3903,-24,14,11,1/156.1,1/278.8,1/354.8,5.914999771083598
2023-07-17,アイムジャグラーEX-TP,171,3392,-144,11,12,1/147.5,1/308.4,1/282.7,5.996493359581899
2023-07-17,アイムジャグラーEX-TP,172,4275,-142,18,8,1/164.4,1/237.5,1/534.4,6.354434763737656
2023-07-17,アイムジャグラーEX-TP,173,5198,-506,18,13,1/167.7,1/288.8,1/399.8,6.048179462493241
2023-07-17,アイムジャグラーEX-TP,174,2143,-391,6,7,1/164.8,1/357.2,1/306.1,6.009240096958795
2023-07-17,アイムジャグラーEX-TP,175,5852,448,23,19,1/139.3,1/254.4,1/308.0,6.115558685651485
2023-07-17,アイムジャグラーEX-TP,176,1015,-913,1,1,1/507.5,1/1015.0,1/1015.0,6.213914147582604
2023-07-17,アイムジャグラーEX-TP,177,4613,68,16,17,1/139.8,1/288.3,1/271.4,6.057889920983079
2023-07-17,アイムジャグラーEX-TP,178,5032,-422,16,15,1/162.3,1/314.5,1/335.5,5.875281984637562
2023-07-17,マイジャグラーV,117,5108,540,21,17,1/134.4,1/243.2,1/300.5,5.989639576897629
2023-07-17,マイジャグラーV,118,4091,291,18,8,1/157.3,1/227.3,1/511.4,5.870600439642465
2023-07-17,マイジャグラーV,119,4756,106,18,15,1/144.1,1/264.2,1/317.1,5.93947751093207
2023-07-17,マイジャグラーV,120,6222,-270,20,23,1/144.7,1/311.1,1/270.5,5.85654592654111
2023-07-17,ファンキージャグラー2,113,3095,-375,12,5,1/182.1,1/257.9,1/619.0,6.03302594383901
2023-07-17,ファンキージャグラー2,114,5754,-198,23,13,1/159.8,1/250.2,1/442.6,6.047977203099069
2023-07-17,ファンキージャグラー2,115,3183,321,14,7,1/151.6,1/227.4,1/454.7,5.8489497696631485
2023-07-17,ファンキージャグラー2,116,4167,-734,14,8,1/189.4,1/297.6,1/520.9,5.85705980482195
2023-07-17,ハッピージャグラーVIII,109,3343,-1141,9,7,1/208.9,1/371.4,1/477.6,6.185810849959416
2023-07-17,ハッピージャグラーVIII,110,4997,498,23,12,1/142.8,1/217.3,1/416.4,6.416117616154223
2023-07-17,ハッピージャグラーVIII,111,1968,-1287,4,2,1/328.0,1/492.0,1/984.0,6.4418183996402005
2023-07-17,ハッピージャグラーVIII,112,3731,457,18,5,1/162.2,1/207.3,1/746.2,6.069258067158877
2023-07-16,アイムジャグラーEX-TP,121,5618,-1019,15,21,1/156.1,1/374.5,1/267.5,6.0603267666057485
2023-07-16,アイムジャグラーEX-TP,122,3328,-272,11,10,1/158.5,1/302.5,1/332.8,6.015365173063665
2023-07-16,アイムジャグラーEX-TP,123,6203,180,24,20,1/141.0,1/258.5,1/310.1,6.259200611183746
2023-07-16,アイムジャグラーEX-TP,124,1465,-625,4,2,1/244.2,1/366.2,1/732.5,6.222495190839467
2023-07-16,アイムジャグラーEX-TP,125,3112,11,14,6,1/155.6,1/222.3,1/518.7,6.568636936914574
2023-07-16,アイムジャグラーEX-TP,126,4160,386,17,10,1/154.1,1/244.7,1/416.0,5.859091799926381
2023-07-16,アイムジャグラーEX-TP,127,3840,-615,11,13,1/160.0,1/349.1,1/295.4,6.033290566101768
2023-07-16,アイムジャグラーEX-TP,128,2194,-729,7,3,1/219.4,1/313.4,1/731.3,6.328159913581678
2023-07-16,アイムジャグラーEX-TP,129,5399,-88,21,14,1/154.3,1/257.1,1/385.6,6.212307823339087
2023-07-16,アイムジャグラーEX-TP,130,3300,-223,11,10,1/157.1,1/300.0,1/330.0,5.9942700227918495
2023-07-16,アイムジャグラーEX-TP,131,4783,77,20,9,1/164.9,1/239.2,1/531.4,6.0855276571709656
2023-07-16,アイムジャグラーEX-TP,132,4130,-1729,9,10,1/217.4,1/458.9,1/413.0,6.008133965967049
2023-07-16,アイムジャグラーEX-TP,145,2224,-422,7,3,1/222.4,1/317.7,1/741.3,5.636651984844097
2023-07-16,アイムジャグラーEX-TP,146,2110,284,11,3,1/150.7,1/191.8,1/703.3,6.569997406252209
2023-07-16,アイムジャグラーEX-TP,147,2183,-418,8,3,1/198.5,1/272.9,1/727.7,6.224754351033431
2023-07-16,アイムジャグラーEX-TP,148,1606,-928,4,3,1/229.4,1/401.5,1/535.3,6.9760424198978965
2023-07-16,アイムジャグラーEX-TP,149,1635,-1045,2,4,1/272.5,1/817.5,1/408.8,5.9311572213743675
2023-07-16,アイムジャグラーEX-TP,150,4412,2335,27,11,1/116.1,1/163.4,1/401.1,6.237753001890357
2023-07-16,アイムジャグラーEX-TP,151,5606,425,23,19,1/133.5,1/243.7,1/295.1,6.397478512471898
2023-07-16,アイムジャグラーEX-TP,152,4282,-533,12,17,1/147.7,1/356.8,1/251.9,6.0533489474488595
2023-07-16,アイムジャグラーEX-TP,153,1379,-650,2,5,1/197.0,1/689.5,1/275.8,5.938195996725767
2023-07-16,アイムジャグラーEX-TP,154,1446,-615,3,4,1/206.6,1/482.0,1/361.5,6.068615901057891
2023-07-16,アイムジャグラーEX-TP,155,3258,2201,22,4,1/125.3,1/148.1,1/814.5,5.753938896135964
2023-07-16,アイムジャグラーEX-TP,156,3532,693,16,8,1/147.2,1/220.8,1/441.5,5.836778938839216
2023-07-16,アイムジャグラーEX-TP,157,4879,-1213,13,15,1/174.2,1/375.3,1/325.3,6.072492844564744
2023-07-16,アイムジャグラーEX-TP,158,7711,1550,32,29,1/126.4,1/241.0,1/265.9,6.022086602010027
2023-07-16,アイムジャグラーEX-TP,159,5407,110,21,17,1/142.3,1/257.5,1/318.1,6.282528234369745
2023-07-16,アイムジャグラーEX-TP,160,5873,1569,28,14,1/139.8,1/209.8,1/419.5,5.83701236721095
2023-07-16,アイムジャグラーEX-TP,161,3251,-319,10,13,1/141.3,1/325.1,1/250.1,6.267262321980399
2023-07-16,アイムジャグラーEX-TP,162,7183,1197,27,29,1/128.3,1/266.0,1/247.7,5.856548464238999
2023-07-16,アイムジャグラーEX-TP,163,3282,-559,11,11,1/149.2,1/298.4,1/298.4,6.685260190856234
2023-07-16,アイムジャグラーEX-TP,164,7461,3063,39,25,1/116.6,1/191.3,1/298.4,6.123858849559614
2023-07-16,アイムジャグラーEX-TP,165,4368,-420,14,12,1/168.0,1/312.0,1/364.0,5.859939241767328
2023-07-16,アイムジャグラーEX-TP,166,3595,400,15,9,1/149.8,1/239.7,1/399.4,5.913667365340283
2023-07-16,アイムジャグラーEX-TP,167,5007,1247,22,18,1/125.2,1/227.6,1/278.2,6.010535326822348
2023-07-16,アイムジャグラーEX-TP,168,6752,1023,26,28,1/125.0,1/259.7,1/241.1,6.072818526571972
2023-07-16,アイムジャグラーEX-TP,169,5487,-316,19,14,1/166.3,1/288.8,1/391.9,5.892363813291727
2023-07-16,アイムジャグラーEX-TP,170,4104,705,18,15,1/124.4,1/228.0,1/273.6,6.40003083991469
2023-07-16,アイムジャグラーEX-TP,171,4051,145,17,9,1/155.8,1/238.3,1/450.1,6.162711339848293
2023-07-16,アイムジャグラーEX-TP,172,2833,-502,8,8,1/177.1,1/354.1,1/354.1,5.828122995489819
2023-07-16,アイムジャグラーEX-TP,173,3223,-830,10,5,1/214.9,1/322.3,1/644.6,5.954699535524199
2023-07-16,アイムジャグラーEX-TP,174,6102,-284,20,19,1/156.5,1/305.1,1/321.2,5.875033757133288
2023-07-16,アイムジャグラーEX-TP,175,3427,-447,11,11,1/155.8,1/311.5,1/311.5,6.222349626762515
2023-07-16,アイムジャグラーEX-TP,176,1615,338,9,1,1/161.5,1/179.4,1/1615.0,6.257456156155109
2023-07-16,アイムジャグラーEX-TP,177,4436,-43,17,10,1/164.3,1/260.9,1/443.6,5.965495151091966
2023-07-16,アイムジャグラーEX-TP,178,4854,-449,16,17,1/147.1,1/303.4,1/285.5,6.279212194566422
2023-07-16,マイジャグラーV,117,4478,-878,18,4,1/203.5,1/248.8,1/1119.5,6.212742728662204
2023-07-16,マイジャグラーV,118,7672,2123,36,28,1/119.9,1/213.1,1/274.0,5.9836839943480395
2023-07-16,マイジャグラーV,119,3487,-890,11,7,1/193.7,1/317.0,1/498.1,6.017959679070426
2023-07-16,マイジャグラーV,120,6208,-1469,19,14,1/188.1,1/326.7,1/443.4,5.939760248963979
2023-07-16,ファンキージャグラー2,113,7353,1396,28,30,1/126.8,1/262.6,1/245.1,5.6382463961024705
2023-07-16,ファンキージャグラー2,114,2800,-654,7,7,1/200.0,1/400.0,1/400.0,5.483664066822364
2023-07-16,ファンキージャグラー2,115,6843,-210,24,23,1/145.6,1/285.1,1/297.5,5.975672841997977
2023-07-16,ファンキージャグラー2,116,860,-898,0,2,1/430.0,1/0.0,1/430.0,6.334113435869863
2023-07-16,ハッピージャグラーVIII,109,5239,490,24,9,1/158.8,1/218.3,1/582.1,6.100557572505583
2023-07-16,ハッピージャグラーVIII,110,7055,789,27,29,1/126.0,1/261.3,1/243.3,6.243144252748231
2023-07-16,ハッピージャグラーVIII,111,5383,1127,27,15,1/128.2,1/199.4,1/358.9,6.553590048380208
2023-07-16,ハッピージャグラーVIII,112,2738,-72,11,4,1/182.5,1/248.9,1/684.5,5.9207018431968725
2023-07-15,アイムジャグラーEX-TP,121,4803,601,21,11,1/150.1,1/228.7,1/436.6,5.984561103278448
2023-07-15,アイムジャグラーEX-TP,122,2588,-247,10,5,1/172.5,1/258.8,1/517.6,6.259632983786365
2023-07-15,アイムジャグラーEX-TP,123,4431,-695,13,12,1/177.2,1/340.8,1/369.2,5.812352012775788
2023-07-15,アイムジャグラーEX-TP,124,1400,-744,2,5,1/200.0,1/700.0,1/280.0,6.164352649405745
2023-07-15,アイムジャグラーEX-TP,125,5795,490,23,19,1/138.0,1/252.0,1/305.0,6.137865461166588
2023-07-15,アイムジャグラーEX-TP,126,3704,-285,13,11,1/154.3,1/284.9,1/336.7,6.217507063014165
2023-07-15,アイムジャグラーEX-TP,127,1819,339,10,1,1/165.4,1/181.9,1/1819.0,6.2447857841073535
2023-07-15,アイムジャグラーEX-TP,128,2467,673,13,6,1/129.8,1/189.8,1/411.2,6.423192353677686
2023-07-15,アイムジャグラーEX-TP,129,5580,198,21,14,1/159.4,1/265.7,1/398.6,5.800208090261216
2023-07-15,アイムジャグラーEX-TP,130,3515,-307,12,11,1/152.8,1/292.9,1/319.5,6.2249645517932555
2023-07-15,アイムジャグラーEX-TP,131,5025,341,19,19,1/132.2,1/264.5,1/264.5,6.2206877171437815
2023-07-15,アイムジャグラーEX-TP,132,5878,1700,31,13,1/133.6,1/189.6,1/452.2,6.241186368195679
2023-07-15,アイムジャグラーEX-TP,145,6631,522,28,20,1/138.1,1/236.8,1/331.6,6.355116511875031
2023-07-15,アイムジャグラーEX-TP,146,2696,1799,17,8,1/107.8,1/158.6,1/337.0,6.021047895046347
2023-07-15,アイムジャグラーEX-TP,147,681,-237,2,0,1/340.5,1/340.5,1/0.0,5.546246656981503
2023-07-15,アイムジャグラーEX-TP,148,4712,833,20,16,1/130.9,1/235.6,1/294.5,6.082507719827922
2023-07-15,アイムジャグラーEX-TP,149,4653,-586,14,17,1/150.1,1/332.4,1/273.7,6.161360346795735
2023-07-15,アイムジャグラーEX-TP,150,896,-624,1,3,1/224.0,1/896.0,1/298.7,6.490550598622902
2023-07-15,アイムジャグラーEX-TP,151,3430,-662,11,11,1/155.9,1/311.8,1/311.8,6.53545330990224
2023-07-15,アイムジャグラーEX-TP,152,6205,-129,23,17,1/155.1,1/269.8,1/365.0,6.082419777735343
2023-07-15,アイムジャグラーEX-TP,153,1961,574,11,3,1/140.1,1/178.3,1/653.7,6.319345634176465
2023-07-15,アイムジャグラーEX-TP,154,5641,134,20,20,1/141.0,1/282.1,1/282.1,6.044263337270838
2023-07-15,アイムジャグラーEX-TP,155,1686,-591,5,2,1/240.9,1/337.2,1/843.0,6.0620292286887585
2023-07-15,アイムジャグラーEX-TP,156,3887,-81,15,10,1/155.5,1/259.1,1/388.7,6.187852537058542
2023-07-15,アイムジャグラーEX-TP,157,4655,274,18,16,1/136.9,1/258.6,1/290.9,6.209948003191552
2023-07-15,アイムジャグラーEX-TP,158,5298,640,20,21,1/129.2,1/264.9,1/252.3,6.046401371467173
2023-07-15,アイムジャグラーEX-TP,159,4025,-138,13,14,1/149.1,1/309.6,1/287.5,5.9204911139312095
2023-07-15,アイムジャグラーEX-TP,160,2978,-85,9,10,1/156.7,1/330.9,1/297.8,5.631369884428518
2023-07-15,アイムジャグラーEX-TP,161,1729,-1027,3,5,1/216.1,1/576.3,1/345.8,6.541606585282874
2023-07-15,アイムジャグラーEX-TP,162,2147,-1633,3,2,1/429.4,1/715.7,1/1073.5,6.0244407098087525
2023-07-15,アイムジャグラーEX-TP,163,5209,585,20,21,1/127.0,1/260.4,1/248.0,6.192188876477433
2023-07-15,アイムジャグラーEX-TP,164,1225,208,6,3,1/136.1,1/204.2,1/408.3,6.481730119277062
2023-07-15,アイムジャグラーEX-TP,165,5388,-1068,17,14,1/173.8,1/316.9,1/384.9,6.202158814011865
2023-07-15,アイムジャグラーEX-TP,166,1383,-940,2,2,1/345.8,1/691.5,1/691.5,5.93668429614362
2023-07-15,アイムジャグラーEX-TP,167,3818,722,17,13,1/127.3,1/224.6,1/293.7,6.277507047726581
2023-07-15,アイムジャグラーEX-TP,168,5222,-16,17,21,1/137.4,1/307.2,1/248.7,6.041021241234822
2023-07-15,アイムジャグラーEX-TP,169,4032,1734,22,13,1/115.2,1/183.3,1/310.2,6.2482127624301675
2023-07-15,アイムジャグラーEX-TP,170,3763,543,17,8,1/150.5,1/221.4,1/470.4,5.992255101844689
2023-07-15,アイムジャグラーEX-TP,171,2463,-1436,6,4,1/246.3,1/410.5,1/615.8,6.788040767490119
2023-07-15,アイムジャグラーEX-TP,172,1755,-778,3,5,1/219.4,1/585.0,1/351.0,5.779676746466822
2023-07-15,アイムジャグラーEX-TP,173,2838,-777,7,8,1/189.2,1/405.4,1/354.8,5.855134683880596
2023-07-15,アイムジャグラーEX-TP,174,7259,3400,38,31,1/105.2,1/191.0,1/234.2,6.276137369196595
2023-07-15,アイムジャグラーEX-TP,175,1279,-383,3,4,1/182.7,1/426.3,1/319.8,5.962803759745908
2023-07-15,アイムジャグラーEX-TP,176,6205,1063,26,18,1/141.0,1/238.7,1/344.7,5.837098206802039
2023-07-15,アイムジャグラーEX-TP,177,2917,-364,11,6,1/171.6,1/265.2,1/486.2,6.348447317125923
2023-07-15,アイムジャグラーEX-TP,178,4612,-1004,14,12,1/177.4,1/329.4,1/384.3,6.153320849332257
2023-07-15,マイジャグラーV,117,8708,1538,38,32,1/124.4,1/229.2,1/272.1,6.092516677835872
2023-07-15,マイジャグラーV,118,3514,486,14,12,1/135.2,1/251.0,1/292.8,5.753837887852566
2023-07-15,マイジャグラーV,119,4263,1244,22,14,1/118.4,1/193.8,1/304.5,6.2752898214101736
2023-07-15,マイジャグラーV,120,4932,1947,24,19,1/114.7,1/205.5,1/259.6,5.738366809495804
2023-07-15,ファンキージャグラー2,113,1405,-394,5,1,1/234.2,1/281.0,1/1405.0,6.019310526537046
2023-07-15,ファンキージャグラー2,114,5052,884,23,13,1/140.3,1/219.7,1/388.6,5.842157328764917
2023-07-15,ファンキージャグラー2,115,1677,-703,3,3,1/279.5,1/559.0,1/559.0,5.294124819726092
2023-07-15,ファンキージャグラー2,116,4253,-2,18,9,1/157.5,1/236.3,1/472.6,6.0878779746196825
2023-07-15,ハッピージャグラーVIII,109,4966,159,21,10,1/160.2,1/236.5,1/496.6,6.125693469422985
2023-07-15,ハッピージャグラーVIII,110,6453,349,24,20,1/146.7,1/268.9,1/322.6,5.942279019398265
2023-07-15,ハッピージャグラーVIII,111,4317,-256,17,10,1/159.9,1/253.9,1/431.7,6.372478803656779
2023-07-15,ハッピージャグラーVIII,112,2495,-586,9,5,1/178.2,1/277.2,1/499.0,6.728357887963066
2023-07-14,アイムジャグラーEX-TP,121,3638,-1811,7,9,1/227.4,1/519.7,1/404.2,6.100152634605284
2023-07-14,アイムジャグラーEX-TP,122,2848,1848,17,12,1/98.2,1/167.5,1/237.3,6.268976006572916
2023-07-14,アイムジャグラーEX-TP,123,3198,-1563,6,9,1/213.2,1/533.0,1/355.3,6.153228433295106
2023-07-14,アイムジャグラーEX-TP,124,1543,-227,6,3,1/171.4,1/257.2,1/514.3,6.562649033910437
2023-07-14,アイムジャグラーEX-TP,125,4782,1125,19,21,1/119.5,1/251.7,1/227.7,5.9390573724865
2023-07-14,アイムジャグラーEX-TP,126,775,-607,1,1,1/387.5,1/775.0,1/775.0,6.163340450997468
2023-07-14,アイムジャグラーEX-TP,127,1605,-331,6,1,1/229.3,1/267.5,1/1605.0,6.044618321897204
2023-07-14,アイムジャグラーEX-TP,128,3054,670,13,10,1/132.8,1/234.9,1/305.4,5.855146550157813
2023-07-14,アイムジャグラーEX-TP,129,6541,412,23,23,1/142.2,1/284.4,1/284.4,5.827015032309065
2023-07-14,アイムジャグラーEX-TP,130,425,-457,1,0,1/425.0,1/425.0,1/0.0,9.28236405431821
2023-07-14,アイムジャグラーEX-TP,131,2913,-64,11,8,1/153.3,1/264.8,1/364.1,6.1728425147249215
2023-07-14,アイムジャグラーEX-TP,132,3251,-697,9,12,1/154.8,1/361.2,1/270.9,6.315199064068461
2023-07-14,アイムジャグラーEX-TP,145,1597,-454,5,3,1/199.6,1/319.4,1/532.3,6.257447616504114
2023-07-14,アイムジャグラーEX-TP,146,2695,951,14,7,1/128.3,1/192.5,1/385.0,6.0213836201161595
2023-07-14,アイムジャグラーEX-TP,147,2933,436,12,10,1/133.3,1/244.4,1/293.3,6.0410973401005155
2023-07-14,アイムジャグラーEX-TP,148,3131,899,13,14,1/116.0,1/240.8,1/223.6,5.941994030336129
2023-07-14,アイムジャグラーEX-TP,149,886,-534,0,4,1/221.5,1/0.0,1/221.5,5.349064493296282
2023-07-14,アイムジャグラーEX-TP,150,4301,1786,21,15,1/119.5,1/204.8,1/286.7,5.777706419543644
2023-07-14,アイムジャグラーEX-TP,151,597,-325,1,2,1/199.0,1/597.0,1/298.5,6.430963072806796
2023-07-14,アイムジャグラーEX-TP,152,2902,-446,7,15,1/131.9,1/414.6,1/193.5,6.268352264462775
2023-07-14,アイムジャグラーEX-TP,153,3906,1711,20,16,1/108.5,1/195.3,1/244.1,6.202931722142198
2023-07-14,アイムジャグラーEX-TP,154,428,-193,1,0,1/428.0,1/428.0,1/0.0,5.36785684678293
2023-07-14,アイムジャグラーEX-TP,155,6100,-348,24,15,1/156.4,1/254.2,1/406.7,6.407561342552168
2023-07-14,アイムジャグラーEX-TP,156,1130,-172,4,3,1/161.4,1/282.5,1/376.7,6.483765197041911
2023-07-14,アイムジャグラーEX-TP,157,2324,-1866,3,3,1/387.3,1/774.7,1/774.7,6.259267365144166
2023-07-14,アイムジャグラーEX-TP,158,1383,-1695,1,1,1/691.5,1/1383.0,1/1383.0,7.603253334793509
2023-07-14,アイムジャグラーEX-TP,159,4102,516,19,9,1/146.5,1/215.9,1/455.8,6.243330883690976
2023-07-14,アイムジャグラーEX-TP,160,881,-430,2,1,1/293.7,1/440.5,1/881.0,5.874802425593226
2023-07-14,アイムジャグラーEX-TP,161,7280,-87,25,24,1/148.6,1/291.2,1/303.3,5.972157522709683
2023-07-14,アイムジャグラーEX-TP,162,1523,-412,4,4,1/190.4,1/380.8,1/380.8,5.935795504946393
2023-07-14,アイムジャグラーEX-TP,163,1587,-971,3,2,1/317.4,1/529.0,1/793.5,6.053803781914599
2023-07-14,アイムジャグラーEX-TP,164,2321,-623,6,7,1/178.5,1/386.8,1/331.6,6.046276969137077
2023-07-14,アイムジャグラーEX-TP,165,3662,-136,13,9,1/166.5,1/281.7,1/406.9,5.860128431867718
2023-07-14,アイムジャグラーEX-TP,166,1613,484,6,10,1/100.8,1/268.8,1/161.3,6.138389204472371
2023-07-14,アイムジャグラーEX-TP,167,6241,-215,20,20,1/156.0,1/312.1,1/312.1,5.782555313880177
2023-07-14,アイムジャグラーEX-TP,168,2459,-1507,4,7,1/223.5,1/614.8,1/351.3,6.474483937684763
2023-07-14,アイムジャグラーEX-TP,169,5804,1334,24,18,1/138.2,1/241.8,1/322.4,5.618675517093852
2023-07-14,アイムジャグラーEX-TP,170,3415,-168,15,4,1/179.7,1/227.7,1/853.8,6.329256445810213
2023-07-14,アイムジャグラーEX-TP,171,1360,-325,3,5,1/170.0,1/453.3,1/272.0,5.776433341233456
2023-07-14,アイムジャグラーEX-TP,172,3990,-227,15,10,1/159.6,1/266.0,1/399.0,6.210422661287516
2023-07-14,アイムジャグラーEX-TP,173,1150,-1200,0,3,1/383.3,1/0.0,1/383.3,6.470589062735173
2023-07-14,アイムジャグラーEX-TP,174,3371,-498,10,9,1/177.4,1/337.1,1/374.6,5.793070789623732
2023-07-14,アイムジャグラーEX-TP,175,2275,-653,7,6,1/175.0,1/325.0,1/379.2,6.573534372722289
2023-07-14,アイムジャグラーEX-TP,176,1216,-540,3,2,1/243.2,1/405.3,1/608.0,6.117519050210896
2023-07-14,アイムジャグラーEX-TP,177,2376,-510,6,6,1/198.0,1/396.0,1/396.0,5.560677807306787
2023-07-14,アイムジャグラーEX-TP,178,5559,1387,24,21,1/123.5,1/231.6,1/264.7,6.000258338159859
2023-07-14,マイジャグラーV,117,820,-24,4,0,1/205.0,1/205.0,1/0.0,5.996154052166175
2023-07-14,マイジャグラーV,118,5654,48,22,12,1/166.3,1/257.0,1/471.2,5.690192025387596
2023-07-14,マイジャグラーV,119,5360,1876,28,18,1/116.5,1/191.4,1/297.8,6.102923528090982
2023-07-14,マイジャグラーV,120,3578,663,18,6,1/149.1,1/198.8,1/596.3,5.9149828586383935
2023-07-14,ファンキージャグラー2,113,2708,537,13,6,1/142.5,1/208.3,1/451.3,5.850439603933016
2023-07-14,ファンキージャグラー2,114,393,-480,0,0,1/0.0,1/0.0,1/0.0,6.119361414273177
2023-07-14,ファンキージャグラー2,115,1128,-37,3,3,1/188.0,1/376.0,1/376.0,4.980479874534294
2023-07-14,ファンキージャグラー2,116,8405,1630,39,26,1/129.3,1/215.5,1/323.3,6.070524160961519
2023-07-14,ハッピージャグラーVIII,109,2181,-43,8,4,1/181.8,1/272.6,1/545.2,5.6905530850360995
2023-07-14,ハッピージャグラーVIII,110,3278,336,15,9,1/136.6,1/218.5,1/364.2,6.540265103201462
2023-07-14,ハッピージャグラーVIII,111,654,-170,2,1,1/218.0,1/327.0,1/654.0,5.965682275880423
2023-07-14,ハッピージャグラーVIII,112,5853,-398,16,25,1/142.8,1/365.8,1/234.1,5.9334758065324475
2023-07-13,アイムジャグラーEX-TP,121,3067,582,13,8,1/146.0,1/235.9,1/383.4,5.695308285997622
2023-07-13,アイムジャグラーEX-TP,122,2224,401,10,4,1/158.9,1/222.4,1/556.0,5.683466779804455
2023-07-13,アイムジャグラーEX-TP,123,2577,68,9,9,1/143.2,1/286.3,1/286.3,5.949816793204363
2023-07-13,アイムジャグラーEX-TP,124,4019,2107,23,14,1/108.6,1/174.7,1/287.1,6.235759400601242
2023-07-13,アイムジャグラーEX-TP,125,1748,99,5,9,1/124.9,1/349.6,1/194.2,5.814544891113998
2023-07-13,アイムジャグラーEX-TP,126,1472,-531,5,1,1/245.3,1/294.4,1/1472.0,6.402828936854623
2023-07-13,アイムジャグラーEX-TP,127,3885,1088,18,13,1/125.3,1/215.8,1/298.8,6.035217240246618
2023-07-13,アイムジャグラーEX-TP,128,1543,-416,4,5,1/171.4,1/385.8,1/308.6,6.159841212627219
2023-07-13,アイムジャグラーEX-TP,129,437,-4,2,1,1/145.7,1/218.5,1/437.0,6.948559827497629
2023-07-13,アイムジャグラーEX-TP,130,7479,3045,35,30,1/115.1,1/213.7,1/249.3,5.807209451369652
2023-07-13,アイムジャグラーEX-TP,131,593,379,3,3,1/98.8,1/197.7,1/197.7,5.655740691251685
2023-07-13,アイムジャグラーEX-TP,132,1691,-129,7,2,1/187.9,1/241.6,1/845.5,6.1570975988084005
2023-07-13,アイムジャグラーEX-TP,145,558,-353,1,2,1/186.0,1/558.0,1/279.0,7.2461349726393465
2023-07-13,アイムジャグラーEX-TP,146,6695,1683,25,34,1/113.5,1/267.8,1/196.9,5.891960800111556
2023-07-13,アイムジャグラーEX-TP,147,687,595,5,2,1/98.1,1/137.4,1/343.5,6.208725419163524
2023-07-13,アイムジャグラーEX-TP,148,2185,200,9,7,1/136.6,1/242.8,1/312.1,6.250940501917622
2023-07-13,アイムジャグラーEX-TP,149,2398,-210,9,6,1/159.9,1/266.4,1/399.7,6.351978491639268
2023-07-13,アイムジャグラーEX-TP,150,3027,68,13,7,1/151.3,1/232.8,1/432.4,6.392440338490591
2023-07-13,アイムジャグラーEX-TP,151,746,-151,3,0,1/248.7,1/248.7,1/0.0,6.0812528750427255
2023-07-13,アイムジャグラーEX-TP,152,217,-322,0,0,1/0.0,1/0.0,1/0.0,7.659540822881766
2023-07-13,アイムジャグラーEX-TP,153,6288,2352,31,31,1/101.4,1/202.8,1/202.8,6.699539157368019
2023-07-13,アイムジャグラーEX-TP,154,305,-127,1,0,1/305.0,1/305.0,1/0.0,6.210427613393754
2023-07-13,アイムジャグラーEX-TP,155,1094,165,4,5,1/121.6,1/273.5,1/218.8,6.036977535876836
2023-07-13,アイムジャグラーEX-TP,156,2179,599,12,3,1/145.3,1/181.6,1/726.3,6.209172871778925
2023-07-13,アイムジャグラーEX-TP,157,5254,-577,15,17,1/164.2,1/350.3,1/309.1,5.74302325423789
2023-07-13,アイムジャグラーEX-TP,158,3658,360,16,9,1/146.3,1/228.6,1/406.4,6.185133978067326
2023-07-13,アイムジャグラーEX-TP,159,1572,-393,5,2,1/224.6,1/314.4,1/786.0,5.891035406809159
2023-07-13,アイムジャグラーEX-TP,160,1483,-320,4,4,1/185.4,1/370.8,1/370.8,5.805729562148554
2023-07-13,アイムジャグラーEX-TP,161,1055,-889,0,3,1/351.7,1/0.0,1/351.7,5.6544579505296575
2023-07-13,アイムジャグラーEX-TP,162,6061,388,24,17,1/147.8,1/252.5,1/356.5,6.0137189986261905
2023-07-13,アイムジャグラーEX-TP,163,855,-158,3,2,1/171.0,1/285.0,1/427.5,6.456097217497609
2023-07-13,アイムジャグラーEX-TP,164,4234,1054,21,12,1/128.3,1/201.6,1/352.8,6.3434787592569055
2023-07-13,アイムジャグラーEX-TP,165,1361,10,5,3,1/170.1,1/272.2,1/453.7,5.7033796694168615
2023-07-13,アイムジャグラーEX-TP,166,4068,1028,19,15,1/119.6,1/214.1,1/271.2,6.367809364943757
2023-07-13,アイムジャグラーEX-TP,167,5388,249,22,13,1/153.9,1/244.9,1/414.5,6.065997990587504
2023-07-13,アイムジャグラーEX-TP,168,1906,-1330,3,4,1/272.3,1/635.3,1/476.5,6.476858026558447
2023-07-13,アイムジャグラーEX-TP,169,6983,2576,37,17,1/129.3,1/188.7,1/410.8,5.996720464597356
2023-07-13,アイムジャグラーEX-TP,170,2128,-512,6,6,1/177.3,1/354.7,1/354.7,6.103400087168485
2023-07-13,アイムジャグラーEX-TP,171,1345,-623,3,4,1/192.1,1/448.3,1/336.2,6.549631966684043
2023-07-13,アイムジャグラーEX-TP,172,4901,157,19,16,1/140.0,1/257.9,1/306.3,6.272731692995438
2023-07-13,アイムジャグラーEX-TP,173,753,-723,1,1,1/376.5,1/753.0,1/753.0,7.220208298694552
2023-07-13,アイムジャグラーEX-TP,174,1885,2,8,1,1/209.4,1/235.6,1/1885.0,5.663566427399763
2023-07-13,アイムジャグラーEX-TP,175,3429,742,15,13,1/122.5,1/228.6,1/263.8,6.228021206003543
2023-07-13,アイムジャグラーEX-TP,176,3761,2459,24,8,1/117.5,1/156.7,1/470.1,5.812970060777608
2023-07-13,アイムジャグラーEX-TP,177,2356,2103,16,8,1/98.2,1/147.2,1/294.5,5.7503352816458575
2023-07-13,アイムジャグラーEX-TP,178,4841,-105,20,7,1/179.3,1/242.1,1/691.6,6.011007133753004
2023-07-13,マイジャグラーV,117,2222,710,11,6,1/130.7,1/202.0,1/370.3,5.679981496348308
2023-07-13,マイジャグラーV,118,3885,-875,11,12,1/168.9,1/353.2,1/323.8,5.9984262237144135
2023-07-13,マイジャグラーV,119,3052,-751,7,15,1/138.7,1/436.0,1/203.5,6.311200564360291
2023-07-13,マイジャグラーV,120,6491,-615,24,12,1/180.3,1/270.5,1/540.9,5.8178264110033115
2023-07-13,ファンキージャグラー2,113,4226,-572,13,15,1/150.9,1/325.1,1/281.7,6.063903948105839
2023-07-13,ファンキージャグラー2,114,4741,1381,23,20,1/110.3,1/206.1,1/237.1,6.361819208564395
2023-07-13,ファンキージャグラー2,115,1501,938,9,5,1/107.2,1/166.8,1/300.2,5.7070108641848805
2023-07-13,ファンキージャグラー2,116,3788,-1200,11,9,1/189.4,1/344.4,1/420.9,6.197497457725354
2023-07-13,ハッピージャグラーVIII,109,1684,-215,7,2,1/187.1,1/240.6,1/842.0,6.438154245406459
2023-07-13,ハッピージャグラーVIII,110,4207,1491,20,17,1/113.7,1/210.3,1/247.5,6.114023449067482
2023-07-13,ハッピージャグラーVIII,111,1943,223,9,4,1/149.5,1/215.9,1/485.8,6.212324742321809
2023-07-13,ハッピージャグラーVIII,112,1154,-87,4,3,1/164.9,1/288.5,1/384.7,6.0364875332016625
2023-07-12,アイムジャグラーEX-TP,121,6123,1310,23,28,1/120.1,1/266.2,1/218.7,5.869754321686905
2023-07-12,アイムジャグラーEX-TP,122,6032,597,25,18,1/140.3,1/241.3,1/335.1,6.1456356924012745
2023-07-12,アイムジャグラーEX-TP,123,1152,-595,2,5,1/164.6,1/576.0,1/230.4,6.883392757368233
2023-07-12,アイムジャグラーEX-TP,124,3182,267,12,8,1/159.1,1/265.2,1/397.8,5.613089032129871
2023-07-12,アイムジャグラーEX-TP,125,3489,-386,12,9,1/166.1,1/290.8,1/387.7,6.116949875251215
2023-07-12,アイムジャグラーEX-TP,126,5231,-428,17,16,1/158.5,1/307.7,1/326.9,5.976243614767567
2023-07-12,アイムジャグラーEX-TP,127,1141,526,6,3,1/126.8,1/190.2,1/380.3,5.643056451484874
2023-07-12,アイムジャグラーEX-TP,128,4157,317,18,9,1/154.0,1/230.9,1/461.9,6.1048453512850935
2023-07-12,アイムジャグラーEX-TP,129,3467,-799,10,10,1/173.3,1/346.7,1/346.7,6.161247908072403
2023-07-12,アイムジャグラーEX-TP,130,3616,-1326,7,12,1/190.3,1/516.6,1/301.3,5.886069173456061
2023-07-12,アイムジャグラーEX-TP,131,2049,-474,6,7,1/157.6,1/341.5,1/292.7,6.473223742192444
2023-07-12,アイムジャグラーEX-TP,132,7724,4848,42,40,1/94.2,1/183.9,1/193.1,6.170411063933685
2023-07-12,アイムジャグラーEX-TP,145,3561,696,16,12,1/127.2,1/222.6,1/296.8,6.279942150463816
2023-07-12,アイムジャグラーEX-TP,146,1241,803,6,8,1/88.6,1/206.8,1/155.1,5.9408365444647915
2023-07-12,アイムジャグラーEX-TP,147,497,-257,1,0,1/497.0,1/497.0,1/0.0,5.313199194831166
2023-07-12,アイムジャグラーEX-TP,148,342,-382,0,1,1/342.0,1/0.0,1/342.0,7.06182170634674
2023-07-12,アイムジャグラーEX-TP,149,2549,-503,9,4,1/196.1,1/283.2,1/637.2,6.1804470875776625
2023-07-12,アイムジャグラーEX-TP,150,1096,-81,4,5,1/121.8,1/274.0,1/219.2,7.2535422071112645
2023-07-12,アイムジャグラーEX-TP,151,3855,-620,12,12,1/160.6,1/321.2,1/321.2,6.206887890562986
2023-07-12,アイムジャグラーEX-TP,152,1441,-653,3,4,1/205.9,1/480.3,1/360.2,6.212682676475434
2023-07-12,アイムジャグラーEX-TP,153,342,-425,0,0,1/0.0,1/0.0,1/0.0,6.222630433247915
2023-07-12,アイムジャグラーEX-TP,154,2559,-514,7,8,1/170.6,1/365.6,1/319.9,5.959442118900953
2023-07-12,アイムジャグラーEX-TP,155,1215,177,6,2,1/151.9,1/202.5,1/607.5,6.267293086479359
2023-07-12,アイムジャグラーEX-TP,156,2909,730,12,11,1/126.5,1/242.4,1/264.5,5.785984872782223
2023-07-12,アイムジャグラーEX-TP,157,3331,-52,13,6,1/175.3,1/256.2,1/555.2,5.879855816968191
2023-07-12,アイムジャグラーEX-TP,158,938,-552,2,1,1/312.7,1/469.0,1/938.0,6.141686883052658
2023-07-12,アイムジャグラーEX-TP,159,7616,453,23,39,1/122.8,1/331.1,1/195.3,5.964453828713385
2023-07-12,アイムジャグラーEX-TP,160,719,-354,2,0,1/359.5,1/359.5,1/0.0,5.983177534940842
2023-07-12,アイムジャグラーEX-TP,161,5246,208,19,21,1/131.2,1/276.1,1/249.8,6.2661563153491056
2023-07-12,アイムジャグラーEX-TP,162,393,-454,0,1,1/393.0,1/0.0,1/393.0,7.075029699822512
2023-07-12,アイムジャグラーEX-TP,163,3736,585,17,7,1/155.7,1/219.8,1/533.7,5.8686732921516676
2023-07-12,アイムジャグラーEX-TP,164,2415,134,10,5,1/161.0,1/241.5,1/483.0,5.942525809693749
2023-07-12,アイムジャグラーEX-TP,165,3686,-280,12,11,1/160.3,1/307.2,1/335.1,5.92528587454768
2023-07-12,アイムジャグラーEX-TP,166,2251,-176,9,5,1/160.8,1/250.1,1/450.2,6.4829487503749075
2023-07-12,アイムジャグラーEX-TP,167,1076,-506,2,3,1/215.2,1/538.0,1/358.7,6.035524671917909
2023-07-12,アイムジャグラーEX-TP,168,6544,1697,33,15,1/136.3,1/198.3,1/436.3,6.142923834240334
2023-07-12,アイムジャグラーEX-TP,169,6753,-1329,16,29,1/150.1,1/422.1,1/232.9,6.027785816461982
2023-07-12,アイムジャグラーEX-TP,170,2193,-906,4,6,1/219.3,1/548.2,1/365.5,5.729390613863055
2023-07-12,アイムジャグラーEX-TP,171,4370,232,18,11,1/150.7,1/242.8,1/397.3,6.12204685663364
2023-07-12,アイムジャグラーEX-TP,172,1768,270,7,6,1/136.0,1/252.6,1/294.7,5.869318624891681
2023-07-12,アイムジャグラーEX-TP,173,4478,1163,21,16,1/121.0,1/213.2,1/279.9,6.301975199180343
2023-07-12,アイムジャグラーEX-TP,174,215,-308,0,0,1/0.0,1/0.0,1/0.0,7.300856407435329
2023-07-12,アイムジャグラーEX-TP,175,4914,-1034,15,13,1/175.5,1/327.6,1/378.0,6.158700770311343
2023-07-12,アイムジャグラーEX-TP,176,538,-547,0,0,1/0.0,1/0.0,1/0.0,5.292435594600221
2023-07-12,アイムジャグラーEX-TP,177,2822,-433,9,10,1/148.5,1/313.6,1/282.2,6.472163401805778
2023-07-12,アイムジャグラーEX-TP,178,5001,1286,23,16,1/128.2,1/217.4,1/312.6,6.03677624367157
2023-07-12,マイジャグラーV,117,5043,1562,23,16,1/129.3,1/219.3,1/315.2,5.529065095626437
2023-07-12,マイジャグラーV,118,5833,2143,30,17,1/124.1,1/194.4,1/343.1,5.756132967308044
2023-07-12,マイジャグラーV,119,6816,452,25,23,1/142.0,1/272.6,1/296.3,5.722866367476736
2023-07-12,マイジャグラーV,120,5211,932,22,22,1/118.4,1/236.9,1/236.9,6.167236284147055
2023-07-12,ファンキージャグラー2,113,326,-394,0,0,1/0.0,1/0.0,1/0.0,6.060096264443269
2023-07-12,ファンキージャグラー2,114,2532,-270,11,2,1/194.8,1/230.2,1/1266.0,6.118864008247416
2023-07-12,ファンキージャグラー2,115,1171,18,5,2,1/167.3,1/234.2,1/585.5,5.883100260701474
2023-07-12,ファンキージャグラー2,116,874,135,5,0,1/174.8,1/174.8,1/0.0,6.086171907546592
2023-07-12,ハッピージャグラーVIII,109,6530,527,26,21,1/138.9,1/251.2,1/311.0,6.159317636269892
2023-07-12,ハッピージャグラーVIII,110,1423,315,7,2,1/158.1,1/203.3,1/711.5,5.763563575311028
2023-07-12,ハッピージャグラーVIII,111,701,-488,1,2,1/233.7,1/701.0,1/350.5,6.842443108465292
2023-07-12,ハッピージャグラーVIII,112,5437,646,22,18,1/135.9,1/247.1,1/302.1,6.095811622715396
2023-07-11,アイムジャグラーEX-TP,121,3418,289,16,6,1/155.4,1/213.6,1/569.7,6.301480449684559
2023-07-11,アイムジャグラーEX-TP,122,3908,-469,13,10,1/169.9,1/300.6,1/390.8,6.020499554493817
2023-07-11,アイムジャグラーEX-TP,123,1545,-262,5,4,1/171.7,1/309.0,1/386.2,6.158431939660919
2023-07-11,アイムジャグラーEX-TP,124,2552,351,12,6,1/141.8,1/212.7,1/425.3,6.34673391153936
2023-07-11,アイムジャグラーEX-TP,125,2647,-547,8,6,1/189.1,1/330.9,1/441.2,5.941700225937247
2023-07-11,アイムジャグラーEX-TP,126,2590,-345,8,9,1/152.4,1/323.8,1/287.8,6.210847232701861
2023-07-11,アイムジャグラーEX-TP,127,1442,-855,2,3,1/288.4,1/721.0,1/480.7,5.7605474645341825
2023-07-11,アイムジャグラーEX-TP,128,3079,-416,10,10,1/153.9,1/307.9,1/307.9,6.3099155065630494
2023-07-11,アイムジャグラーEX-TP,129,2728,269,9,19,1/97.4,1/303.1,1/143.6,7.050787796306254
2023-07-11,アイムジャグラーEX-TP,130,553,-300,1,2,1/184.3,1/553.0,1/276.5,6.739680275905205
2023-07-11,アイムジャグラーEX-TP,131,5565,1877,27,21,1/115.9,1/206.1,1/265.0,6.215185468282116
2023-07-11,アイムジャグラーEX-TP,132,1324,-253,3,2,1/264.8,1/441.3,1/662.0,4.9259487408899245
2023-07-11,アイムジャグラーEX-TP,145,3965,-1762,6,17,1/172.4,1/660.8,1/233.2,6.1759658046197
2023-07-11,アイムジャグラーEX-TP,146,230,-91,1,0,1/230.0,1/230.0,1/0.0,7.690262956839233
2023-07-11,アイムジャグラーEX-TP,147,2052,-340,5,7,1/171.0,1/410.4,1/293.1,5.612091574018838
2023-07-11,アイムジャグラーEX-TP,148,792,-366,2,1,1/264.0,1/396.0,1/792.0,6.10005335236057
2023-07-11,アイムジャグラーEX-TP,149,417,353,3,0,1/139.0,1/139.0,1/0.0,5.104355925147374
2023-07-11,アイムジャグラーEX-TP,150,3518,1756,19,15,1/103.5,1/185.2,1/234.5,6.327153549585298
2023-07-11,アイムジャグラーEX-TP,151,340,27,1,1,1/170.0,1/340.0,1/340.0,5.0358358969194015
2023-07-11,アイムジャグラーEX-TP,152,5403,877,22,21,1/125.7,1/245.6,1/257.3,6.166257011349781
2023-07-11,アイムジャグラーEX-TP,153,238,-338,0,0,1/0.0,1/0.0,1/0.0,7.21922668129116
2023-07-11,アイムジャグラーEX-TP,154,843,-215,2,3,1/168.6,1/421.5,1/281.0,5.978067512734596
2023-07-11,アイムジャグラーEX-TP,155,578,-274,2,0,1/289.0,1/289.0,1/0.0,6.751656550473538
2023-07-11,アイムジャグラーEX-TP,156,2060,-445,5,9,1/147.1,1/412.0,1/228.9,6.219245303639556
2023-07-11,アイムジャグラーEX-TP,157,1752,-778,4,3,1/250.3,1/438.0,1/584.0,5.936802936060802
2023-07-11,アイムジャグラーEX-TP,158,1311,-571,3,2,1/262.2,1/437.0,1/655.5,5.828682354551145
2023-07-11,アイムジャグラーEX-TP,159,1445,463,6,7,1/111.2,1/240.8,1/206.4,5.952097764338531
2023-07-11,アイムジャグラーEX-TP,160,1810,-506,5,5,1/181.0,1/362.0,1/362.0,6.193965571817662
2023-07-11,アイムジャグラーEX-TP,161,4725,424,17,15,1/147.7,1/277.9,1/315.0,5.666901338348191
2023-07-11,アイムジャグラーEX-TP,162,1741,518,9,4,1/133.9,1/193.4,1/435.2,6.115329494199025
2023-07-11,アイムジャグラーEX-TP,163,1694,-753,3,5,1/211.8,1/564.7,1/338.8,5.892240316029996
2023-07-11,アイムジャグラーEX-TP,164,3973,668,15,16,1/128.2,1/264.9,1/248.3,5.863919548027442
2023-07-11,アイムジャグラーEX-TP,165,5437,-395,18,16,1/159.9,1/302.1,1/339.8,5.954297584644716
2023-07-11,アイムジャグラーEX-TP,166,870,-135,3,2,1/174.0,1/290.0,1/435.0,6.212131435848496
2023-07-11,アイムジャグラーEX-TP,167,5232,566,25,8,1/158.5,1/209.3,1/654.0,6.200043625459866
2023-07-11,アイムジャグラーEX-TP,168,4302,-538,18,4,1/195.5,1/239.0,1/1075.5,6.331903174926935
2023-07-11,アイムジャグラーEX-TP,169,2820,-216,10,5,1/188.0,1/282.0,1/564.0,5.747606106770344
2023-07-11,アイムジャグラーEX-TP,170,3665,1453,20,9,1/126.4,1/183.2,1/407.2,6.061554799556456
2023-07-11,アイムジャグラーEX-TP,171,652,-442,1,0,1/652.0,1/652.0,1/0.0,5.460552824022881
2023-07-11,アイムジャグラーEX-TP,172,664,5,3,1,1/166.0,1/221.3,1/664.0,6.363166618367932
2023-07-11,アイムジャグラーEX-TP,173,7772,1483,31,27,1/134.0,1/250.7,1/287.9,5.771678374217713
2023-07-11,アイムジャグラーEX-TP,174,301,-306,0,1,1/301.0,1/0.0,1/301.0,6.693084709325557
2023-07-11,アイムジャグラーEX-TP,175,5330,301,22,14,1/148.1,1/242.3,1/380.7,6.165462030239219
2023-07-11,アイムジャグラーEX-TP,176,1044,244,5,2,1/149.1,1/208.8,1/522.0,5.812852539901975
2023-07-11,アイムジャグラーEX-TP,177,927,-577,1,3,1/231.8,1/927.0,1/309.0,6.030481056743248
2023-07-11,アイムジャグラーEX-TP,178,3905,-935,13,7,1/195.2,1/300.4,1/557.9,6.241646503191471
2023-07-11,マイジャグラーV,117,6627,108,24,22,1/144.1,1/276.1,1/301.2,5.864392682256038
2023-07-11,マイジャグラーV,118,1830,-458,6,2,1/228.8,1/305.0,1/915.0,5.748232369466537
2023-07-11,マイジャグラーV,119,3016,-224,11,10,1/143.6,1/274.2,1/301.6,6.309906452707836
2023-07-11,マイジャグラーV,120,5648,349,25,9,1/166.1,1/225.9,1/627.6,5.790642756014589
2023-07-11,ファンキージャグラー2,113,4738,-248,20,10,1/157.9,1/236.9,1/473.8,6.322095346284667
2023-07-11,ファンキージャグラー2,114,2155,-964,5,6,1/195.9,1/431.0,1/359.2,6.343836295170166
2023-07-11,ファンキージャグラー2,115,989,-468,2,2,1/247.2,1/494.5,1/494.5,5.8010785812256955
2023-07-11,ファンキージャグラー2,116,470,-238,1,1,1/235.0,1/470.0,1/470.0,6.104005103987246
2023-07-11,ハッピージャグラーVIII,109,2134,-280,8,2,1/213.4,1/266.8,1/1067.0,5.878868450056581
2023-07-11,ハッピージャグラーVIII,110,1533,-1258,1,4,1/306.6,1/1533.0,1/383.2,6.381517659564869
2023-07-11,ハッピージャグラーVIII,111,2407,-767,7,6,1/185.2,1/343.9,1/401.2,6.525285260117301
2023-07-11,ハッピージャグラーVIII,112,1684,-663,3,6,1/187.1,1/561.3,1/280.7,6.067033150535738
2023-07-10,アイムジャグラーEX-TP,121,3226,-585,10,6,1/201.6,1/322.6,1/537.7,5.751265367520119
2023-07-10,アイムジャグラーEX-TP,122,903,-681,2,1,1/301.0,1/451.5,1/903.0,7.192905357854211
2023-07-10,アイムジャグラーEX-TP,123,2444,516,11,5,1/152.8,1/222.2,1/488.8,5.658694236393017
2023-07-10,アイムジャグラーEX-TP,124,3652,1092,19,6,1/146.1,1/192.2,1/608.7,5.866460940012336
2023-07-10,アイムジャグラーEX-TP,125,2191,-897,4,5,1/243.4,1/547.8,1/438.2,5.544555998864164
2023-07-10,アイムジャグラーEX-TP,126,4518,1113,21,14,1/129.1,1/215.1,1/322.7,6.099018167419991
2023-07-10,アイムジャグラーEX-TP,127,875,-377,3,0,1/291.7,1/291.7,1/0.0,6.472312372287408
2023-07-10,アイムジャグラーEX-TP,128,6021,-2379,10,25,1/172.0,1/602.1,1/240.8,6.058666182375873
2023-07-10,アイムジャグラーEX-TP,129,168,-206,0,0,1/0.0,1/0.0,1/0.0,6.143782053720059
2023-07-10,アイムジャグラーEX-TP,130,5559,1319,27,15,1/132.4,1/205.9,1/370.6,6.209932169309718
2023-07-10,アイムジャグラーEX-TP,131,2376,-148,8,7,1/158.4,1/297.0,1/339.4,5.972591085721789
2023-07-10,アイムジャグラーEX-TP,132,2958,-1125,7,9,1/184.9,1/422.6,1/328.7,6.331046708228125
2023-07-10,アイムジャグラーEX-TP,145,1763,-12,7,6,1/135.6,1/251.9,1/293.8,6.667996231579848
2023-07-10,アイムジャグラーEX-TP,146,5328,-851,15,19,1/156.7,1/355.2,1/280.4,6.053351155877632
2023-07-10,アイムジャグラーEX-TP,147,1809,-385,5,6,1/164.5,1/361.8,1/301.5,6.129655738677561
2023-07-10,アイムジャグラーEX-TP,148,1917,-304,6,6,1/159.8,1/319.5,1/319.5,6.224557890791186
2023-07-10,アイムジャグラーEX-TP,149,1581,149,7,1,1/197.6,1/225.9,1/1581.0,5.51766518374907
2023-07-10,アイムジャグラーEX-TP,150,2746,85,8,13,1/130.8,1/343.2,1/211.2,5.812383335613342
2023-07-10,アイムジャグラーEX-TP,151,2838,-1198,7,6,1/218.3,1/405.4,1/473.0,6.225182213254956
2023-07-10,アイムジャグラーEX-TP,152,588,-172,2,0,1/294.0,1/294.0,1/0.0,5.792018086857024
2023-07-10,アイムジャグラーEX-TP,153,3223,823,13,18,1/104.0,1/247.9,1/179.1,6.460495154558477
2023-07-10,アイムジャグラーEX-TP,154,1013,-386,3,1,1/253.2,1/337.7,1/1013.0,6.11074675858967
2023-07-10,アイムジャグラーEX-TP,155,2732,-254,10,4,1/195.1,1/273.2,1/683.0,5.812966566633427
2023-07-10,アイムジャグラーEX-TP,156,6161,89,22,21,1/143.3,1/280.0,1/293.4,6.0563541343818
2023-07-10,アイムジャグラーEX-TP,157,4472,-795,16,10,1/172.0,1/279.5,1/447.2,6.458756148130706
2023-07-10,アイムジャグラーEX-TP,158,1450,64,7,2,1/161.1,1/207.1,1/725.0,6.513875115537051
2023-07-10,アイムジャグラーEX-TP,159,1584,-663,4,2,1/264.0,1/396.0,1/792.0,5.9039520921123865
2023-07-10,アイムジャグラーEX-TP,160,488,-325,1,0,1/488.0,1/488.0,1/0.0,5.937009063793284
2023-07-10,アイムジャグラーEX-TP,161,4161,789,16,17,1/126.1,1/260.1,1/244.8,5.870806780489773
2023-07-10,アイムジャグラーEX-TP,162,883,-164,3,2,1/176.6,1/294.3,1/441.5,6.2832633149145245
2023-07-10,アイムジャグラーEX-TP,163,4389,-231,14,14,1/156.8,1/313.5,1/313.5,5.837604001523922
2023-07-10,アイムジャグラーEX-TP,164,1024,-549,2,1,1/341.3,1/512.0,1/1024.0,5.680015127477789
2023-07-10,アイムジャグラーEX-TP,165,838,-888,0,2,1/419.0,1/0.0,1/419.0,6.444715187425084
2023-07-10,アイムジャグラーEX-TP,166,1124,-1033,1,3,1/281.0,1/1124.0,1/374.7,7.070117957747364
2023-07-10,アイムジャグラーEX-TP,167,2383,-820,6,7,1/183.3,1/397.2,1/340.4,6.290220090920736
2023-07-10,アイムジャグラーEX-TP,168,6014,589,26,14,1/150.3,1/231.3,1/429.6,6.06837531288862
2023-07-10,アイムジャグラーEX-TP,169,2067,-1188,4,3,1/295.3,1/516.8,1/689.0,6.019027990751488
2023-07-10,アイムジャグラーEX-TP,170,5545,-1043,19,9,1/198.0,1/291.8,1/616.1,6.03904325871784
2023-07-10,アイムジャグラーEX-TP,171,1327,-698,3,2,1/265.4,1/442.3,1/663.5,6.197927426146463
2023-07-10,アイムジャグラーEX-TP,172,1955,-531,5,7,1/162.9,1/391.0,1/279.3,6.28398737159612
2023-07-10,アイムジャグラーEX-TP,173,1483,414,8,3,1/134.8,1/185.4,1/494.3,6.352032738282502
2023-07-10,アイムジャグラーEX-TP,174,7890,2111,32,36,1/116.0,1/246.6,1/219.2,5.960089608323156
2023-07-10,アイムジャグラーEX-TP,175,258,-253,0,1,1/258.0,1/0.0,1/258.0,6.788210719742406
2023-07-10,アイムジャグラーEX-TP,176,5927,1719,26,20,1/128.8,1/228.0,1/296.4,5.735677417373197
2023-07-10,アイムジャグラーEX-TP,177,936,-960,1,1,1/468.0,1/936.0,1/936.0,7.064100828265821
2023-07-10,アイムジャグラーEX-TP,178,3657,-2062,8,4,1/304.8,1/457.1,1/914.2,6.103817167358822
2023-07-10,マイジャグラーV,117,2371,-1047,5,4,1/263.4,1/474.2,1/592.8,5.619088213295042
2023-07-10,マイジャグラーV,118,6071,835,27,17,1/138.0,1/224.9,1/357.1,5.982129757003458
2023-07-10,マイジャグラーV,119,2377,-776,5,9,1/169.8,1/475.4,1/264.1,5.969418701893084
2023-07-10,マイジャグラーV,120,6526,-2169,15,19,1/191.9,1/435.1,1/343.5,5.835422412992369
2023-07-10,ファンキージャグラー2,113,583,-215,2,0,1/291.5,1/291.5,1/0.0,5.973880156842533
2023-07-10,ファンキージャグラー2,114,906,-602,1,3,1/226.5,1/906.0,1/302.0,6.2267923548598105
2023-07-10,ファンキージャグラー2,115,1986,-610,5,5,1/198.6,1/397.2,1/397.2,5.799602277526592
2023-07-10,ファンキージャグラー2,116,2855,493,11,11,1/129.8,1/259.5,1/259.5,5.6633643185979645
2023-07-10,ハッピージャグラーVIII,109,3012,1426,18,7,1/120.5,1/167.3,1/430.3,6.15925162229923
2023-07-10,ハッピージャグラーVIII,110,2028,228,7,10,1/119.3,1/289.7,1/202.8,6.184934104376252
2023-07-10,ハッピージャグラーVIII,111,2958,-275,10,9,1/155.7,1/295.8,1/328.7,6.221756723948511
2023-07-10,ハッピージャグラーVIII,112,1388,-975,3,1,1/347.0,1/462.7,1/1388.0,6.718066977869343
2023-07-09,アイムジャグラーEX-TP,121,4841,-490,16,13,1/166.9,1/302.6,1/372.4,5.9660959865600285
2023-07-09,アイムジャグラーEX-TP,122,4687,-133,13,23,1/130.2,1/360.5,1/203.8,5.989550706766983
2023-07-09,アイムジャグラーEX-TP,123,2512,-652,6,9,1/167.5,1/418.7,1/279.1,6.026889765235128
2023-07-09,アイムジャグラーEX-TP,124,2268,116,9,6,1/151.2,1/252.0,1/378.0,6.012964938661263
2023-07-09,アイムジャグラーEX-TP,125,3610,473,16,10,1/138.8,1/225.6,1/361.0,6.240633647318455
2023-07-09,アイムジャグラーEX-TP,126,3260,-276,14,4,1/181.1,1/232.9,1/815.0,6.411291424858385
2023-07-09,アイムジャグラーEX-TP,127,1017,-739,1,3,1/254.2,1/1017.0,1/339.0,6.281163402396896
2023-07-09,アイムジャグラーEX-TP,128,4422,721,19,13,1/138.2,1/232.7,1/340.2,6.0068962755449995
2023-07-09,アイムジャグラーEX-TP,129,4123,306,17,9,1/158.6,1/242.5,1/458.1,5.888145906970265
2023-07-09,アイムジャグラーEX-TP,130,1177,-172,3,4,1/168.1,1/392.3,1/294.2,5.641422284519117
2023-07-09,アイムジャグラーEX-TP,131,6513,-252,22,20,1/155.1,1/296.0,1/325.6,5.932742106843247
2023-07-09,アイムジャグラーEX-TP,132,2372,-906,5,8,1/182.5,1/474.4,1/296.5,6.175223851213761
2023-07-09,アイムジャグラーEX-TP,145,3129,689,15,8,1/136.0,1/208.6,1/391.1,6.151330878475908
2023-07-09,アイムジャグラーEX-TP,146,6117,758,20,29,1/124.8,1/305.9,1/210.9,5.800521075876135
2023-07-09,アイムジャグラーEX-TP,147,2095,-671,5,8,1/161.2,1/419.0,1/261.9,6.427414472052329
2023-07-09,アイムジャグラーEX-TP,148,1518,574,8,4,1/126.5,1/189.8,1/379.5,6.008936928012936
2023-07-09,アイムジャグラーEX-TP,149,5551,470,21,22,1/129.1,1/264.3,1/252.3,6.225751351790516
2023-07-09,アイムジャグラーEX-TP,150,4886,-721,14,18,1/152.7,1/349.0,1/271.4,6.107145480204873
2023-07-09,アイムジャグラーEX-TP,151,634,-652,0,1,1/634.0,1/0.0,1/634.0,5.927277170605828
2023-07-09,アイムジャグラーEX-TP,152,3416,1143,18,9,1/126.5,1/189.8,1/379.6,6.210921625678189
2023-07-09,アイムジャグラーEX-TP,153,3130,-1005,6,14,1/156.5,1/521.7,1/223.6,6.1559012475435395
2023-07-09,アイムジャグラーEX-TP,154,2288,-402,6,7,1/176.0,1/381.3,1/326.9,5.704764428260556
2023-07-09,アイムジャグラーEX-TP,155,518,-328,1,1,1/259.0,1/518.0,1/518.0,6.524240070874911
2023-07-09,アイムジャグラーEX-TP,156,6932,-198,27,18,1/154.0,1/256.7,1/385.1,6.280362010140936
2023-07-09,アイムジャグラーEX-TP,157,5684,260,21,20,1/138.6,1/270.7,1/284.2,6.103852846631751
2023-07-09,アイムジャグラーEX-TP,158,6108,707,25,19,1/138.8,1/244.3,1/321.5,6.063299416446145
2023-07-09,アイムジャグラーEX-TP,159,2140,-963,3,11,1/152.9,1/713.3,1/194.5,6.469887360470379
2023-07-09,アイムジャグラーEX-TP,160,607,-636,0,0,1/0.0,1/0.0,1/0.0,5.403419091321166
2023-07-09,アイムジャグラーEX-TP,161,3564,-804,9,12,1/169.7,1/396.0,1/297.0,5.93668228510497
2023-07-09,アイムジャグラーEX-TP,162,1199,-65,2,7,1/133.2,1/599.5,1/171.3,5.337174318300619
2023-07-09,アイムジャグラーEX-TP,163,2182,-371,6,7,1/167.8,1/363.7,1/311.7,5.87438671281569
2023-07-09,アイムジャグラーEX-TP,164,6984,1200,30,23,1/131.8,1/232.8,1/303.7,6.119916128757672
2023-07-09,アイムジャグラーEX-TP,165,3574,-503,14,6,1/178.7,1/255.3,1/595.7,6.4335311467151834
2023-07-09,アイムジャグラーEX-TP,166,1123,-626,3,1,1/280.8,1/374.3,1/1123.0,6.585045718864167
2023-07-09,アイムジャグラーEX-TP,167,3776,-1880,7,10,1/222.1,1/539.4,1/377.6,6.095623905429107
2023-07-09,アイムジャグラーEX-TP,168,4500,-3317,6,8,1/321.4,1/750.0,1/562.5,6.216607321091224
2023-07-09,アイムジャグラーEX-TP,169,5816,-341,17,22,1/149.1,1/342.1,1/264.4,5.818211560396223
2023-07-09,アイムジャグラーEX-TP,170,2543,-186,10,5,1/169.5,1/254.3,1/508.6,6.250522771554059
2023-07-09,アイムジャグラーEX-TP,171,3768,-745,12,10,1/171.3,1/314.0,1/376.8,6.261463771366706
2023-07-09,アイムジャグラーEX-TP,172,1199,-1361,1,1,1/599.5,1/1199.0,1/1199.0,7.244955510897464
2023-07-09,アイムジャグラーEX-TP,173,2491,-185,9,4,1/191.6,1/276.8,1/622.8,5.741623838632111
2023-07-09,アイムジャグラーEX-TP,174,3324,1089,16,12,1/118.7,1/207.8,1/277.0,6.141147059853791
2023-07-09,アイムジャグラーEX-TP,175,7156,835,26,31,1/125.5,1/275.2,1/230.8,6.062860287866064
2023-07-09,アイムジャグラーEX-TP,176,2993,195,11,10,1/142.5,1/272.1,1/299.3,5.917926447153974
2023-07-09,アイムジャグラーEX-TP,177,4100,1600,22,10,1/128.1,1/186.4,1/410.0,5.978733208509051
2023-07-09,アイムジャグラーEX-TP,178,6990,675,29,23,1/134.4,1/241.0,1/303.9,6.303716866257313
2023-07-09,マイジャグラーV,117,6693,1909,33,20,1/126.3,1/202.8,1/334.6,5.919350317827733
2023-07-09,マイジャグラーV,118,3448,674,15,9,1/143.7,1/229.9,1/383.1,5.568849316967225
2023-07-09,マイジャグラーV,119,7994,855,35,18,1/150.8,1/228.4,1/444.1,5.816035243878539
2023-07-09,マイジャグラーV,120,4411,-898,16,8,1/183.8,1/275.7,1/551.4,6.219061729797302
2023-07-09,ファンキージャグラー2,113,3525,290,16,6,1/160.2,1/220.3,1/587.5,5.869903578507618
2023-07-09,ファンキージャグラー2,114,4292,-330,15,10,1/171.7,1/286.1,1/429.2,5.739953109451089
2023-07-09,ファンキージャグラー2,115,4895,2779,29,16,1/108.8,1/168.8,1/305.9,5.849371368088945
2023-07-09,ファンキージャグラー2,116,1100,-92,4,2,1/183.3,1/275.0,1/550.0,5.7066151342027265
2023-07-09,ハッピージャグラーVIII,109,3797,360,19,6,1/151.9,1/199.8,1/632.8,6.533598442794158
2023-07-09,ハッピージャグラーVIII,110,2076,-801,5,5,1/207.6,1/415.2,1/415.2,6.217656617334233
2023-07-09,ハッピージャグラーVIII,111,1565,-708,3,4,1/223.6,1/521.7,1/391.2,6.043143312998863
2023-07-09,ハッピージャグラーVIII,112,1191,-786,2,2,1/297.8,1/595.5,1/595.5,6.36372070078671
2023-07-08,アイムジャグラーEX-TP,121,5635,-976,19,13,1/176.1,1/296.6,1/433.5,6.210150615163084
2023-07-08,アイムジャグラーEX-TP,122,3935,-707,12,10,1/178.9,1/327.9,1/393.5,5.968407029888599
2023-07-08,アイムジャグラーEX-TP,123,6204,1202,23,31,1/114.9,1/269.7,1/200.1,6.085188758455338
2023-07-08,アイムジャグラーEX-TP,124,4816,595,18,20,1/126.7,1/267.6,1/240.8,6.073246122561486
2023-07-08,アイムジャグラーEX-TP,125,7212,-191,25,26,1/141.4,1/288.5,1/277.4,6.213562896510413
2023-07-08,アイムジャグラーEX-TP,126,2807,-846,7,7,1/200.5,1/401.0,1/401.0,5.870091180688851
2023-07-08,アイムジャグラーEX-TP,127,3438,-116,14,6,1/171.9,1/245.6,1/573.0,6.129210605452623
2023-07-08,アイムジャグラーEX-TP,128,5316,-120,19,20,1/136.3,1/279.8,1/265.8,6.403084349832008
2023-07-08,アイムジャグラーEX-TP,129,2487,-1218,5,5,1/248.7,1/497.4,1/497.4,5.961470062561639
2023-07-08,アイムジャグラーEX-TP,130,5500,-883,17,16,1/166.7,1/323.5,1/343.8,6.087850449186511
2023-07-08,アイムジャグラーEX-TP,131,4088,-1382,9,15,1/170.3,1/454.2,1/272.5,6.213034874214616
2023-07-08,アイムジャグラーEX-TP,132,5771,-147,21,18,1/148.0,1/274.8,1/320.6,6.194399003168674
2023-07-08,アイムジャグラーEX-TP,145,3906,-516,13,8,1/186.0,1/300.5,1/488.2,5.861159925349891
2023-07-08,アイムジャグラーEX-TP,146,4345,-148,15,14,1/149.8,1/289.7,1/310.4,6.060711309908021
2023-07-08,アイムジャグラーEX-TP,147,2714,229,10,10,1/135.7,1/271.4,1/271.4,5.988095824360014
2023-07-08,アイムジャグラーEX-TP,148,4228,179,15,15,1/140.9,1/281.9,1/281.9,5.964130971526183
2023-07-08,アイムジャグラーEX-TP,149,5713,-1131,15,21,1/158.7,1/380.9,1/272.0,6.058089881821331
2023-07-08,アイムジャグラーEX-TP,150,2688,-267,10,7,1/158.1,1/268.8,1/384.0,6.419345615060357
2023-07-08,アイムジャグラーEX-TP,151,6200,-92,23,21,1/140.9,1/269.6,1/295.2,6.3552394336456635
2023-07-08,アイムジャグラーEX-TP,152,3624,-962,8,16,1/151.0,1/453.0,1/226.5,6.2126180054561315
2023-07-08,アイムジャグラーEX-TP,153,4518,-320,16,11,1/167.3,1/282.4,1/410.7,5.9888655615932755
2023-07-08,アイムジャグラーEX-TP,154,3676,-651,11,11,1/167.1,1/334.2,1/334.2,6.086591130459127
2023-07-08,アイムジャグラーEX-TP,155,5298,-148,20,17,1/143.2,1/264.9,1/311.6,6.419105273411296
2023-07-08,アイムジャグラーEX-TP,156,3226,-1042,8,9,1/189.8,1/403.2,1/358.4,6.076602220212637
2023-07-08,アイムジャグラーEX-TP,157,4287,-470,14,13,1/158.8,1/306.2,1/329.8,6.10992973609308
2023-07-08,アイムジャグラーEX-TP,158,7551,2478,34,34,1/111.0,1/222.1,1/222.1,6.17142164447276
2023-07-08,アイムジャグラーEX-TP,159,1689,-559,6,1,1/241.3,1/281.5,1/1689.0,6.408096495234087
2023-07-08,アイムジャグラーEX-TP,160,7733,1295,34,22,1/138.1,1/227.4,1/351.5,6.060048854040294
2023-07-08,アイムジャグラーEX-TP,161,2515,-1298,4,9,1/193.5,1/628.8,1/279.4,6.290498208708726
2023-07-08,アイムジャグラーEX-TP,162,7067,313,28,19,1/150.4,1/252.4,1/371.9,6.0557713836361335
2023-07-08,アイムジャグラーEX-TP,163,5689,701,22,23,1/126.4,1/258.6,1/247.3,6.178354666033214
2023-07-08,アイムジャグラーEX-TP,164,2173,-1626,4,3,1/310.4,1/543.2,1/724.3,6.745071108352382
2023-07-08,アイムジャグラーEX-TP,165,5919,278,24,15,1/151.8,1/246.6,1/394.6,6.082953792746353
2023-07-08,アイムジャグラーEX-TP,166,7084,3396,38,25,1/112.4,1/186.4,1/283.4,6.043164041338143
2023-07-08,アイムジャグラーEX-TP,167,4301,-412,15,12,1/159.3,1/286.7,1/358.4,6.199020497109556
2023-07-08,アイムジャグラーEX-TP,168,6180,-794,17,21,1/162.6,1/363.5,1/294.3,5.7760264433593775
2023-07-08,アイムジャグラーEX-TP,169,6680,1525,27,30,1/117.2,1/247.4,1/222.7,6.09146711754466
2023-07-08,アイムジャグラーEX-TP,170,5331,463,21,18,1/136.7,1/253.9,1/296.2,6.135763769480863
2023-07-08,アイムジャグラーEX-TP,171,5756,-1019,18,13,1/185.7,1/319.8,1/442.8,5.923898142338202
2023-07-08,アイムジャグラーEX-TP,172,2629,-870,6,6,1/219.1,1/438.2,1/438.2,5.687470448517944
2023-07-08,アイムジャグラーEX-TP,173,7558,1618,32,27,1/128.1,1/236.2,1/279.9,5.977484056081518
2023-07-08,アイムジャグラーEX-TP,174,3108,-330,12,2,1/222.0,1/259.0,1/1554.0,5.752202021776859
2023-07-08,アイムジャグラーEX-TP,175,4425,1071,20,15,1/126.4,1/221.2,1/295.0,6.098121881818397
2023-07-08,アイムジャグラーEX-TP,176,3749,-353,13,7,1/187.4,1/288.4,1/535.6,5.775832143502668
2023-07-08,アイムジャグラーEX-TP,177,4854,116,18,13,1/156.6,1/269.7,1/373.4,5.8590326167421
2023-07-08,アイムジャグラーEX-TP,178,4737,-527,16,11,1/175.4,1/296.1,1/430.6,5.9380418173276075
2023-07-08,マイジャグラーV,117,5999,2345,31,17,1/125.0,1/193.5,1/352.9,5.653001360019638
2023-07-08,マイジャグラーV,118,4788,-31,19,13,1/149.6,1/252.0,1/368.3,6.0788636963423235
2023-07-08,マイジャグラーV,119,7841,324,29,24,1/147.9,1/270.4,1/326.7,5.732963658076378
2023-07-08,マイジャグラーV,120,5646,-1060,16,17,1/171.1,1/352.9,1/332.1,5.805564205019612
2023-07-08,ファンキージャグラー2,113,1589,-1049,2,3,1/317.8,1/794.5,1/529.7,5.765460329963753
2023-07-08,ファンキージャグラー2,114,7747,1033,32,23,1/140.9,1/242.1,1/336.8,5.751251736611044
2023-07-08,ファンキージャグラー2,115,3624,-188,14,9,1/157.6,1/258.9,1/402.7,6.078932013502811
2023-07-08,ファンキージャグラー2,116,2807,-505,9,6,1/187.1,1/311.9,1/467.8,5.805117680691073
2023-07-08,ハッピージャグラーVIII,109,4956,-1892,12,11,1/215.5,1/413.0,1/450.5,6.12677567242321
2023-07-08,ハッピージャグラーVIII,110,4238,-1056,14,9,1/184.3,1/302.7,1/470.9,6.472191168490508
2023-07-08,ハッピージャグラーVIII,111,4130,358,16,12,1/147.5,1/258.1,1/344.2,5.881055649489085
2023-07-08,ハッピージャグラーVIII,112,3806,372,18,5,1/165.5,1/211.4,1/761.2,6.066641644028005
2023-07-07,アイムジャグラーEX-TP,121,6574,-335,20,23,1/152.9,1/328.7,1/285.8,5.798184325126405
2023-07-07,アイムジャグラーEX-TP,122,2580,-382,9,6,1/172.0,1/286.7,1/430.0,6.23882437334576
2023-07-07,アイムジャグラーEX-TP,123,8035,506,30,28,1/138.5,1/267.8,1/287.0,6.054696933972306
2023-07-07,アイムジャグラーEX-TP,124,2337,-673,7,4,1/212.5,1/333.9,1/584.2,6.038888738009983
2023-07-07,アイムジャグラーEX-TP,125,5284,1425,25,13,1/139.1,1/211.4,1/406.5,5.818467812432067
2023-07-07,アイムジャグラーEX-TP,126,3495,461,15,10,1/139.8,1/233.0,1/349.5,6.109834902471214
2023-07-07,アイムジャグラーEX-TP,127,2410,-1138,4,9,1/185.4,1/602.5,1/267.8,6.233427908143069
2023-07-07,アイムジャグラーEX-TP,128,4015,-907,12,10,1/182.5,1/334.6,1/401.5,6.087132257237509
2023-07-07,アイムジャグラーEX-TP,129,3215,-1227,8,6,1/229.6,1/401.9,1/535.8,5.953636449662327
2023-07-07,アイムジャグラーEX-TP,130,3816,-208,12,15,1/141.3,1/318.0,1/254.4,6.110098107584449
2023-07-07,アイムジャグラーEX-TP,131,6266,-445,20,23,1/145.7,1/313.3,1/272.4,6.126841718011398
2023-07-07,アイムジャグラーEX-TP,132,990,-1059,0,2,1/495.0,1/0.0,1/495.0,6.31812324935335
2023-07-07,アイムジャグラーEX-TP,145,2284,-675,7,4,1/207.6,1/326.3,1/571.0,6.173112952480193
2023-07-07,アイムジャグラーEX-TP,146,1450,-803,4,0,1/362.5,1/362.5,1/0.0,6.243057289738135
2023-07-07,アイムジャグラーEX-TP,147,3259,-447,10,8,1/181.1,1/325.9,1/407.4,5.770318381698893
2023-07-07,アイムジャグラーEX-TP,148,3588,-52,14,9,1/156.0,1/256.3,1/398.7,6.179731283995734
2023-07-07,アイムジャグラーEX-TP,149,2558,-670,8,6,1/182.7,1/319.8,1/426.3,6.36329773253164
2023-07-07,アイムジャグラーEX-TP,150,2356,466,11,6,1/138.6,1/214.2,1/392.7,6.1046709049907735
2023-07-07,アイムジャグラーEX-TP,151,2747,129,12,5,1/161.6,1/228.9,1/549.4,6.133330660001974
2023-07-07,アイムジャグラーEX-TP,152,7974,-506,28,22,1/159.5,1/284.8,1/362.5,6.061387119937003
2023-07-07,アイムジャグラーEX-TP,153,873,-904,1,0,1/873.0,1/873.0,1/0.0,6.638951389415412
2023-07-07,アイムジャグラーEX-TP,154,2609,800,12,10,1/118.6,1/217.4,1/260.9,6.087106612277626
2023-07-07,アイムジャグラーEX-TP,155,7251,-560,22,28,1/145.0,1/329.6,1/259.0,6.056158959982362
2023-07-07,アイムジャグラーEX-TP,156,834,-825,0,2,1/417.0,1/0.0,1/417.0,6.103636230306442
2023-07-07,アイムジャグラーEX-TP,157,6055,-529,18,22,1/151.4,1/336.4,1/275.2,5.934836184799135
2023-07-07,アイムジャグラーEX-TP,158,3157,485,14,8,1/143.5,1/225.5,1/394.6,6.031418628253274
2023-07-07,アイムジャグラーEX-TP,159,4386,1060,18,17,1/125.3,1/243.7,1/258.0,5.840736537917932
2023-07-07,アイムジャグラーEX-TP,160,7659,3721,40,30,1/109.4,1/191.5,1/255.3,6.0201006751992105
2023-07-07,アイムジャグラーEX-TP,161,1124,-875,3,0,1/374.7,1/374.7,1/0.0,7.41252641784187
2023-07-07,アイムジャグラーEX-TP,162,4477,41,18,11,1/154.4,1/248.7,1/407.0,6.185796369745815
2023-07-07,アイムジャグラーEX-TP,163,4348,1319,21,12,1/131.8,1/207.0,1/362.3,5.902711129612065
2023-07-07,アイムジャグラーEX-TP,164,2629,-1076,6,8,1/187.8,1/438.2,1/328.6,6.370527830095479
2023-07-07,アイムジャグラーEX-TP,165,4822,555,19,19,1/126.9,1/253.8,1/253.8,6.259229345302524
2023-07-07,アイムジャグラーEX-TP,166,6674,-2254,15,24,1/171.1,1/444.9,1/278.1,6.233554435223949
2023-07-07,アイムジャグラーEX-TP,167,2551,-136,9,5,1/182.2,1/283.4,1/510.2,5.706545239616068
2023-07-07,アイムジャグラーEX-TP,168,7287,822,33,16,1/148.7,1/220.8,1/455.4,6.181567421037602
2023-07-07,アイムジャグラーEX-TP,169,4555,1163,21,13,1/134.0,1/216.9,1/350.4,5.910789000144947
2023-07-07,アイムジャグラーEX-TP,170,8007,73,26,33,1/135.7,1/308.0,1/242.6,6.019447483884108
2023-07-07,アイムジャグラーEX-TP,171,1091,-571,3,0,1/363.7,1/363.7,1/0.0,6.087969541626115
2023-07-07,アイムジャグラーEX-TP,172,7104,1139,29,26,1/129.2,1/245.0,1/273.2,6.0864678892853314
2023-07-07,アイムジャグラーEX-TP,173,4342,-971,11,17,1/155.1,1/394.7,1/255.4,6.176424867930909
2023-07-07,アイムジャグラーEX-TP,174,3963,-688,11,15,1/152.4,1/360.3,1/264.2,6.169014944831758
2023-07-07,アイムジャグラーEX-TP,175,5176,-284,17,21,1/136.2,1/304.5,1/246.5,6.340141693347484
2023-07-07,アイムジャグラーEX-TP,176,1331,-289,5,1,1/221.8,1/266.2,1/1331.0,6.173849096655944
2023-07-07,アイムジャグラーEX-TP,177,2356,-1129,4,6,1/235.6,1/589.0,1/392.7,5.797205009001662
2023-07-07,アイムジャグラーEX-TP,178,6906,918,32,13,1/153.5,1/215.8,1/531.2,6.070990022082633
2023-07-07,マイジャグラーV,117,8212,3336,45,21,1/124.4,1/182.5,1/391.0,5.788085536753781
2023-07-07,マイジャグラーV,118,7187,228,29,19,1/149.7,1/247.8,1/378.3,5.947706745629321
2023-07-07,マイジャグラーV,119,2331,-2065,2,5,1/333.0,1/1165.5,1/466.2,6.4774393181810135
2023-07-07,マイジャグラーV,120,6416,746,30,10,1/160.4,1/213.9,1/641.6,5.798541916146612
2023-07-07,ファンキージャグラー2,113,2254,-966,6,3,1/250.4,1/375.7,1/751.3,5.985845758643873
2023-07-07,ファンキージャグラー2,114,2889,-608,9,5,1/206.4,1/321.0,1/577.8,5.681535621337941
2023-07-07,ファンキージャグラー2,115,1521,-230,4,6,1/152.1,1/380.2,1/253.5,5.828555678825314
2023-07-07,ファンキージャグラー2,116,6461,1846,33,18,1/126.7,1/195.8,1/358.9,6.028331080076256
2023-07-07,ハッピージャグラーVIII,109,6252,-202,22,21,1/145.4,1/284.2,1/297.7,6.23505965467124
2023-07-07,ハッピージャグラーVIII,110,1694,-701,5,2,1/242.0,1/338.8,1/847.0,6.420532970564377
2023-07-07,ハッピージャグラーVIII,111,6706,1150,28,23,1/131.5,1/239.5,1/291.6,6.0481217553830104
2023-07-07,ハッピージャグラーVIII,112,4979,3091,30,19,1/101.6,1/166.0,1/262.1,6.1936395246751745
2023-07-05,アイムジャグラーEX-TP,121,4136,-1819,10,7,1/243.3,1/413.6,1/590.9,6.061314919324353
2023-07-05,アイムジャグラーEX-TP,122,3430,-406,12,8,1/171.5,1/285.8,1/428.8,6.112532616509683
2023-07-05,アイムジャグラーEX-TP,123,6654,1490,28,27,1/121.0,1/237.6,1/246.4,6.113918397713074
2023-07-05,アイムジャグラーEX-TP,124,3324,44,12,11,1/144.5,1/277.0,1/302.2,6.063776812442184
2023-07-05,アイムジャグラーEX-TP,125,1341,-784,3,1,1/335.2,1/447.0,1/1341.0,6.104204645349805
2023-07-05,アイムジャグラーEX-TP,126,4132,-685,11,16,1/153.0,1/375.6,1/258.2,6.03843263624948
2023-07-05,アイムジャグラーEX-TP,127,1936,-619,4,7,1/176.0,1/484.0,1/276.6,5.947595599995809
2023-07-05,アイムジャグラーEX-TP,128,2088,-390,5,9,1/149.1,1/417.6,1/232.0,6.0180885063675005
2023-07-05,アイムジャグラーEX-TP,129,5186,138,20,16,1/144.1,1/259.3,1/324.1,6.19143713499353
2023-07-05,アイムジャグラーEX-TP,130,1209,-112,5,0,1/241.8,1/241.8,1/0.0,5.728198814078064
2023-07-05,アイムジャグラーEX-TP,131,1149,-627,2,3,1/229.8,1/574.5,1/383.0,6.169998438974286
2023-07-05,アイムジャグラーEX-TP,132,7497,2281,31,35,1/113.6,1/241.8,1/214.2,5.930399652614797
2023-07-05,アイムジャグラーEX-TP,145,5306,1709,26,18,1/120.6,1/204.1,1/294.8,6.172220253481197
2023-07-05,アイムジャグラーEX-TP,146,467,-671,0,0,1/0.0,1/0.0,1/0.0,7.329436019516704
2023-07-05,アイムジャグラーEX-TP,147,1434,171,6,4,1/143.4,1/239.0,1/358.5,6.012229226427344
2023-07-05,アイムジャグラーEX-TP,148,1698,-737,4,4,1/212.2,1/424.5,1/424.5,6.259655832473029
2023-07-05,アイムジャグラーEX-TP,149,1109,-169,4,2,1/184.8,1/277.2,1/554.5,6.163649849999327
2023-07-05,アイムジャグラーEX-TP,150,681,-567,1,0,1/681.0,1/681.0,1/0.0,6.029644067720074
2023-07-05,アイムジャグラーEX-TP,151,2449,431,10,8,1/136.1,1/244.9,1/306.1,5.851230237284707
2023-07-05,アイムジャグラーEX-TP,152,1483,313,6,6,1/123.6,1/247.2,1/247.2,5.9813504477663955
2023-07-05,アイムジャグラーEX-TP,153,1470,301,7,1,1/183.8,1/210.0,1/1470.0,5.435309099003231
2023-07-05,アイムジャグラーEX-TP,154,1166,-840,2,1,1/388.7,1/583.0,1/1166.0,6.176374477716293
2023-07-05,アイムジャグラーEX-TP,155,1662,-414,5,5,1/166.2,1/332.4,1/332.4,6.468285668450621
2023-07-05,アイムジャグラーEX-TP,156,6291,2300,33,15,1/131.1,1/190.6,1/419.4,5.930946250184451
2023-07-05,アイムジャグラーEX-TP,157,2575,138,12,3,1/171.7,1/214.6,1/858.3,6.153526299155772
2023-07-05,アイムジャグラーEX-TP,158,4607,346,17,16,1/139.6,1/271.0,1/287.9,5.945743407190771
2023-07-05,アイムジャグラーEX-TP,159,1203,-721,1,3,1/300.8,1/1203.0,1/401.0,5.39592256640304
2023-07-05,アイムジャグラーEX-TP,160,1721,-824,3,5,1/215.1,1/573.7,1/344.2,5.993282230590297
2023-07-05,アイムジャグラーEX-TP,161,1116,-852,2,0,1/558.0,1/558.0,1/0.0,6.085453508607481
2023-07-05,アイムジャグラーEX-TP,162,5727,577,21,20,1/139.7,1/272.7,1/286.4,5.817580720811762
2023-07-05,アイムジャグラーEX-TP,163,1673,54,6,4,1/167.3,1/278.8,1/418.2,5.587423947745797
2023-07-05,アイムジャグラーEX-TP,164,666,-211,3,0,1/222.0,1/222.0,1/0.0,7.409147003595218
2023-07-05,アイムジャグラーEX-TP,165,6008,2159,30,16,1/130.6,1/200.3,1/375.5,5.799475116612599
2023-07-05,アイムジャグラーEX-TP,166,3034,-141,11,6,1/178.5,1/275.8,1/505.7,5.786386851696526
2023-07-05,アイムジャグラーEX-TP,167,3557,-483,11,12,1/154.7,1/323.4,1/296.4,6.18140489170003
2023-07-05,アイムジャグラーEX-TP,168,4784,-682,15,11,1/184.0,1/318.9,1/434.9,5.8014399455285535
2023-07-05,アイムジャグラーEX-TP,169,6018,-303,19,23,1/143.3,1/316.7,1/261.7,6.057426456169385
2023-07-05,アイムジャグラーEX-TP,170,3686,-315,11,13,1/153.6,1/335.1,1/283.5,5.89478521647999
2023-07-05,アイムジャグラーEX-TP,171,2964,-388,10,10,1/148.2,1/296.4,1/296.4,6.51260302942387
2023-07-05,アイムジャグラーEX-TP,172,1149,-694,2,2,1/287.2,1/574.5,1/574.5,6.055177688108918
2023-07-05,アイムジャグラーEX-TP,173,2837,237,12,5,1/166.9,1/236.4,1/567.4,5.791873546149401
2023-07-05,アイムジャグラーEX-TP,174,218,-294,0,0,1/0.0,1/0.0,1/0.0,6.781407247768978
2023-07-05,アイムジャグラーEX-TP,175,6597,2839,38,14,1/126.9,1/173.6,1/471.2,6.110223655488678
2023-07-05,アイムジャグラーEX-TP,176,1229,-243,4,2,1/204.8,1/307.2,1/614.5,5.891640036038237
2023-07-05,アイムジャグラーEX-TP,177,2208,-156,9,3,1/184.0,1/245.3,1/736.0,6.134333229649766
2023-07-05,アイムジャグラーEX-TP,178,5698,904,25,18,1/132.5,1/227.9,1/316.6,6.2319049317981
2023-07-05,マイジャグラーV,117,4715,-318,16,13,1/162.6,1/294.7,1/362.7,5.761242370678227
2023-07-05,マイジャグラーV,118,2363,480,14,2,1/147.7,1/168.8,1/1181.5,6.4747655619563735
2023-07-05,マイジャグラーV,119,5435,251,25,10,1/155.3,1/217.4,1/543.5,6.149337350560971
2023-07-05,マイジャグラーV,120,5204,-1991,13,11,1/216.8,1/400.3,1/473.1,5.9305872962934
2023-07-05,ファンキージャグラー2,113,3154,-1029,9,8,1/185.5,1/350.4,1/394.2,6.259070032970753
2023-07-05,ファンキージャグラー2,114,924,-630,1,2,1/308.0,1/924.0,1/462.0,5.789615159768942
2023-07-05,ファンキージャグラー2,115,2362,-401,9,3,1/196.8,1/262.4,1/787.3,6.031685372786311
2023-07-05,ファンキージャグラー2,116,6242,131,19,28,1/132.8,1/328.5,1/222.9,5.7381901999074865
2023-07-05,ハッピージャグラーVIII,109,652,-426,2,0,1/326.0,1/326.0,1/0.0,7.328358217343145
2023-07-05,ハッピージャグラーVIII,110,7175,2841,38,26,1/112.1,1/188.8,1/276.0,6.349309941177626
2023-07-05,ハッピージャグラーVIII,111,828,-698,1,0,1/828.0,1/828.0,1/0.0,5.935545566602664
2023-07-05,ハッピージャグラーVIII,112,1413,-265,4,6,1/141.3,1/353.2,1/235.5,6.623448237230541
2023-07-04,アイムジャグラーEX-TP,121,5233,-71,20,8,1/186.9,1/261.6,1/654.1,5.678246527957871
2023-07-04,アイムジャグラーEX-TP,122,3129,-1258,8,8,1/195.6,1/391.1,1/391.1,6.449695794501521
2023-07-04,アイムジャグラーEX-TP,123,3627,-593,8,15,1/157.7,1/453.4,1/241.8,5.646820741060606
2023-07-04,アイムジャグラーEX-TP,124,5333,-1066,17,12,1/183.9,1/313.7,1/444.4,6.0920021173619805
2023-07-04,アイムジャグラーEX-TP,125,2486,-380,8,6,1/177.6,1/310.8,1/414.3,5.98332649558974
2023-07-04,アイムジャグラーEX-TP,126,2729,-387,8,9,1/160.5,1/341.1,1/303.2,5.988695300735095
2023-07-04,アイムジャグラーEX-TP,127,874,-423,2,1,1/291.3,1/437.0,1/874.0,5.880563600212911
2023-07-04,アイムジャグラーEX-TP,128,5319,-911,16,12,1/190.0,1/332.4,1/443.2,5.770440235879193
2023-07-04,アイムジャグラーEX-TP,129,1227,-446,3,4,1/175.3,1/409.0,1/306.8,6.451533864006609
2023-07-04,アイムジャグラーEX-TP,130,6279,1864,28,23,1/123.1,1/224.2,1/273.0,5.900226632036843
2023-07-04,アイムジャグラーEX-TP,131,1393,-436,3,5,1/174.1,1/464.3,1/278.6,6.004472879696914
2023-07-04,アイムジャグラーEX-TP,132,6553,4006,34,36,1/93.6,1/192.7,1/182.0,6.09398507770626
2023-07-04,アイムジャグラーEX-TP,145,4118,448,15,15,1/137.3,1/274.5,1/274.5,5.818313592747606
2023-07-04,アイムジャグラーEX-TP,146,2719,-472,9,6,1/181.3,1/302.1,1/453.2,6.0934203587606
2023-07-04,アイムジャグラーEX-TP,147,1145,175,4,5,1/127.2,1/286.2,1/229.0,5.765806050873545
2023-07-04,アイムジャグラーEX-TP,148,6250,1535,29,24,1/117.9,1/215.5,1/260.4,6.439357352136256
2023-07-04,アイムジャグラーEX-TP,149,2533,-130,9,8,1/149.0,1/281.4,1/316.6,6.233188631323429
2023-07-04,アイムジャグラーEX-TP,150,717,-491,2,0,1/358.5,1/358.5,1/0.0,7.001052013031916
2023-07-04,アイムジャグラーEX-TP,151,2694,-1232,4,8,1/224.5,1/673.5,1/336.8,5.65328895088807
2023-07-04,アイムジャグラーEX-TP,152,1244,-735,3,2,1/248.8,1/414.7,1/622.0,6.788632489467388
2023-07-04,アイムジャグラーEX-TP,153,2267,-99,8,8,1/141.7,1/283.4,1/283.4,6.339703873466782
2023-07-04,アイムジャグラーEX-TP,154,3982,1743,18,19,1/107.6,1/221.2,1/209.6,5.814708827287275
2023-07-04,アイムジャグラーEX-TP,155,5444,1243,25,15,1/136.1,1/217.8,1/362.9,5.96833781441048
2023-07-04,アイムジャグラーEX-TP,156,1796,-803,4,3,1/256.6,1/449.0,1/598.7,5.871409143752071
2023-07-04,アイムジャグラーEX-TP,157,5606,-792,21,9,1/186.9,1/267.0,1/622.9,6.187414375334824
2023-07-04,アイムジャグラーEX-TP,158,3537,1236,17,13,1/117.9,1/208.1,1/272.1,6.060180522446158
2023-07-04,アイムジャグラーEX-TP,159,3251,-494,12,6,1/180.6,1/270.9,1/541.8,6.2835396734886455
2023-07-04,アイムジャグラーEX-TP,160,3297,32,14,8,1/149.9,1/235.5,1/412.1,6.451469238467162
2023-07-04,アイムジャグラーEX-TP,161,3576,-933,10,9,1/188.2,1/357.6,1/397.3,6.037325154986291
2023-07-04,アイムジャグラーEX-TP,162,2685,-612,8,9,1/157.9,1/335.6,1/298.3,6.490819841312146
2023-07-04,アイムジャグラーEX-TP,163,5920,844,23,23,1/128.7,1/257.4,1/257.4,6.0391567908940935
2023-07-04,アイムジャグラーEX-TP,164,4636,2059,24,11,1/132.5,1/193.2,1/421.5,5.533423387133304
2023-07-04,アイムジャグラーEX-TP,165,1011,-194,3,3,1/168.5,1/337.0,1/337.0,6.115081848344276
2023-07-04,アイムジャグラーEX-TP,166,6533,734,24,26,1/130.7,1/272.2,1/251.3,5.976433731632347
2023-07-04,アイムジャグラーEX-TP,167,1518,1639,13,2,1/101.2,1/116.8,1/759.0,6.011167704173887
2023-07-04,アイムジャグラーEX-TP,168,6435,-772,19,24,1/149.7,1/338.7,1/268.1,6.100979603055192
2023-07-04,アイムジャグラーEX-TP,169,7338,-148,27,20,1/156.1,1/271.8,1/366.9,6.041953934967415
2023-07-04,アイムジャグラーEX-TP,170,2559,-508,8,4,1/213.2,1/319.9,1/639.8,5.732894691093084
2023-07-04,アイムジャグラーEX-TP,171,3264,338,11,15,1/125.5,1/296.7,1/217.6,5.937329954342587
2023-07-04,アイムジャグラーEX-TP,172,5030,739,22,15,1/135.9,1/228.6,1/335.3,6.190579132370027
2023-07-04,アイムジャグラーEX-TP,173,2355,-131,8,8,1/147.2,1/294.4,1/294.4,6.1746327732202895
2023-07-04,アイムジャグラーEX-TP,174,4520,2754,28,12,1/113.0,1/161.4,1/376.7,6.022645145748013
2023-07-04,アイムジャグラーEX-TP,175,4661,1174,23,11,1/137.1,1/202.7,1/423.7,6.080887625379332
2023-07-04,アイムジャグラーEX-TP,176,4148,1538,23,8,1/133.8,1/180.3,1/518.5,6.050261776652952
2023-07-04,アイムジャグラーEX-TP,177,3079,157,12,9,1/146.6,1/256.6,1/342.1,6.052910458149491
2023-07-04,アイムジャグラーEX-TP,178,6408,-2528,13,24,1/173.2,1/492.9,1/267.0,6.312348540698399
2023-07-04,マイジャグラーV,117,3660,-1467,8,7,1/244.0,1/457.5,1/522.9,5.615661158370506
2023-07-04,マイジャグラーV,118,3915,-1572,11,5,1/244.7,1/355.9,1/783.0,5.991936196899156
2023-07-04,マイジャグラーV,119,3854,-451,15,7,1/175.2,1/256.9,1/550.6,6.109989376442252
2023-07-04,マイジャグラーV,120,6627,100,28,16,1/150.6,1/236.7,1/414.2,6.1312697427224
2023-07-04,ファンキージャグラー2,113,5092,2480,28,17,1/113.2,1/181.9,1/299.5,5.78809809257615
2023-07-04,ファンキージャグラー2,114,1935,322,8,5,1/148.8,1/241.9,1/387.0,5.480064054443798
2023-07-04,ファンキージャグラー2,115,3399,53,15,6,1/161.9,1/226.6,1/566.5,6.059091787330246
2023-07-04,ファンキージャグラー2,116,2537,-1238,5,5,1/253.7,1/507.4,1/507.4,5.790895654057782
2023-07-04,ハッピージャグラーVIII,109,2385,-35,10,3,1/183.5,1/238.5,1/795.0,5.969186421477433
2023-07-04,ハッピージャグラーVIII,110,1939,-791,4,6,1/193.9,1/484.8,1/323.2,6.241495750797579
2023-07-04,ハッピージャグラーVIII,111,2299,960,12,9,1/109.5,1/191.6,1/255.4,6.288917420927003
2023-07-04,ハッピージャグラーVIII,112,4340,-673,13,12,1/173.6,1/333.8,1/361.7,5.958467150002694
2023-07-03,アイムジャグラーEX-TP,121,4649,842,23,5,1/166.0,1/202.1,1/929.8,5.865173229638652
2023-07-03,アイムジャグラーEX-TP,122,6856,1796,36,13,1/139.9,1/190.4,1/527.4,6.199677412409459
2023-07-03,アイムジャグラーEX-TP,123,3088,-1714,7,5,1/257.3,1/441.1,1/617.6,6.402567396352012
2023-07-03,アイムジャグラーEX-TP,124,3661,-597,13,6,1/192.7,1/281.6,1/610.2,6.074546953037282
2023-07-03,アイムジャグラーEX-TP,125,5733,1051,25,15,1/143.3,1/229.3,1/382.2,5.853091865915456
2023-07-03,アイムジャグラーEX-TP,126,4597,-471,18,6,1/191.5,1/255.4,1/766.2,6.0709640093919415
2023-07-03,アイムジャグラーEX-TP,127,5461,1256,27,12,1/140.0,1/202.3,1/455.1,6.121849420911271
2023-07-03,アイムジャグラーEX-TP,128,3328,-909,10,7,1/195.8,1/332.8,1/475.4,6.154416643687774
2023-07-03,アイムジャグラーEX-TP,129,7467,1743,32,33,1/114.9,1/233.3,1/226.3,6.328827304915551
2023-07-03,アイムジャグラーEX-TP,130,4927,-730,15,14,1/169.9,1/328.5,1/351.9,5.949780112332863
2023-07-03,アイムジャグラーEX-TP,131,2614,-1114,6,7,1/201.1,1/435.7,1/373.4,6.297318573324409
2023-07-03,アイムジャグラーEX-TP,132,6429,-778,17,28,1/142.9,1/378.2,1/229.6,6.023667927301965
2023-07-03,アイムジャグラーEX-TP,145,1406,-600,4,2,1/234.3,1/351.5,1/703.0,6.39338681890991
2023-07-03,アイムジャグラーEX-TP,146,4114,627,17,14,1/132.7,1/242.0,1/293.9,6.068116808918084
2023-07-03,アイムジャグラーEX-TP,147,6393,1842,31,22,1/120.6,1/206.2,1/290.6,6.297514130915418
2023-07-03,アイムジャグラーEX-TP,148,360,-473,0,0,1/0.0,1/0.0,1/0.0,6.587446522743159
2023-07-03,アイムジャグラーEX-TP,149,3659,-839,11,11,1/166.3,1/332.6,1/332.6,6.362616707240303
2023-07-03,アイムジャグラーEX-TP,150,1459,-6,6,2,1/182.4,1/243.2,1/729.5,5.8806373304953645
2023-07-03,アイムジャグラーEX-TP,151,6199,-192,23,16,1/158.9,1/269.5,1/387.4,6.063847689293023
2023-07-03,アイムジャグラーEX-TP,152,4241,-854,13,14,1/157.1,1/326.2,1/302.9,6.439349579230791
2023-07-03,アイムジャグラーEX-TP,153,1623,-863,3,4,1/231.9,1/541.0,1/405.8,6.166081408155191
2023-07-03,アイムジャグラーEX-TP,154,2454,-790,8,2,1/245.4,1/306.8,1/1227.0,6.108281460648903
2023-07-03,アイムジャグラーEX-TP,155,4733,-46,20,9,1/163.2,1/236.7,1/525.9,6.270650967366157
2023-07-03,アイムジャグラーEX-TP,156,5707,341,22,15,1/154.2,1/259.4,1/380.5,5.84294170645411
2023-07-03,アイムジャグラーEX-TP,157,6233,276,28,12,1/155.8,1/222.6,1/519.4,6.346427670905234
2023-07-03,アイムジャグラーEX-TP,158,2143,282,11,2,1/164.8,1/194.8,1/1071.5,6.2433998916276305
2023-07-03,アイムジャグラーEX-TP,159,4666,-2697,8,8,1/291.6,1/583.2,1/583.2,5.898730652833481
2023-07-03,アイムジャグラーEX-TP,160,5541,-234,21,13,1/163.0,1/263.9,1/426.2,6.1050105444472855
2023-07-03,アイムジャグラーEX-TP,161,4275,374,17,15,1/133.6,1/251.5,1/285.0,6.237952725802945
2023-07-03,アイムジャグラーEX-TP,162,2251,-1522,2,7,1/250.1,1/1125.5,1/321.6,6.002670028161881
2023-07-03,アイムジャグラーEX-TP,163,3553,-1868,7,6,1/273.3,1/507.6,1/592.2,5.940390083163288
2023-07-03,アイムジャグラーEX-TP,164,5407,-536,17,16,1/163.8,1/318.1,1/337.9,5.893688862038772
2023-07-03,アイムジャグラーEX-TP,165,5777,-572,19,19,1/152.0,1/304.1,1/304.1,6.2029865001667845
2023-07-03,アイムジャグラーEX-TP,166,1902,-704,5,3,1/237.8,1/380.4,1/634.0,5.937106377963059
2023-07-03,アイムジャグラーEX-TP,167,6077,-1399,19,15,1/178.7,1/319.8,1/405.1,6.262446186708202
2023-07-03,アイムジャグラーEX-TP,168,6790,-3113,13,19,1/212.2,1/522.3,1/357.4,6.050147974679552
2023-07-03,アイムジャグラーEX-TP,169,5292,-3410,9,8,1/311.3,1/588.0,1/661.5,6.0944752142633565
2023-07-03,アイムジャグラーEX-TP,170,4756,227,20,9,1/164.0,1/237.8,1/528.4,5.973523650098265
2023-07-03,アイムジャグラーEX-TP,171,3147,-899,8,9,1/185.1,1/393.4,1/349.7,6.008056981962636
2023-07-03,アイムジャグラーEX-TP,172,5041,-1085,16,9,1/201.6,1/315.1,1/560.1,5.945442118042702
2023-07-03,アイムジャグラーEX-TP,173,8663,2296,32,45,1/112.5,1/270.7,1/192.5,5.8373128706778745
2023-07-03,アイムジャグラーEX-TP,174,1762,-684,5,4,1/195.8,1/352.4,1/440.5,6.6065198402002085
2023-07-03,アイムジャグラーEX-TP,175,3808,-1941,8,7,1/253.9,1/476.0,1/544.0,6.080526384526516
2023-07-03,アイムジャグラーEX-TP,176,5003,-766,14,17,1/161.4,1/357.4,1/294.3,5.932614816166552
2023-07-03,アイムジャグラーEX-TP,177,3397,-1409,9,7,1/212.3,1/377.4,1/485.3,6.391791652504498
2023-07-03,アイムジャグラーEX-TP,178,3715,-2933,5,4,1/412.8,1/743.0,1/928.8,6.162831292617782
2023-07-03,マイジャグラーV,117,5696,-1549,16,11,1/211.0,1/356.0,1/517.8,5.703736491139216
2023-07-03,マイジャグラーV,118,7369,147,30,18,1/153.5,1/245.6,1/409.4,5.953258817279768
2023-07-03,マイジャグラーV,119,7105,752,32,20,1/136.6,1/222.0,1/355.2,6.198192336025684
2023-07-03,マイジャグラーV,120,7207,-1245,21,23,1/163.8,1/343.2,1/313.3,5.896785968446829
2023-07-03,ファンキージャグラー2,113,3284,-1848,7,6,1/252.6,1/469.1,1/547.3,6.240378861685727
2023-07-03,ファンキージャグラー2,114,4251,-1311,12,10,1/193.2,1/354.2,1/425.1,6.056630025016724
2023-07-03,ファンキージャグラー2,115,1908,-296,8,2,1/190.8,1/238.5,1/954.0,6.29635539032206
2023-07-03,ファンキージャグラー2,116,5498,-156,21,16,1/148.6,1/261.8,1/343.6,6.110125680161981
2023-07-03,ハッピージャグラーVIII,109,6609,617,29,18,1/140.6,1/227.9,1/367.2,6.343064864760525
2023-07-03,ハッピージャグラーVIII,110,2232,-1761,2,7,1/248.0,1/1116.0,1/318.9,6.800395592904919
2023-07-03,ハッピージャグラーVIII,111,3075,87,12,8,1/153.8,1/256.2,1/384.4,6.041372349301833
2023-07-03,ハッピージャグラーVIII,112,4794,1699,24,14,1/126.2,1/199.8,1/342.4,5.903070147503795
2023-07-02,アイムジャグラーEX-TP,121,4975,-1139,15,12,1/184.3,1/331.7,1/414.6,6.097148097276168
2023-07-02,アイムジャグラーEX-TP,122,4983,554,18,18,1/138.4,1/276.8,1/276.8,5.764343370609497
2023-07-02,アイムジャグラーEX-TP,123,3504,-675,10,12,1/159.3,1/350.4,1/292.0,6.18981032152991
2023-07-02,アイムジャグラーEX-TP,124,1727,-701,5,1,1/287.8,1/345.4,1/1727.0,5.970849393604407
2023-07-02,アイムジャグラーEX-TP,125,6029,1173,25,23,1/125.6,1/241.2,1/262.1,6.071316101819103
2023-07-02,アイムジャグラーEX-TP,126,4852,1014,20,17,1/131.1,1/242.6,1/285.4,5.848285705583195
2023-07-02,アイムジャグラーEX-TP,127,3195,484,11,13,1/133.1,1/290.5,1/245.8,5.605284792327269
2023-07-02,アイムジャグラーEX-TP,128,2126,134,8,7,1/141.7,1/265.8,1/303.7,6.004677943504567
2023-07-02,アイムジャグラーEX-TP,129,6941,-641,24,19,1/161.4,1/289.2,1/365.3,6.123295758034594
2023-07-02,アイムジャグラーEX-TP,130,1866,-680,5,5,1/186.6,1/373.2,1/373.2,6.475386210286814
2023-07-02,アイムジャグラーEX-TP,131,5898,1254,26,20,1/128.2,1/226.8,1/294.9,6.105170284254368
2023-07-02,アイムジャグラーEX-TP,132,3750,-2367,7,6,1/288.5,1/535.7,1/625.0,6.270968551092716
2023-07-02,アイムジャグラーEX-TP,145,6705,1629,30,23,1/126.5,1/223.5,1/291.5,6.058870260611392
2023-07-02,アイムジャグラーEX-TP,146,834,-532,1,2,1/278.0,1/834.0,1/417.0,5.879093274634511
2023-07-02,アイムジャグラーEX-TP,147,940,860,7,3,1/94.0,1/134.3,1/313.3,6.308085556430189
2023-07-02,アイムジャグラーEX-TP,148,7258,2397,35,27,1/117.1,1/207.4,1/268.8,6.18884159534591
2023-07-02,アイムジャグラーEX-TP,149,288,-393,0,0,1/0.0,1/0.0,1/0.0,6.8744074404003195
2023-07-02,アイムジャグラーEX-TP,150,6100,2691,34,18,1/117.3,1/179.4,1/338.9,6.211218070775303
2023-07-02,アイムジャグラーEX-TP,151,4177,391,15,19,1/122.9,1/278.5,1/219.8,6.218905657816545
2023-07-02,アイムジャグラーEX-TP,152,3677,-64,14,10,1/153.2,1/262.6,1/367.7,6.176415907652284
2023-07-02,アイムジャグラーEX-TP,153,4715,-235,18,11,1/162.6,1/261.9,1/428.6,6.167652760757142
2023-07-02,アイムジャグラーEX-TP,154,2202,-1133,5,4,1/244.7,1/440.4,1/550.5,6.297927492778763
2023-07-02,アイムジャグラーEX-TP,155,6500,424,21,33,1/120.4,1/309.5,1/197.0,6.162174204664766
2023-07-02,アイムジャグラーEX-TP,156,5482,1026,27,12,1/140.6,1/203.0,1/456.8,6.301601909277323
2023-07-02,アイムジャグラーEX-TP,157,5370,-263,19,20,1/137.7,1/282.6,1/268.5,6.474434633860774
2023-07-02,アイムジャグラーEX-TP,158,5529,-610,19,16,1/158.0,1/291.0,1/345.6,6.255116363322183
2023-07-02,アイムジャグラーEX-TP,159,2824,545,14,7,1/134.5,1/201.7,1/403.4,6.453519088647928
2023-07-02,アイムジャグラーEX-TP,160,4787,-1482,11,15,1/184.1,1/435.2,1/319.1,5.957158880974024
2023-07-02,アイムジャグラーEX-TP,161,2320,-810,6,8,1/165.7,1/386.7,1/290.0,6.661396889185078
2023-07-02,アイムジャグラーEX-TP,162,4840,-98,17,14,1/156.1,1/284.7,1/345.7,5.925636808537717
2023-07-02,アイムジャグラーEX-TP,163,3758,-1133,10,9,1/197.8,1/375.8,1/417.6,6.014391937373119
2023-07-02,アイムジャグラーEX-TP,164,1943,-466,7,4,1/176.6,1/277.6,1/485.8,6.73840963197914
2023-07-02,アイムジャグラーEX-TP,165,3974,905,20,9,1/137.0,1/198.7,1/441.6,6.27024823540399
2023-07-02,アイムジャグラーEX-TP,166,5522,2179,30,17,1/117.5,1/184.1,1/324.8,6.325647373934756
2023-07-02,アイムジャグラーEX-TP,167,3027,208,11,10,1/144.1,1/275.2,1/302.7,5.842255285788672
2023-07-02,アイムジャグラーEX-TP,168,3730,-1201,10,8,1/207.2,1/373.0,1/466.2,6.022037428012031
2023-07-02,アイムジャグラーEX-TP,169,5916,82,20,22,1/140.9,1/295.8,1/268.9,5.976481152556509
2023-07-02,アイムジャグラーEX-TP,170,2180,-753,6,4,1/218.0,1/363.3,1/545.0,6.0761520230938375
2023-07-02,アイムジャグラーEX-TP,171,6519,1560,31,21,1/125.4,1/210.3,1/310.4,6.319066260106144
2023-07-02,アイムジャグラーEX-TP,172,3886,317,15,11,1/149.5,1/259.1,1/353.3,5.837517463355607
2023-07-02,アイムジャグラーEX-TP,173,2898,-247,9,10,1/152.5,1/322.0,1/289.8,5.996397567945566
2023-07-02,アイムジャグラーEX-TP,174,6261,1015,28,19,1/133.2,1/223.6,1/329.5,6.260951853280249
2023-07-02,アイムジャグラーEX-TP,175,3232,-1058,9,7,1/202.0,1/359.1,1/461.7,6.177472988464181
2023-07-02,アイムジャグラーEX-TP,176,4115,603,19,10,1/141.9,1/216.6,1/411.5,6.233919536384237
2023-07-02,アイムジャグラーEX-TP,177,4049,-611,15,6,1/192.8,1/269.9,1/674.8,6.127980411529981
2023-07-02,アイムジャグラーEX-TP,178,5002,167,21,10,1/161.4,1/238.2,1/500.2,6.07692746271039
2023-07-02,マイジャグラーV,117,3704,-993,11,11,1/168.4,1/336.7,1/336.7,6.303898738418649
2023-07-02,マイジャグラーV,118,3927,-2282,3,15,1/218.2,1/1309.0,1/261.8,5.702780874070285
2023-07-02,マイジャグラーV,119,6699,710,24,26,1/134.0,1/279.1,1/257.7,5.675002258982767
2023-07-02,マイジャグラーV,120,5904,-607,16,25,1/144.0,1/369.0,1/236.2,5.8138854155858155
2023-07-02,ファンキージャグラー2,113,897,-209,3,1,1/224.2,1/299.0,1/897.0,5.758102406760024
2023-07-02,ファンキージャグラー2,114,3726,-322,12,11,1/162.0,1/310.5,1/338.7,5.753122711552039
2023-07-02,ファンキージャグラー2,115,4051,861,16,19,1/115.7,1/253.2,1/213.2,5.9279163686749134
2023-07-02,ファンキージャグラー2,116,1958,-393,7,4,1/178.0,1/279.7,1/489.5,6.2594792308289255
2023-07-02,ハッピージャグラーVIII,109,2925,-952,10,4,1/208.9,1/292.5,1/731.2,6.641920309729208
2023-07-02,ハッピージャグラーVIII,110,5424,-677,19,11,1/180.8,1/285.5,1/493.1,6.05260274192724
2023-07-02,ハッピージャグラーVIII,111,1677,-1002,3,6,1/186.3,1/559.0,1/279.5,7.196795173126215
2023-07-02,ハッピージャグラーVIII,112,3849,-610,11,13,1/160.4,1/349.9,1/296.1,6.090340806903304
2023-07-01,アイムジャグラーEX-TP,121,7373,480,25,34,1/125.0,1/294.9,1/216.9,6.1431726501387685
2023-07-01,アイムジャグラーEX-TP,122,3388,977,18,4,1/154.0,1/188.2,1/847.0,5.842074114262762
2023-07-01,アイムジャグラーEX-TP,123,2619,-436,8,5,1/201.5,1/327.4,1/523.8,5.663590386307251
2023-07-01,アイムジャグラーEX-TP,124,7520,1231,30,26,1/134.3,1/250.7,1/289.2,5.880762228114453
2023-07-01,アイムジャグラーEX-TP,125,3642,-418,14,5,1/191.7,1/260.1,1/728.4,6.074566758045919
2023-07-01,アイムジャグラーEX-TP,126,4263,-453,14,12,1/164.0,1/304.5,1/355.2,6.020412460533675
2023-07-01,アイムジャグラーEX-TP,127,3356,133,13,9,1/152.5,1/258.2,1/372.9,5.973467480752743
2023-07-01,アイムジャグラーEX-TP,128,6618,798,29,19,1/137.9,1/228.2,1/348.3,6.277134521667552
2023-07-01,アイムジャグラーEX-TP,129,6261,2333,32,23,1/113.8,1/195.7,1/272.2,6.31462575948352
2023-07-01,アイムジャグラーEX-TP,130,1677,-215,5,5,1/167.7,1/335.4,1/335.4,5.852145287585306
2023-07-01,アイムジャグラーEX-TP,131,4760,870,19,19,1/125.3,1/250.5,1/250.5,6.0240742763296025
2023-07-01,アイムジャグラーEX-TP,132,3290,-1275,8,7,1/219.3,1/411.2,1/470.0,6.0278175535360425
2023-07-01,アイムジャグラーEX-TP,145,1955,-845,4,5,1/217.2,1/488.8,1/391.0,5.977186714013323
2023-07-01,アイムジャグラーEX-TP,146,3775,91,15,11,1/145.2,1/251.7,1/343.2,6.2669799879972805
2023-07-01,アイムジャグラーEX-TP,147,3197,365,13,8,1/152.2,1/245.9,1/399.6,5.786701529989766
2023-07-01,アイムジャグラーEX-TP,148,3287,-135,11,12,1/142.9,1/298.8,1/273.9,6.159990373398678
2023-07-01,アイムジャグラーEX-TP,149,6315,982,24,27,1/123.8,1/263.1,1/233.9,6.052770671350032
2023-07-01,アイムジャグラーEX-TP,150,979,-934,1,0,1/979.0,1/979.0,1/0.0,6.071434175079696
2023-07-01,アイムジャグラーEX-TP,151,5467,-326,18,21,1/140.2,1/303.7,1/260.3,6.271675179583344
2023-07-01,アイムジャグラーEX-TP,152,912,-471,2,2,1/228.0,1/456.0,1/456.0,6.389754868825058
2023-07-01,アイムジャグラーEX-TP,153,4481,-228,14,17,1/144.5,1/320.1,1/263.6,6.010074096662459
2023-07-01,アイムジャグラーEX-TP,154,1399,-569,3,3,1/233.2,1/466.3,1/466.3,5.803114069643841
2023-07-01,アイムジャグラーEX-TP,155,2035,396,10,1,1/185.0,1/203.5,1/2035.0,5.549909435568757
2023-07-01,アイムジャグラーEX-TP,156,4741,-89,22,7,1/163.5,1/215.5,1/677.3,6.649934154991773
2023-07-01,アイムジャグラーEX-TP,157,5829,662,24,17,1/142.2,1/242.9,1/342.9,6.016778171463232
2023-07-01,アイムジャグラーEX-TP,158,4626,-1463,14,8,1/210.3,1/330.4,1/578.2,6.216166671956545
2023-07-01,アイムジャグラーEX-TP,159,3991,-1450,8,15,1/173.5,1/498.9,1/266.1,6.13790470819123
2023-07-01,アイムジャグラーEX-TP,160,2591,-964,5,8,1/199.3,1/518.2,1/323.9,5.808396143108389
2023-07-01,アイムジャグラーEX-TP,161,7328,3239,37,32,1/106.2,1/198.1,1/229.0,6.221849326354481
2023-07-01,アイムジャグラーEX-TP,162,2894,-486,10,5,1/192.9,1/289.4,1/578.8,6.025701762617709
2023-07-01,アイムジャグラーEX-TP,163,5812,520,24,17,1/141.8,1/242.2,1/341.9,6.14591863787155
2023-07-01,アイムジャグラーEX-TP,164,3917,-2152,7,8,1/261.1,1/559.6,1/489.6,5.990808719870626
2023-07-01,アイムジャグラーEX-TP,165,1852,-994,4,5,1/205.8,1/463.0,1/370.4,6.7125811567190885
2023-07-01,アイムジャグラーEX-TP,166,8045,3346,38,34,1/111.7,1/211.7,1/236.6,5.904406015287018
2023-07-01,アイムジャグラーEX-TP,167,3353,324,14,9,1/145.8,1/239.5,1/372.6,6.059583397406545
2023-07-01,アイムジャグラーEX-TP,168,6462,-1897,15,24,1/165.7,1/430.8,1/269.2,6.164373388440147
2023-07-01,アイムジャグラーEX-TP,169,6288,-876,20,20,1/157.2,1/314.4,1/314.4,6.216451625685144
2023-07-01,アイムジャグラーEX-TP,170,6725,1067,27,24,1/131.9,1/249.1,1/280.2,5.9776436128878
2023-07-01,アイムジャグラーEX-TP,171,4458,-522,12,20,1/139.3,1/371.5,1/222.9,6.118110661553034
2023-07-01,アイムジャグラーEX-TP,172,2155,-1064,6,1,1/307.9,1/359.2,1/2155.0,6.197471575390085
2023-07-01,アイムジャグラーEX-TP,173,5448,-1091,17,11,1/194.6,1/320.5,1/495.3,5.918291596921063
2023-07-01,アイムジャグラーEX-TP,174,2593,476,12,5,1/152.5,1/216.1,1/518.6,5.858755372154445
2023-07-01,アイムジャグラーEX-TP,175,5468,1215,23,22,1/121.5,1/237.7,1/248.5,6.104719360033383
2023-07-01,アイムジャグラーEX-TP,176,4327,-102,17,9,1/166.4,1/254.5,1/480.8,6.062834505018953
2023-07-01,アイムジャグラーEX-TP,177,2655,-286,8,7,1/177.0,1/331.9,1/379.3,5.664091229629405
2023-07-01,アイムジャグラーEX-TP,178,7653,-2049,22,23,1/170.1,1/347.9,1/332.7,6.3894916381692255
2023-07-01,マイジャグラーV,117,3963,-1884,10,3,1/304.8,1/396.3,1/1321.0,5.799964461497091
2023-07-01,マイジャグラーV,118,6150,-1789,17,15,1/192.2,1/361.8,1/410.0,5.943637284944072
2023-07-01,マイジャグラーV,119,4441,-731,14,12,1/170.8,1/317.2,1/370.1,5.906975710187678
2023-07-01,マイジャグラーV,120,9514,-46,29,38,1/142.0,1/328.1,1/250.4,5.649764308136857
2023-07-01,ファンキージャグラー2,113,7710,1752,39,13,1/148.3,1/197.7,1/593.1,5.775671892394962
2023-07-01,ファンキージャグラー2,114,1368,-519,3,4,1/195.4,1/456.0,1/342.0,5.942943829406234
2023-07-01,ファンキージャグラー2,115,2159,-1266,2,5,1/308.4,1/1079.5,1/431.8,5.3329820827302
2023-07-01,ファンキージャグラー2,116,5955,-1154,17,19,1/165.4,1/350.3,1/313.4,5.934667458370904
2023-07-01,ハッピージャグラーVIII,109,5320,-919,18,17,1/152.0,1/295.6,1/312.9,6.71855444996887
2023-07-01,ハッピージャグラーVIII,110,1311,-799,3,3,1/218.5,1/437.0,1/437.0,7.2507387450566805
2023-07-01,ハッピージャグラーVIII,111,6151,4257,36,27,1/97.6,1/170.9,1/227.8,5.92851377178882
2023-07-01,ハッピージャグラーVIII,112,654,-768,0,1,1/654.0,1/0.0,1/654.0,6.89858681816132
2023-06-30,アイムジャグラーEX-TP,121,2886,-395,9,7,1/180.4,1/320.7,1/412.3,5.810155991615659
2023-06-30,アイムジャグラーEX-TP,122,1457,-677,3,4,1/208.1,1/485.7,1/364.2,6.22645501505909
2023-06-30,アイムジャグラーEX-TP,123,3623,-2181,8,5,1/278.7,1/452.9,1/724.6,6.451134207505049
2023-06-30,アイムジャグラーEX-TP,124,1133,71,4,5,1/125.9,1/283.2,1/226.6,6.23239506541732
2023-06-30,アイムジャグラーEX-TP,125,6681,225,26,22,1/139.2,1/257.0,1/303.7,6.296366077905076
2023-06-30,アイムジャグラーEX-TP,126,5356,-1039,16,18,1/157.5,1/334.8,1/297.6,6.330799098851645
2023-06-30,アイムジャグラーEX-TP,127,1846,810,11,3,1/131.9,1/167.8,1/615.3,6.082926700996869
2023-06-30,アイムジャグラーEX-TP,128,4021,833,17,15,1/125.7,1/236.5,1/268.1,6.070150102538889
2023-06-30,アイムジャグラーEX-TP,129,1454,-1071,1,3,1/363.5,1/1454.0,1/484.7,5.624276077532387
2023-06-30,アイムジャグラーEX-TP,130,4003,166,16,13,1/138.0,1/250.2,1/307.9,6.368353961226731
2023-06-30,アイムジャグラーEX-TP,131,1414,-446,4,3,1/202.0,1/353.5,1/471.3,6.153529874060221
2023-06-30,アイムジャグラーEX-TP,132,3816,-491,13,12,1/152.6,1/293.5,1/318.0,6.429899545119992
2023-06-30,アイムジャグラーEX-TP,145,636,-274,1,2,1/212.0,1/636.0,1/318.0,5.702364033360982
2023-06-30,アイムジャグラーEX-TP,146,5395,899,22,20,1/128.5,1/245.2,1/269.8,6.073068412468397
2023-06-30,アイムジャグラーEX-TP,147,1080,-751,2,2,1/270.0,1/540.0,1/540.0,6.715449014818758
2023-06-30,アイムジャグラーEX-TP,148,1975,-989,4,3,1/282.1,1/493.8,1/658.3,5.8223476442707724
2023-06-30,アイムジャグラーEX-TP,149,2378,1638,14,10,1/99.1,1/169.9,1/237.8,5.981741049876553
2023-06-30,アイムジャグラーEX-TP,150,4119,717,18,14,1/128.7,1/228.8,1/294.2,6.246646920043647
2023-06-30,アイムジャグラーEX-TP,151,270,-284,0,1,1/270.0,1/0.0,1/270.0,7.119398911786693
2023-06-30,アイムジャグラーEX-TP,152,1712,82,6,5,1/155.6,1/285.3,1/342.4,5.64379981613476
2023-06-30,アイムジャグラーEX-TP,153,2104,167,11,1,1/175.3,1/191.3,1/2104.0,6.405881524804401
2023-06-30,アイムジャグラーEX-TP,154,3040,40,12,8,1/152.0,1/253.3,1/380.0,6.158376425086794
2023-06-30,アイムジャグラーEX-TP,155,1671,-223,6,3,1/185.7,1/278.5,1/557.0,6.052777832010892
2023-06-30,アイムジャグラーEX-TP,156,5417,511,21,20,1/132.1,1/258.0,1/270.9,6.1682466066132
2023-06-30,アイムジャグラーEX-TP,157,7339,2793,38,23,1/120.3,1/193.1,1/319.1,6.1094117815215405
2023-06-30,アイムジャグラーEX-TP,158,310,-419,0,0,1/0.0,1/0.0,1/0.0,6.798633255404915
2023-06-30,アイムジャグラーEX-TP,159,4617,1134,21,17,1/121.5,1/219.9,1/271.6,6.24789250344649
2023-06-30,アイムジャグラーEX-TP,160,2630,695,13,5,1/146.1,1/202.3,1/526.0,5.841229172297826
2023-06-30,アイムジャグラーEX-TP,161,2046,-458,6,5,1/186.0,1/341.0,1/409.2,5.992986097297448
2023-06-30,アイムジャグラーEX-TP,162,6833,1170,28,24,1/131.4,1/244.0,1/284.7,5.990568409818914
2023-06-30,アイムジャグラーEX-TP,163,741,-668,0,2,1/370.5,1/0.0,1/370.5,5.840479710677926
2023-06-30,アイムジャグラーEX-TP,164,1839,-1068,4,3,1/262.7,1/459.8,1/613.0,6.422125132541453
2023-06-30,アイムジャグラーEX-TP,165,4288,778,20,14,1/126.1,1/214.4,1/306.3,6.520512501333984
2023-06-30,アイムジャグラーEX-TP,166,3187,-673,8,15,1/138.6,1/398.4,1/212.5,6.4612169960701324
2023-06-30,アイムジャグラーEX-TP,167,4713,1855,23,16,1/120.8,1/204.9,1/294.6,5.829113327795778
2023-06-30,アイムジャグラーEX-TP,168,3688,301,18,6,1/153.7,1/204.9,1/614.7,6.510948597896879
2023-06-30,アイムジャグラーEX-TP,169,2379,-656,6,9,1/158.6,1/396.5,1/264.3,6.3564516956028605
2023-06-30,アイムジャグラーEX-TP,170,4132,1786,21,15,1/114.8,1/196.8,1/275.5,5.979719777480329
2023-06-30,アイムジャグラーEX-TP,171,1504,-328,5,3,1/188.0,1/300.8,1/501.3,6.2258314382631
2023-06-30,アイムジャグラーEX-TP,172,3340,262,14,9,1/145.2,1/238.6,1/371.1,6.168281238904827
2023-06-30,アイムジャグラーEX-TP,173,2007,-882,7,1,1/250.9,1/286.7,1/2007.0,6.866414672327302
2023-06-30,アイムジャグラーEX-TP,174,5657,856,24,16,1/141.4,1/235.7,1/353.6,5.951051700321826
2023-06-30,アイムジャグラーEX-TP,175,462,-569,0,0,1/0.0,1/0.0,1/0.0,6.169420293493478
2023-06-30,アイムジャグラーEX-TP,176,4400,247,17,13,1/146.7,1/258.8,1/338.5,6.004665898342371
2023-06-30,アイムジャグラーEX-TP,177,5899,253,22,16,1/155.2,1/268.1,1/368.7,5.814644280683751
2023-06-30,アイムジャグラーEX-TP,178,3974,-1272,10,12,1/180.6,1/397.4,1/331.2,6.20932202672146
2023-06-30,マイジャグラーV,117,6587,1490,28,22,1/131.7,1/235.2,1/299.4,5.6274488475701645
2023-06-30,マイジャグラーV,118,6502,1022,27,19,1/141.3,1/240.8,1/342.2,5.650224392748227
2023-06-30,マイジャグラーV,119,1873,-1267,4,2,1/312.2,1/468.2,1/936.5,6.44422481916894
2023-06-30,マイジャグラーV,120,5894,-340,18,20,1/155.1,1/327.4,1/294.7,5.63786892275675
2023-06-30,ファンキージャグラー2,113,1540,-230,5,4,1/171.1,1/308.0,1/385.0,5.903357438709542
2023-06-30,ファンキージャグラー2,114,7197,664,32,19,1/141.1,1/224.9,1/378.8,6.126863684806448
2023-06-30,ファンキージャグラー2,115,2257,-289,7,7,1/161.2,1/322.4,1/322.4,5.868480704103279
2023-06-30,ファンキージャグラー2,116,239,-372,0,0,1/0.0,1/0.0,1/0.0,8.228635565695026
2023-06-30,ハッピージャグラーVIII,109,2937,-549,10,5,1/195.8,1/293.7,1/587.4,6.086824131895075
2023-06-30,ハッピージャグラーVIII,110,1144,-1035,1,2,1/381.3,1/1144.0,1/572.0,6.673651444052168
2023-06-30,ハッピージャグラーVIII,111,1033,-780,2,0,1/516.5,1/516.5,1/0.0,6.343504612819392
2023-06-30,ハッピージャグラーVIII,112,5949,931,26,15,1/145.1,1/228.8,1/396.6,5.93519717962902
2023-06-29,アイムジャグラーEX-TP,121,5911,-371,18,26,1/134.3,1/328.4,1/227.3,6.242723071790661
2023-06-29,アイムジャグラーEX-TP,122,2536,451,11,7,1/140.9,1/230.5,1/362.3,5.91087160789739
2023-06-29,アイムジャグラーEX-TP,123,4532,2597,25,17,1/107.9,1/181.3,1/266.6,5.890642688094187
2023-06-29,アイムジャグラーEX-TP,124,2653,-1229,5,5,1/265.3,1/530.6,1/530.6,5.665575735464551
2023-06-29,アイムジャグラーEX-TP,125,792,-234,2,2,1/198.0,1/396.0,1/396.0,5.891599917517601
2023-06-29,アイムジャグラーEX-TP,126,4359,295,15,19,1/128.2,1/290.6,1/229.4,6.077964768886888
2023-06-29,アイムジャグラーEX-TP,127,2854,-352,9,8,1/167.9,1/317.1,1/356.8,5.9449427066041
2023-06-29,アイムジャグラーEX-TP,128,814,-445,1,2,1/271.3,1/814.0,1/407.0,5.559622822620507
2023-06-29,アイムジャグラーEX-TP,129,4896,1460,22,21,1/113.9,1/222.5,1/233.1,6.206400149866309
2023-06-29,アイムジャグラーEX-TP,130,554,-304,1,0,1/554.0,1/554.0,1/0.0,5.242245191162634
2023-06-29,アイムジャグラーEX-TP,131,5218,2299,29,15,1/118.6,1/179.9,1/347.9,6.159863303448985
2023-06-29,アイムジャグラーEX-TP,132,1126,-373,3,4,1/160.9,1/375.3,1/281.5,6.72671363776671
2023-06-29,アイムジャグラーEX-TP,145,6921,2292,33,29,1/111.6,1/209.7,1/238.7,6.337184704458922
2023-06-29,アイムジャグラーEX-TP,146,915,-471,2,2,1/228.8,1/457.5,1/457.5,6.368469187049247
2023-06-29,アイムジャグラーEX-TP,147,543,-162,1,2,1/181.0,1/543.0,1/271.5,5.647956329127946
2023-06-29,アイムジャグラーEX-TP,148,2646,64,10,10,1/132.3,1/264.6,1/264.6,6.436126527923302
2023-06-29,アイムジャグラーEX-TP,149,1011,-564,2,4,1/168.5,1/505.5,1/252.8,7.295480828472204
2023-06-29,アイムジャグラーEX-TP,150,1935,-1131,3,7,1/193.5,1/645.0,1/276.4,6.613125978511953
2023-06-29,アイムジャグラーEX-TP,151,1964,1,9,2,1/178.5,1/218.2,1/982.0,6.247637850518647
2023-06-29,アイムジャグラーEX-TP,152,4719,1209,23,15,1/124.2,1/205.2,1/314.6,6.363437991189248
2023-06-29,アイムジャグラーEX-TP,153,482,-408,0,2,1/241.0,1/0.0,1/241.0,6.217848113708705
2023-06-29,アイムジャグラーEX-TP,154,424,-327,1,0,1/424.0,1/424.0,1/0.0,6.8697665624157995
2023-06-29,アイムジャグラーEX-TP,155,2933,106,12,6,1/162.9,1/244.4,1/488.8,5.962802278802906
2023-06-29,アイムジャグラーEX-TP,156,3595,-878,11,11,1/163.4,1/326.8,1/326.8,6.536645306352291
2023-06-29,アイムジャグラーEX-TP,157,3958,-801,14,8,1/179.9,1/282.7,1/494.8,6.427162885644793
2023-06-29,アイムジャグラーEX-TP,158,674,-161,2,0,1/337.0,1/337.0,1/0.0,5.181687332681086
2023-06-29,アイムジャグラーEX-TP,159,2132,194,8,7,1/142.1,1/266.5,1/304.6,5.865949355341246
2023-06-29,アイムジャグラーEX-TP,160,3604,1478,18,16,1/106.0,1/200.2,1/225.2,6.345677507246027
2023-06-29,アイムジャグラーEX-TP,161,2607,150,10,10,1/130.3,1/260.7,1/260.7,6.36565867059848
2023-06-29,アイムジャグラーEX-TP,162,1514,-406,4,2,1/252.3,1/378.5,1/757.0,5.440229947093225
2023-06-29,アイムジャグラーEX-TP,163,618,495,4,2,1/103.0,1/154.5,1/309.0,5.7354871293998295
2023-06-29,アイムジャグラーEX-TP,164,3127,447,15,8,1/136.0,1/208.5,1/390.9,6.54473917351644
2023-06-29,アイムジャグラーEX-TP,165,716,189,4,1,1/143.2,1/179.0,1/716.0,6.371331712440444
2023-06-29,アイムジャグラーEX-TP,166,6723,1301,29,22,1/131.8,1/231.8,1/305.6,6.031526663371561
2023-06-29,アイムジャグラーEX-TP,167,564,-112,1,3,1/141.0,1/564.0,1/188.0,5.807155486382221
2023-06-29,アイムジャグラーEX-TP,168,4891,-518,18,5,1/212.7,1/271.7,1/978.2,5.7127313280965035
2023-06-29,アイムジャグラーEX-TP,169,5684,534,22,21,1/132.2,1/258.4,1/270.7,6.163838759833906
2023-06-29,アイムジャグラーEX-TP,170,3265,142,11,11,1/148.4,1/296.8,1/296.8,5.696260060703116
2023-06-29,アイムジャグラーEX-TP,171,835,-75,3,3,1/139.2,1/278.3,1/278.3,6.702472048283484
2023-06-29,アイムジャグラーEX-TP,172,491,-318,1,0,1/491.0,1/491.0,1/0.0,5.843889130830395
2023-06-29,アイムジャグラーEX-TP,173,3806,-543,11,12,1/165.5,1/346.0,1/317.2,5.88590538918972
2023-06-29,アイムジャグラーEX-TP,174,175,-285,0,0,1/0.0,1/0.0,1/0.0,8.891372827964636
2023-06-29,アイムジャグラーEX-TP,175,7087,1515,33,22,1/128.9,1/214.8,1/322.1,6.267207129197047
2023-06-29,アイムジャグラーEX-TP,176,97,-188,0,0,1/0.0,1/0.0,1/0.0,13.555286002560132
2023-06-29,アイムジャグラーEX-TP,177,5948,2438,29,26,1/108.1,1/205.1,1/228.8,6.168766776714714
2023-06-29,アイムジャグラーEX-TP,178,2034,-1153,4,2,1/339.0,1/508.5,1/1017.0,5.823693936423701
2023-06-29,マイジャグラーV,117,5314,809,23,16,1/136.3,1/231.0,1/332.1,5.880362384026721
2023-06-29,マイジャグラーV,118,1097,-533,2,2,1/274.2,1/548.5,1/548.5,5.5756339864650215
2023-06-29,マイジャグラーV,119,5842,-16,20,22,1/139.1,1/292.1,1/265.5,5.925808517270986
2023-06-29,マイジャグラーV,120,1869,17,8,3,1/169.9,1/233.6,1/623.0,5.870872445766549
2023-06-29,ファンキージャグラー2,113,1497,-882,2,1,1/499.0,1/748.5,1/1497.0,5.140545369111631
2023-06-29,ファンキージャグラー2,114,3692,-1109,9,9,1/205.1,1/410.2,1/410.2,5.662076913303128
2023-06-29,ファンキージャグラー2,115,2011,-1388,3,4,1/287.3,1/670.3,1/502.8,6.191345916168915
2023-06-29,ファンキージャグラー2,116,2327,1126,14,5,1/122.5,1/166.2,1/465.4,5.845751604103947
2023-06-29,ハッピージャグラーVIII,109,1006,-687,2,3,1/201.2,1/503.0,1/335.3,7.725967757140424
2023-06-29,ハッピージャグラーVIII,110,4260,386,19,10,1/146.9,1/224.2,1/426.0,6.263810065398735
2023-06-29,ハッピージャグラーVIII,111,2383,-1172,5,3,1/297.9,1/476.6,1/794.3,5.860517771088679
2023-06-29,ハッピージャグラーVIII,112,3667,-429,13,7,1/183.3,1/282.1,1/523.9,6.011155020200665
2023-06-28,アイムジャグラーEX-TP,121,2775,-991,8,3,1/252.3,1/346.9,1/925.0,5.952799129496978
2023-06-28,アイムジャグラーEX-TP,122,4289,390,18,13,1/138.4,1/238.3,1/329.9,6.269076449567532
2023-06-28,アイムジャグラーEX-TP,123,3101,-345,10,10,1/155.1,1/310.1,1/310.1,6.155342015098195
2023-06-28,アイムジャグラーEX-TP,124,4512,607,19,14,1/136.7,1/237.5,1/322.3,6.110168035985747
2023-06-28,アイムジャグラーEX-TP,125,1058,-509,3,2,1/211.6,1/352.7,1/529.0,6.927979851496329
2023-06-28,アイムジャグラーEX-TP,126,1024,-678,2,2,1/256.0,1/512.0,1/512.0,6.72578173419553
2023-06-28,アイムジャグラーEX-TP,127,1603,1317,12,1,1/123.3,1/133.6,1/1603.0,5.6752228233033355
2023-06-28,アイムジャグラーEX-TP,128,2335,-864,6,4,1/233.5,1/389.2,1/583.8,5.928037433715783
2023-06-28,アイムジャグラーEX-TP,129,1011,-790,1,2,1/337.0,1/1011.0,1/505.5,6.107001553449644
2023-06-28,アイムジャグラーEX-TP,130,4395,114,16,13,1/151.6,1/274.7,1/338.1,5.891700885786061
2023-06-28,アイムジャグラーEX-TP,131,2629,-539,7,8,1/175.3,1/375.6,1/328.6,5.863063327707484
2023-06-28,アイムジャグラーEX-TP,132,5995,2354,29,23,1/115.3,1/206.7,1/260.7,5.9694222196731435
2023-06-28,アイムジャグラーEX-TP,145,1421,-282,4,4,1/177.6,1/355.2,1/355.2,5.906243926460986
2023-06-28,アイムジャグラーEX-TP,146,1148,517,7,2,1/127.6,1/164.0,1/574.0,6.246508443913672
2023-06-28,アイムジャグラーEX-TP,147,3248,301,13,10,1/141.2,1/249.8,1/324.8,6.0509054403135645
2023-06-28,アイムジャグラーEX-TP,148,3852,-124,12,16,1/137.6,1/321.0,1/240.8,6.070815973773065
2023-06-28,アイムジャグラーEX-TP,149,609,-496,1,1,1/304.5,1/609.0,1/609.0,6.987481966215466
2023-06-28,アイムジャグラーEX-TP,150,1221,-518,3,2,1/244.2,1/407.0,1/610.5,6.011710575869189
2023-06-28,アイムジャグラーEX-TP,151,3185,-1379,5,13,1/176.9,1/637.0,1/245.0,6.096861810272169
2023-06-28,アイムジャグラーEX-TP,152,3552,-246,11,12,1/154.4,1/322.9,1/296.0,5.8858587818429795
2023-06-28,アイムジャグラーEX-TP,153,6491,-29,21,27,1/135.2,1/309.1,1/240.4,6.08460531674706
2023-06-28,アイムジャグラーEX-TP,154,1784,301,8,4,1/148.7,1/223.0,1/446.0,5.896246682039213
2023-06-28,アイムジャグラーEX-TP,155,791,-124,3,2,1/158.2,1/263.7,1/395.5,6.792242143174797
2023-06-28,アイムジャグラーEX-TP,156,2247,-489,8,4,1/187.2,1/280.9,1/561.8,6.417398569973977
2023-06-28,アイムジャグラーEX-TP,157,4080,-138,16,10,1/156.9,1/255.0,1/408.0,6.2708384341532
2023-06-28,アイムジャグラーEX-TP,158,2206,-133,9,3,1/183.8,1/245.1,1/735.3,6.090822726024744
2023-06-28,アイムジャグラーEX-TP,159,5376,1454,25,15,1/134.4,1/215.0,1/358.4,5.862396980586393
2023-06-28,アイムジャグラーEX-TP,160,1797,81,6,7,1/138.2,1/299.5,1/256.7,5.867417330391723
2023-06-28,アイムジャグラーEX-TP,161,1465,-144,5,4,1/162.8,1/293.0,1/366.2,6.095471730221494
2023-06-28,アイムジャグラーEX-TP,162,2398,102,9,7,1/149.9,1/266.4,1/342.6,5.926637422657135
2023-06-28,アイムジャグラーEX-TP,163,3260,-324,10,13,1/141.7,1/326.0,1/250.8,6.257838494594407
2023-06-28,アイムジャグラーEX-TP,164,2078,15,8,4,1/173.2,1/259.8,1/519.5,5.776536653264806
2023-06-28,アイムジャグラーEX-TP,165,4861,316,18,18,1/135.0,1/270.1,1/270.1,6.105668331153162
2023-06-28,アイムジャグラーEX-TP,166,1543,-286,5,4,1/171.4,1/308.6,1/385.8,6.2408119413629
2023-06-28,アイムジャグラーEX-TP,167,4465,1624,24,14,1/117.5,1/186.0,1/318.9,6.436675296472687
2023-06-28,アイムジャグラーEX-TP,168,6409,240,24,18,1/152.6,1/267.0,1/356.1,5.8936700989976565
2023-06-28,アイムジャグラーEX-TP,169,4661,-2,17,15,1/145.7,1/274.2,1/310.7,6.130374507616896
2023-06-28,アイムジャグラーEX-TP,170,6345,1261,26,24,1/126.9,1/244.0,1/264.4,5.982540034695904
2023-06-28,アイムジャグラーEX-TP,171,1256,-96,5,2,1/179.4,1/251.2,1/628.0,6.153771078442012
2023-06-28,アイムジャグラーEX-TP,172,6942,1916,30,28,1/119.7,1/231.4,1/247.9,5.9954027645422245
2023-06-28,アイムジャグラーEX-TP,173,1517,-128,6,2,1/189.6,1/252.8,1/758.5,6.039429151723359
2023-06-28,アイムジャグラーEX-TP,174,5591,-55,22,14,1/155.3,1/254.1,1/399.4,6.195153610335187
2023-06-28,アイムジャグラーEX-TP,175,3977,-1991,6,16,1/180.8,1/662.8,1/248.6,6.3219447084019285
2023-06-28,アイムジャグラーEX-TP,176,1592,-1034,2,4,1/265.3,1/796.0,1/398.0,6.042934136041479
2023-06-28,アイムジャグラーEX-TP,177,1545,-770,3,3,1/257.5,1/515.0,1/515.0,5.894824877916079
2023-06-28,アイムジャグラーEX-TP,178,5140,-1533,14,13,1/190.4,1/367.1,1/395.4,6.13107730364047
2023-06-28,マイジャグラーV,117,5166,-766,16,13,1/178.1,1/322.9,1/397.4,5.707918343697999
2023-06-28,マイジャグラーV,118,5625,-422,18,19,1/152.0,1/312.5,1/296.1,5.847207592923904
2023-06-28,マイジャグラーV,119,3172,-511,11,8,1/166.9,1/288.4,1/396.5,6.15609869239282
2023-06-28,マイジャグラーV,120,7910,-869,23,31,1/146.5,1/343.9,1/255.2,5.918447958478234
2023-06-28,ファンキージャグラー2,113,2838,-696,9,6,1/189.2,1/315.3,1/473.0,6.045210313090452
2023-06-28,ファンキージャグラー2,114,1723,-728,4,4,1/215.4,1/430.8,1/430.8,6.016717692803523
2023-06-28,ファンキージャグラー2,115,2586,-154,9,6,1/172.4,1/287.3,1/431.0,5.651736026555292
2023-06-28,ファンキージャグラー2,116,1678,-320,6,2,1/209.8,1/279.7,1/839.0,5.843741046003528
2023-06-28,ハッピージャグラーVIII,109,6128,-94,22,20,1/145.9,1/278.5,1/306.4,6.191557576837755
2023-06-28,ハッピージャグラーVIII,110,836,-159,3,2,1/167.2,1/278.7,1/418.0,6.661150235630222
2023-06-28,ハッピージャグラーVIII,111,4465,837,19,14,1/135.3,1/235.0,1/318.9,5.9360796232350985
2023-06-28,ハッピージャグラーVIII,112,3087,98,13,6,1/162.5,1/237.5,1/514.5,6.076194385174184
2023-06-27,アイムジャグラーEX-TP,121,4974,246,18,16,1/146.3,1/276.3,1/310.9,5.873042670382529
2023-06-27,アイムジャグラーEX-TP,122,4828,-352,15,19,1/142.0,1/321.9,1/254.1,6.154013858665857
2023-06-27,アイムジャグラーEX-TP,123,1190,-808,2,0,1/595.0,1/595.0,1/0.0,5.605933055737578
2023-06-27,アイムジャグラーEX-TP,124,3281,-1372,6,13,1/172.7,1/546.8,1/252.4,6.28293117180075
2023-06-27,アイムジャグラーEX-TP,125,5578,75,20,20,1/139.4,1/278.9,1/278.9,6.156759258527511
2023-06-27,アイムジャグラーEX-TP,126,804,-435,2,0,1/402.0,1/402.0,1/0.0,5.872528443416217
2023-06-27,アイムジャグラーEX-TP,127,2837,-544,7,12,1/149.3,1/405.3,1/236.4,6.089462990285213
2023-06-27,アイムジャグラーEX-TP,128,4649,1373,20,21,1/113.4,1/232.4,1/221.4,6.095141021490832
2023-06-27,アイムジャグラーEX-TP,129,5047,905,22,17,1/129.4,1/229.4,1/296.9,6.193891026765131
2023-06-27,アイムジャグラーEX-TP,130,1660,1001,9,7,1/103.8,1/184.4,1/237.1,5.850191399936706
2023-06-27,アイムジャグラーEX-TP,131,2178,-1350,3,5,1/272.2,1/726.0,1/435.6,5.953501675836919
2023-06-27,アイムジャグラーEX-TP,132,6529,495,27,22,1/133.2,1/241.8,1/296.8,6.430016898565011
2023-06-27,アイムジャグラーEX-TP,145,905,33,3,3,1/150.8,1/301.7,1/301.7,5.649058042979032
2023-06-27,アイムジャグラーEX-TP,146,604,-648,0,1,1/604.0,1/0.0,1/604.0,6.164403204632365
2023-06-27,アイムジャグラーEX-TP,147,3912,-75,13,15,1/139.7,1/300.9,1/260.8,6.111559583769048
2023-06-27,アイムジャグラーEX-TP,148,287,-303,0,0,1/0.0,1/0.0,1/0.0,5.432675708254336
2023-06-27,アイムジャグラーEX-TP,149,2176,443,10,6,1/136.0,1/217.6,1/362.7,6.0853848854924095
2023-06-27,アイムジャグラーEX-TP,150,778,-896,0,1,1/778.0,1/0.0,1/778.0,6.37846760513219
2023-06-27,アイムジャグラーEX-TP,151,1199,-326,4,1,1/239.8,1/299.8,1/1199.0,5.975558222545039
2023-06-27,アイムジャグラーEX-TP,152,2560,-268,10,5,1/170.7,1/256.0,1/512.0,6.368655864082933
2023-06-27,アイムジャグラーEX-TP,153,1583,161,6,4,1/158.3,1/263.8,1/395.8,5.56700803245759
2023-06-27,アイムジャグラーEX-TP,154,4525,2942,23,29,1/87.0,1/196.7,1/156.0,6.196881427980596
2023-06-27,アイムジャグラーEX-TP,155,3336,790,16,8,1/139.0,1/208.5,1/417.0,6.007461353439263
2023-06-27,アイムジャグラーEX-TP,156,1219,-807,2,1,1/406.3,1/609.5,1/1219.0,5.81420278575197
2023-06-27,アイムジャグラーEX-TP,157,4040,-1307,9,12,1/192.4,1/448.9,1/336.7,5.872986348868327
2023-06-27,アイムジャグラーEX-TP,158,968,-375,3,0,1/322.7,1/322.7,1/0.0,5.87261152911338
2023-06-27,アイムジャグラーEX-TP,159,2556,-1275,5,5,1/255.6,1/511.2,1/511.2,5.918574584946063
2023-06-27,アイムジャグラーEX-TP,160,3044,-445,9,10,1/160.2,1/338.2,1/304.4,6.031520719353559
2023-06-27,アイムジャグラーEX-TP,161,1513,-310,4,4,1/189.1,1/378.2,1/378.2,5.684368684921869
2023-06-27,アイムジャグラーEX-TP,162,2374,111,10,5,1/158.3,1/237.4,1/474.8,6.078448186004406
2023-06-27,アイムジャグラーEX-TP,163,2907,-293,9,8,1/171.0,1/323.0,1/363.4,5.765603180962807
2023-06-27,アイムジャグラーEX-TP,164,835,-642,1,2,1/278.3,1/835.0,1/417.5,6.501867048109533
2023-06-27,アイムジャグラーEX-TP,165,2426,-156,9,4,1/186.6,1/269.6,1/606.5,5.818697586000818
2023-06-27,アイムジャグラーEX-TP,166,2969,858,15,6,1/141.4,1/197.9,1/494.8,5.902097423331924
2023-06-27,アイムジャグラーEX-TP,167,3081,745,14,9,1/134.0,1/220.1,1/342.3,5.924994416832184
2023-06-27,アイムジャグラーEX-TP,168,5210,-694,18,14,1/162.8,1/289.4,1/372.1,6.293650878018656
2023-06-27,アイムジャグラーEX-TP,169,2166,-514,7,6,1/166.6,1/309.4,1/361.0,6.583358709861078
2023-06-27,アイムジャグラーEX-TP,170,4041,20,16,11,1/149.7,1/252.6,1/367.4,6.253976540917682
2023-06-27,アイムジャグラーEX-TP,171,2697,963,15,6,1/128.4,1/179.8,1/449.5,6.269124228449675
2023-06-27,アイムジャグラーEX-TP,172,7130,1598,29,25,1/132.0,1/245.9,1/285.2,5.728390570506726
2023-06-27,アイムジャグラーEX-TP,173,2713,535,14,3,1/159.6,1/193.8,1/904.3,6.043860606074243
2023-06-27,アイムジャグラーEX-TP,174,2577,-588,7,8,1/171.8,1/368.1,1/322.1,6.051549763852184
2023-06-27,アイムジャグラーEX-TP,175,1370,-346,4,2,1/228.3,1/342.5,1/685.0,5.701508152948574
2023-06-27,アイムジャグラーEX-TP,176,360,37,2,0,1/180.0,1/180.0,1/0.0,6.476346045561095
2023-06-27,アイムジャグラーEX-TP,177,7609,2421,34,30,1/118.9,1/223.8,1/253.6,5.933529374003839
2023-06-27,アイムジャグラーEX-TP,178,642,-558,1,0,1/642.0,1/642.0,1/0.0,6.310113785505078
2023-06-27,マイジャグラーV,117,5056,-1466,13,14,1/187.3,1/388.9,1/361.1,5.8751333597753055
2023-06-27,マイジャグラーV,118,2746,-568,10,4,1/196.1,1/274.6,1/686.5,6.089813584230695
2023-06-27,マイジャグラーV,119,1837,-418,5,4,1/204.1,1/367.4,1/459.2,5.538692889809661
2023-06-27,マイジャグラーV,120,6351,1056,29,19,1/132.3,1/219.0,1/334.3,6.063444169257149
2023-06-27,ファンキージャグラー2,113,3291,986,16,9,1/131.6,1/205.7,1/365.7,5.695370739582871
2023-06-27,ファンキージャグラー2,114,1020,-4,3,4,1/145.7,1/340.0,1/255.0,5.526493304544999
2023-06-27,ファンキージャグラー2,115,2417,1196,15,4,1/127.2,1/161.1,1/604.2,5.792485639887075
2023-06-27,ファンキージャグラー2,116,3171,-96,12,7,1/166.9,1/264.2,1/453.0,5.785496425492337
2023-06-27,ハッピージャグラーVIII,109,4824,4,17,15,1/150.8,1/283.8,1/321.6,5.975319107928458
2023-06-27,ハッピージャグラーVIII,110,2559,-531,7,9,1/159.9,1/365.6,1/284.3,6.247391389091545
2023-06-27,ハッピージャグラーVIII,111,4260,1143,22,10,1/133.1,1/193.6,1/426.0,6.220478735928631
2023-06-27,ハッピージャグラーVIII,112,819,-443,2,1,1/273.0,1/409.5,1/819.0,6.466221051398464
2023-06-26,アイムジャグラーEX-TP,121,5052,2011,24,18,1/120.3,1/210.5,1/280.7,5.741257611342725
2023-06-26,アイムジャグラーEX-TP,122,2265,-77,8,9,1/133.2,1/283.1,1/251.7,6.5123755981717615
2023-06-26,アイムジャグラーEX-TP,123,4525,72,16,13,1/156.0,1/282.8,1/348.1,5.787927151422087
2023-06-26,アイムジャグラーEX-TP,124,331,-432,0,0,1/0.0,1/0.0,1/0.0,6.540307659233768
2023-06-26,アイムジャグラーEX-TP,125,4896,1039,21,18,1/125.5,1/233.1,1/272.0,6.094380064187415
2023-06-26,アイムジャグラーEX-TP,126,663,-518,1,0,1/663.0,1/663.0,1/0.0,5.847681394327148
2023-06-26,アイムジャグラーEX-TP,127,5971,1242,27,21,1/124.4,1/221.1,1/284.3,6.323036043402183
2023-06-26,アイムジャグラーEX-TP,128,1358,320,7,2,1/150.9,1/194.0,1/679.0,6.021476807537151
2023-06-26,アイムジャグラーEX-TP,129,1305,236,6,1,1/186.4,1/217.5,1/1305.0,5.401748303778595
2023-06-26,アイムジャグラーEX-TP,130,5015,-7,17,18,1/143.3,1/295.0,1/278.6,5.999902972655817
2023-06-26,アイムジャグラーEX-TP,131,1074,-1042,0,2,1/537.0,1/0.0,1/537.0,5.79399093008444
2023-06-26,アイムジャグラーEX-TP,132,2460,-1766,2,6,1/307.5,1/1230.0,1/410.0,5.82305855440441
2023-06-26,アイムジャグラーEX-TP,145,1072,-11,3,5,1/134.0,1/357.3,1/214.4,5.836558503767739
2023-06-26,アイムジャグラーEX-TP,146,1082,-645,1,5,1/180.3,1/1082.0,1/216.4,6.350034314834232
2023-06-26,アイムジャグラーEX-TP,147,3234,679,14,12,1/124.4,1/231.0,1/269.5,6.167214348609629
2023-06-26,アイムジャグラーEX-TP,148,2444,-595,7,8,1/162.9,1/349.1,1/305.5,6.382317366685102
2023-06-26,アイムジャグラーEX-TP,149,1276,243,6,5,1/116.0,1/212.7,1/255.2,6.872286261529591
2023-06-26,アイムジャグラーEX-TP,150,2764,1027,13,12,1/110.6,1/212.6,1/230.3,6.1319571896210805
2023-06-26,アイムジャグラーEX-TP,151,1140,-445,3,3,1/190.0,1/380.0,1/380.0,6.524609510705796
2023-06-26,アイムジャグラーEX-TP,152,1544,-11,5,6,1/140.4,1/308.8,1/257.3,5.981667351807774
2023-06-26,アイムジャグラーEX-TP,153,7202,1454,28,34,1/116.2,1/257.2,1/211.8,6.136241708554625
2023-06-26,アイムジャグラーEX-TP,154,955,-43,3,3,1/159.2,1/318.3,1/318.3,5.735539383937007
2023-06-26,アイムジャグラーEX-TP,155,445,-246,1,1,1/222.5,1/445.0,1/445.0,6.68416064216008
2023-06-26,アイムジャグラーEX-TP,156,7016,3741,37,27,1/109.6,1/189.6,1/259.9,5.839553895370309
2023-06-26,アイムジャグラーEX-TP,157,2224,-1707,3,2,1/444.8,1/741.3,1/1112.0,5.987077549964033
2023-06-26,アイムジャグラーEX-TP,158,2973,96,13,5,1/165.2,1/228.7,1/594.6,6.1454262091823715
2023-06-26,アイムジャグラーEX-TP,159,2900,394,11,10,1/138.1,1/263.6,1/290.0,5.7857121837621985
2023-06-26,アイムジャグラーEX-TP,160,1689,-369,5,3,1/211.1,1/337.8,1/563.0,5.7270436085379535
2023-06-26,アイムジャグラーEX-TP,161,4163,-357,13,13,1/160.1,1/320.2,1/320.2,5.880051303765429
2023-06-26,アイムジャグラーEX-TP,162,2277,-597,6,7,1/175.2,1/379.5,1/325.3,6.101011039614693
2023-06-26,アイムジャグラーEX-TP,163,4899,-605,16,15,1/158.0,1/306.2,1/326.6,6.189034957890369
2023-06-26,アイムジャグラーEX-TP,164,1122,87,3,6,1/124.7,1/374.0,1/187.0,5.615176350318541
2023-06-26,アイムジャグラーEX-TP,165,4795,-224,16,19,1/137.0,1/299.7,1/252.4,6.3200789831935325
2023-06-26,アイムジャグラーEX-TP,166,3201,22,12,7,1/168.5,1/266.8,1/457.3,5.776150719387001
2023-06-26,アイムジャグラーEX-TP,167,2556,-493,8,5,1/196.6,1/319.5,1/511.2,5.870571941390101
2023-06-26,アイムジャグラーEX-TP,168,5198,1576,27,11,1/136.8,1/192.5,1/472.5,6.038299266429116
2023-06-26,アイムジャグラーEX-TP,169,4035,-1188,13,4,1/237.4,1/310.4,1/1008.8,6.015069874316345
2023-06-26,アイムジャグラーEX-TP,170,3044,-1308,5,10,1/202.9,1/608.8,1/304.4,5.8265955028291625
2023-06-26,アイムジャグラーEX-TP,171,1819,15,8,2,1/181.9,1/227.4,1/909.5,6.0293826833610185
2023-06-26,アイムジャグラーEX-TP,172,5285,-768,19,10,1/182.2,1/278.2,1/528.5,6.156156829522155
2023-06-26,アイムジャグラーEX-TP,173,8343,2399,37,37,1/112.7,1/225.5,1/225.5,6.253962510796762
2023-06-26,アイムジャグラーEX-TP,174,3863,-719,12,10,1/175.6,1/321.9,1/386.3,6.082985400110688
2023-06-26,アイムジャグラーEX-TP,175,4229,141,14,14,1/151.0,1/302.1,1/302.1,5.655382771658029
2023-06-26,アイムジャグラーEX-TP,176,3760,785,15,18,1/113.9,1/250.7,1/208.9,6.25593617214739
2023-06-26,アイムジャグラーEX-TP,177,1262,-873,2,1,1/420.7,1/631.0,1/1262.0,5.869802114645049
2023-06-26,アイムジャグラーEX-TP,178,5090,-154,19,12,1/164.2,1/267.9,1/424.2,5.989645679509121
2023-06-26,マイジャグラーV,117,4824,-395,19,11,1/160.8,1/253.9,1/438.5,6.205722079695442
2023-06-26,マイジャグラーV,118,3329,-797,11,7,1/184.9,1/302.6,1/475.6,6.152517797431804
2023-06-26,マイジャグラーV,119,682,-461,1,2,1/227.3,1/682.0,1/341.0,6.533572587907625
2023-06-26,マイジャグラーV,120,8263,1283,31,37,1/121.5,1/266.5,1/223.3,5.8749870983624914
2023-06-26,ファンキージャグラー2,113,1250,293,7,2,1/138.9,1/178.6,1/625.0,6.294751750727831
2023-06-26,ファンキージャグラー2,114,6298,-240,26,6,1/196.8,1/242.2,1/1049.7,5.665100241263738
2023-06-26,ファンキージャグラー2,115,2352,-302,8,7,1/156.8,1/294.0,1/336.0,6.1394845469408885
2023-06-26,ファンキージャグラー2,116,1767,681,10,3,1/135.9,1/176.7,1/589.0,5.720846719309303
2023-06-26,ハッピージャグラーVIII,109,1811,-882,4,5,1/201.2,1/452.8,1/362.2,6.668743207495174
2023-06-26,ハッピージャグラーVIII,110,6448,180,24,19,1/150.0,1/268.7,1/339.4,5.996832504320221
2023-06-26,ハッピージャグラーVIII,111,1407,-181,4,4,1/175.9,1/351.8,1/351.8,5.721890210367408
2023-06-26,ハッピージャグラーVIII,112,5679,-173,21,13,1/167.0,1/270.4,1/436.8,5.95062856526733
2023-06-25,アイムジャグラーEX-TP,121,1371,-1141,2,1,1/457.0,1/685.5,1/1371.0,6.3487773787551385
2023-06-25,アイムジャグラーEX-TP,122,4813,-318,17,13,1/160.4,1/283.1,1/370.2,6.071937101342258
2023-06-25,アイムジャグラーEX-TP,123,2906,-821,8,8,1/181.6,1/363.2,1/363.2,6.192369517654049
2023-06-25,アイムジャグラーEX-TP,124,4397,1967,28,4,1/137.4,1/157.0,1/1099.2,6.206043933088882
2023-06-25,アイムジャグラーEX-TP,125,5462,300,21,20,1/133.2,1/260.1,1/273.1,6.306764415895758
2023-06-25,アイムジャグラーEX-TP,126,4726,1178,23,15,1/124.4,1/205.5,1/315.1,6.387198227521408
2023-06-25,アイムジャグラーEX-TP,127,2375,-1240,4,6,1/237.5,1/593.8,1/395.8,5.959363414527045
2023-06-25,アイムジャグラーEX-TP,128,3153,-687,7,12,1/165.9,1/450.4,1/262.8,5.754905947807548
2023-06-25,アイムジャグラーEX-TP,129,5127,2166,28,17,1/113.9,1/183.1,1/301.6,6.335058774999804
2023-06-25,アイムジャグラーEX-TP,130,2131,-1032,5,3,1/266.4,1/426.2,1/710.3,6.058603153930825
2023-06-25,アイムジャグラーEX-TP,131,5891,1127,23,23,1/128.1,1/256.1,1/256.1,5.853077094076684
2023-06-25,アイムジャグラーEX-TP,132,3520,-1028,11,9,1/176.0,1/320.0,1/391.1,6.624812406767999
2023-06-25,アイムジャグラーEX-TP,145,5082,972,24,14,1/133.7,1/211.8,1/363.0,6.296010774726728
2023-06-25,アイムジャグラーEX-TP,146,1350,-1365,1,1,1/675.0,1/1350.0,1/1350.0,6.346475238169113
2023-06-25,アイムジャグラーEX-TP,147,1362,-1107,1,3,1/340.5,1/1362.0,1/454.0,6.054773562137981
2023-06-25,アイムジャグラーEX-TP,148,3145,-112,11,10,1/149.8,1/285.9,1/314.5,6.101884395774237
2023-06-25,アイムジャグラーEX-TP,149,1645,-207,5,5,1/164.5,1/329.0,1/329.0,5.929032544081185
2023-06-25,アイムジャグラーEX-TP,150,1684,-583,4,6,1/168.4,1/421.0,1/280.7,6.420769496433994
2023-06-25,アイムジャグラーEX-TP,151,2687,-1432,7,3,1/268.7,1/383.9,1/895.7,6.480367477112147
2023-06-25,アイムジャグラーEX-TP,152,1794,-511,5,4,1/199.3,1/358.8,1/448.5,6.011167704173884
2023-06-25,アイムジャグラーEX-TP,153,7389,2922,38,24,1/119.2,1/194.4,1/307.9,6.0501994109370605
2023-06-25,アイムジャグラーEX-TP,154,448,-381,1,0,1/448.0,1/448.0,1/0.0,7.161735486735043
2023-06-25,アイムジャグラーEX-TP,155,1650,1055,11,2,1/126.9,1/150.0,1/825.0,5.808637091316175
2023-06-25,アイムジャグラーEX-TP,156,4888,396,19,17,1/135.8,1/257.3,1/287.5,6.1470473322141554
2023-06-25,アイムジャグラーEX-TP,157,2049,-523,6,3,1/227.7,1/341.5,1/683.0,5.722908820767685
2023-06-25,アイムジャグラーEX-TP,158,5928,61,23,15,1/156.0,1/257.7,1/395.2,6.0479142949330695
2023-06-25,アイムジャグラーEX-TP,159,2032,-1304,3,4,1/290.3,1/677.3,1/508.0,6.0234262072337845
2023-06-25,アイムジャグラーEX-TP,160,4265,350,16,16,1/133.3,1/266.6,1/266.6,6.104537739783809
2023-06-25,アイムジャグラーEX-TP,161,6566,356,23,26,1/134.0,1/285.5,1/252.5,6.036522209699203
2023-06-25,アイムジャグラーEX-TP,162,3861,701,15,14,1/133.1,1/257.4,1/275.8,5.762048527790632
2023-06-25,アイムジャグラーEX-TP,163,1022,-1140,0,2,1/511.0,1/0.0,1/511.0,6.5228332992299345
2023-06-25,アイムジャグラーEX-TP,164,6987,2679,34,24,1/120.5,1/205.5,1/291.1,5.873975704994361
2023-06-25,アイムジャグラーEX-TP,165,1855,-1750,2,2,1/463.8,1/927.5,1/927.5,6.604262615387683
2023-06-25,アイムジャグラーEX-TP,166,5602,1051,24,19,1/130.3,1/233.4,1/294.8,6.0768292810055495
2023-06-25,アイムジャグラーEX-TP,167,4369,-1077,12,15,1/161.8,1/364.1,1/291.3,6.325604199807376
2023-06-25,アイムジャグラーEX-TP,168,5144,-762,20,4,1/214.3,1/257.2,1/1286.0,6.018417292906541
2023-06-25,アイムジャグラーEX-TP,169,3839,-1197,13,5,1/213.3,1/295.3,1/767.8,6.443004184713596
2023-06-25,アイムジャグラーEX-TP,170,4246,-1149,13,9,1/193.0,1/326.6,1/471.8,6.218117321024175
2023-06-25,アイムジャグラーEX-TP,171,3607,2064,23,8,1/116.4,1/156.8,1/450.9,6.2150807702902515
2023-06-25,アイムジャグラーEX-TP,172,3571,-526,11,10,1/170.0,1/324.6,1/357.1,5.968601678639555
2023-06-25,アイムジャグラーEX-TP,173,3643,33,15,8,1/158.4,1/242.9,1/455.4,6.183852364165861
2023-06-25,アイムジャグラーEX-TP,174,1245,-569,4,0,1/311.2,1/311.2,1/0.0,6.328798626269444
2023-06-25,アイムジャグラーEX-TP,175,5711,-1002,17,19,1/158.6,1/335.9,1/300.6,6.210785377355617
2023-06-25,アイムジャグラーEX-TP,176,2147,-662,7,3,1/214.7,1/306.7,1/715.7,6.310522748185335
2023-06-25,アイムジャグラーEX-TP,177,5311,-808,18,9,1/196.7,1/295.1,1/590.1,5.868380609487071
2023-06-25,アイムジャグラーEX-TP,178,3389,-168,15,2,1/199.4,1/225.9,1/1694.5,6.104620001274963
2023-06-25,マイジャグラーV,117,6301,-969,22,10,1/196.9,1/286.4,1/630.1,5.754423604982619
2023-06-25,マイジャグラーV,118,7578,73,28,24,1/145.7,1/270.6,1/315.8,5.90626416229817
2023-06-25,マイジャグラーV,119,5007,-1312,16,6,1/227.6,1/312.9,1/834.5,5.756112156994666
2023-06-25,マイジャグラーV,120,6552,-3127,12,19,1/211.4,1/546.0,1/344.8,5.975183726868005
2023-06-25,ファンキージャグラー2,113,3601,-1177,8,11,1/189.5,1/450.1,1/327.4,5.799763954760956
2023-06-25,ファンキージャグラー2,114,2973,-45,12,6,1/165.2,1/247.8,1/495.5,5.901260918132882
2023-06-25,ファンキージャグラー2,115,1984,-260,7,5,1/165.3,1/283.4,1/396.8,6.090698606814092
2023-06-25,ファンキージャグラー2,116,3305,257,14,5,1/173.9,1/236.1,1/661.0,5.5214427337740535
2023-06-25,ハッピージャグラーVIII,109,6181,302,25,20,1/137.4,1/247.2,1/309.1,6.400013005041797
2023-06-25,ハッピージャグラーVIII,110,4078,430,17,13,1/135.9,1/239.9,1/313.7,6.243035094835997
2023-06-25,ハッピージャグラーVIII,111,3858,-242,11,15,1/148.4,1/350.7,1/257.2,5.873490003629826
2023-06-25,ハッピージャグラーVIII,112,5813,-592,19,18,1/157.1,1/305.9,1/322.9,6.160217665616355
2023-06-24,アイムジャグラーEX-TP,121,5522,-922,18,19,1/149.2,1/306.8,1/290.6,6.58642071605605
2023-06-24,アイムジャグラーEX-TP,122,4297,-615,14,10,1/179.0,1/306.9,1/429.7,5.948237350534098
2023-06-24,アイムジャグラーEX-TP,123,4509,643,21,10,1/145.5,1/214.7,1/450.9,6.203859653752534
2023-06-24,アイムジャグラーEX-TP,124,4876,-68,18,13,1/157.3,1/270.9,1/375.1,6.001841738252518
2023-06-24,アイムジャグラーEX-TP,125,4710,-2365,11,12,1/204.8,1/428.2,1/392.5,6.684836838532024
2023-06-24,アイムジャグラーEX-TP,126,3776,-185,14,10,1/157.3,1/269.7,1/377.6,6.175059940273302
2023-06-24,アイムジャグラーEX-TP,127,2393,-12,11,4,1/159.5,1/217.5,1/598.2,6.616163561295327
2023-06-24,アイムジャグラーEX-TP,128,5194,540,21,16,1/140.4,1/247.3,1/324.6,6.046702968848503
2023-06-24,アイムジャグラーEX-TP,129,4405,-131,17,10,1/163.1,1/259.1,1/440.5,6.09425031348035
2023-06-24,アイムジャグラーEX-TP,130,1724,-716,5,2,1/246.3,1/344.8,1/862.0,6.280299302161848
2023-06-24,アイムジャグラーEX-TP,131,4876,231,18,19,1/131.8,1/270.9,1/256.6,6.264495398043351
2023-06-24,アイムジャグラーEX-TP,132,4074,-1422,10,10,1/203.7,1/407.4,1/407.4,6.02064255773211
2023-06-24,アイムジャグラーEX-TP,145,2141,-18,8,7,1/142.7,1/267.6,1/305.9,6.3008042810389435
2023-06-24,アイムジャグラーEX-TP,146,4430,-818,12,13,1/177.2,1/369.2,1/340.8,5.782150371281272
2023-06-24,アイムジャグラーEX-TP,147,1313,-511,3,3,1/218.8,1/437.7,1/437.7,5.937199889919883
2023-06-24,アイムジャグラーEX-TP,148,3926,1137,20,12,1/122.7,1/196.3,1/327.2,6.416101610653959
2023-06-24,アイムジャグラーEX-TP,149,1522,-904,4,1,1/304.4,1/380.5,1/1522.0,6.603563155987747
2023-06-24,アイムジャグラーEX-TP,150,3096,-182,12,8,1/154.8,1/258.0,1/387.0,6.402185808802443
2023-06-24,アイムジャグラーEX-TP,151,2544,-1051,6,6,1/212.0,1/424.0,1/424.0,6.163451238088113
2023-06-24,アイムジャグラーEX-TP,152,3303,-286,12,7,1/173.8,1/275.2,1/471.9,6.0283472489355345
2023-06-24,アイムジャグラーEX-TP,153,3863,-1152,7,17,1/161.0,1/551.9,1/227.2,5.901200911953227
2023-06-24,アイムジャグラーEX-TP,154,3194,-812,9,7,1/199.6,1/354.9,1/456.3,5.893730974541888
2023-06-24,アイムジャグラーEX-TP,155,5024,1627,26,11,1/135.8,1/193.2,1/456.7,5.955226440788152
2023-06-24,アイムジャグラーEX-TP,156,3194,-735,9,9,1/177.4,1/354.9,1/354.9,6.052173831317465
2023-06-24,アイムジャグラーEX-TP,157,6862,508,25,26,1/134.5,1/274.5,1/263.9,6.032804689847154
2023-06-24,アイムジャグラーEX-TP,158,3405,-955,9,10,1/179.2,1/378.3,1/340.5,6.134886976193485
2023-06-24,アイムジャグラーEX-TP,159,3370,-50,13,10,1/146.5,1/259.2,1/337.0,6.341010314866913
2023-06-24,アイムジャグラーEX-TP,160,6346,2724,35,16,1/124.4,1/181.3,1/396.6,6.007358645151865
2023-06-24,アイムジャグラーEX-TP,161,3664,434,15,11,1/140.9,1/244.3,1/333.1,6.005001392589979
2023-06-24,アイムジャグラーEX-TP,162,4415,-1274,12,9,1/210.2,1/367.9,1/490.6,5.870734666927558
2023-06-24,アイムジャグラーEX-TP,163,3468,327,15,10,1/138.7,1/231.2,1/346.8,6.3429880818216935
2023-06-24,アイムジャグラーEX-TP,164,3826,-2,14,12,1/147.2,1/273.3,1/318.8,6.108342063451593
2023-06-24,アイムジャグラーEX-TP,165,7578,1184,33,24,1/132.9,1/229.6,1/315.8,6.207431064974904
2023-06-24,アイムジャグラーEX-TP,166,1544,117,7,3,1/154.4,1/220.6,1/514.7,6.250297030793156
2023-06-24,アイムジャグラーEX-TP,167,4074,-542,14,12,1/156.7,1/291.0,1/339.5,6.393251237542929
2023-06-24,アイムジャグラーEX-TP,168,7664,297,29,24,1/144.6,1/264.3,1/319.3,6.069416688429796
2023-06-24,アイムジャグラーEX-TP,169,4865,-682,17,13,1/162.2,1/286.2,1/374.2,6.371160917190491
2023-06-24,アイムジャグラーEX-TP,170,2517,-925,5,9,1/179.8,1/503.4,1/279.7,6.055427296403519
2023-06-24,アイムジャグラーEX-TP,171,4040,668,17,12,1/139.3,1/237.6,1/336.7,5.91057749780237
2023-06-24,アイムジャグラーEX-TP,172,4031,-774,11,16,1/149.3,1/366.5,1/251.9,6.286272678360278
2023-06-24,アイムジャグラーEX-TP,173,4048,-1133,11,12,1/176.0,1/368.0,1/337.3,6.233819000911311
2023-06-24,アイムジャグラーEX-TP,174,4664,-846,15,11,1/179.4,1/310.9,1/424.0,6.087198915643301
2023-06-24,アイムジャグラーEX-TP,175,2482,-549,6,8,1/177.3,1/413.7,1/310.2,5.744056949200365
2023-06-24,アイムジャグラーEX-TP,176,7152,563,26,28,1/132.4,1/275.1,1/255.4,6.057138429953471
2023-06-24,アイムジャグラーEX-TP,177,5406,-790,19,11,1/180.2,1/284.5,1/491.5,6.128732356625472
2023-06-24,アイムジャグラーEX-TP,178,7450,1679,33,26,1/126.3,1/225.8,1/286.5,6.114555165085809
2023-06-24,マイジャグラーV,117,4689,-1957,12,9,1/223.3,1/390.8,1/521.0,6.069504986838913
2023-06-24,マイジャグラーV,118,6880,870,27,22,1/140.4,1/254.8,1/312.7,5.6597585940205395
2023-06-24,マイジャグラーV,119,5808,-149,21,16,1/157.0,1/276.6,1/363.0,5.807950458182591
2023-06-24,マイジャグラーV,120,7138,659,26,25,1/140.0,1/274.5,1/285.5,5.642591209659878
2023-06-24,ファンキージャグラー2,113,3252,-992,9,8,1/191.3,1/361.3,1/406.5,6.027688442648824
2023-06-24,ファンキージャグラー2,114,6144,1944,32,18,1/122.9,1/192.0,1/341.3,6.060790797067974
2023-06-24,ファンキージャグラー2,115,1319,-376,4,0,1/329.8,1/329.8,1/0.0,5.2697940270640276
2023-06-24,ファンキージャグラー2,116,2700,-827,8,5,1/207.7,1/337.5,1/540.0,5.982981740826095
2023-06-24,ハッピージャグラーVIII,109,5264,-121,20,16,1/146.2,1/263.2,1/329.0,6.370857490308163
2023-06-24,ハッピージャグラーVIII,110,2790,-1725,5,5,1/279.0,1/558.0,1/558.0,6.344447201663882
2023-06-24,ハッピージャグラーVIII,111,3717,-502,13,9,1/169.0,1/285.9,1/413.0,6.273583031755415
2023-06-24,ハッピージャグラーVIII,112,2871,-1321,7,6,1/220.8,1/410.1,1/478.5,6.473795769838972
2023-06-23,アイムジャグラーEX-TP,121,4292,-315,15,9,1/178.8,1/286.1,1/476.9,5.809273799086942
2023-06-23,アイムジャグラーEX-TP,122,3785,1201,21,7,1/135.2,1/180.2,1/540.7,6.272149303998566
2023-06-23,アイムジャグラーEX-TP,123,4381,440,17,15,1/136.9,1/257.7,1/292.1,6.0255443469335965
2023-06-23,アイムジャグラーEX-TP,124,4878,-1447,12,19,1/157.4,1/406.5,1/256.7,6.438121959965467
2023-06-23,アイムジャグラーEX-TP,125,5313,-420,20,14,1/156.3,1/265.6,1/379.5,6.387291144415752
2023-06-23,アイムジャグラーEX-TP,126,2927,556,14,4,1/162.6,1/209.1,1/731.8,5.770482878029024
2023-06-23,アイムジャグラーEX-TP,127,3351,917,15,10,1/134.0,1/223.4,1/335.1,5.742745662054859
2023-06-23,アイムジャグラーEX-TP,128,2591,-1076,7,4,1/235.5,1/370.1,1/647.8,6.215055454917712
2023-06-23,アイムジャグラーEX-TP,129,3311,100,13,7,1/165.6,1/254.7,1/473.0,5.836588496219808
2023-06-23,アイムジャグラーEX-TP,130,5414,-604,20,9,1/186.7,1/270.7,1/601.6,6.013822839554972
2023-06-23,アイムジャグラーEX-TP,131,2368,-118,8,9,1/139.3,1/296.0,1/263.1,6.3108554148645215
2023-06-23,アイムジャグラーEX-TP,132,4275,145,17,10,1/158.3,1/251.5,1/427.5,5.968775971592815
2023-06-23,アイムジャグラーEX-TP,145,2753,577,14,3,1/161.9,1/196.6,1/917.7,5.897892926871033
2023-06-23,アイムジャグラーEX-TP,146,1938,-195,7,4,1/176.2,1/276.9,1/484.5,6.044128311791692
2023-06-23,アイムジャグラーEX-TP,147,2685,583,15,3,1/149.2,1/179.0,1/895.0,6.475654553615163
2023-06-23,アイムジャグラーEX-TP,148,1112,-595,2,3,1/222.4,1/556.0,1/370.7,6.228637021304459
2023-06-23,アイムジャグラーEX-TP,149,2720,1698,16,7,1/118.3,1/170.0,1/388.6,5.59630421715471
2023-06-23,アイムジャグラーEX-TP,150,5836,1421,26,21,1/124.2,1/224.5,1/277.9,6.108176112951605
2023-06-23,アイムジャグラーEX-TP,151,1279,-233,4,3,1/182.7,1/319.8,1/426.3,5.983726229600768
2023-06-23,アイムジャグラーEX-TP,152,1142,-357,3,3,1/190.3,1/380.7,1/380.7,6.12808294354898
2023-06-23,アイムジャグラーEX-TP,153,1345,-739,3,2,1/269.0,1/448.3,1/672.5,6.265502168352879
2023-06-23,アイムジャグラーEX-TP,154,507,-508,0,1,1/507.0,1/0.0,1/507.0,5.976938918395685
2023-06-23,アイムジャグラーEX-TP,155,6085,2793,33,19,1/117.0,1/184.4,1/320.3,6.02711916382215
2023-06-23,アイムジャグラーEX-TP,156,1759,852,9,5,1/125.6,1/195.4,1/351.8,5.492980819909985
2023-06-23,アイムジャグラーEX-TP,157,4929,-724,17,10,1/182.6,1/289.9,1/492.9,6.053108121196905
2023-06-23,アイムジャグラーEX-TP,158,2883,335,13,5,1/160.2,1/221.8,1/576.6,5.941808364953249
2023-06-23,アイムジャグラーEX-TP,159,2882,243,11,9,1/144.1,1/262.0,1/320.2,5.898759762222263
2023-06-23,アイムジャグラーEX-TP,160,3223,-569,11,6,1/189.6,1/293.0,1/537.2,6.074648591568317
2023-06-23,アイムジャグラーEX-TP,161,4908,777,24,10,1/144.4,1/204.5,1/490.8,6.329335767161535
2023-06-23,アイムジャグラーEX-TP,162,3891,-13,13,13,1/149.7,1/299.3,1/299.3,5.85091542691969
2023-06-23,アイムジャグラーEX-TP,163,1737,227,8,2,1/173.7,1/217.1,1/868.5,5.746442350082531
2023-06-23,アイムジャグラーEX-TP,164,5854,-1690,17,16,1/177.4,1/344.4,1/365.9,6.401718836355607
2023-06-23,アイムジャグラーEX-TP,165,2090,-551,7,3,1/209.0,1/298.6,1/696.7,6.218644567567655
2023-06-23,アイムジャグラーEX-TP,166,1098,217,6,1,1/156.9,1/183.0,1/1098.0,6.3178547235199165
2023-06-23,アイムジャグラーEX-TP,167,4920,-1401,12,16,1/175.7,1/410.0,1/307.5,6.056004750271043
2023-06-23,アイムジャグラーEX-TP,168,4415,-1923,10,9,1/232.4,1/441.5,1/490.6,6.017258423940319
2023-06-23,アイムジャグラーEX-TP,169,5896,-248,20,20,1/147.4,1/294.8,1/294.8,6.102749938868994
2023-06-23,アイムジャグラーEX-TP,170,4578,34,17,13,1/152.6,1/269.3,1/352.2,6.004772180543693
2023-06-23,アイムジャグラーEX-TP,171,1932,-169,8,2,1/193.2,1/241.5,1/966.0,6.1450033775254065
2023-06-23,アイムジャグラーEX-TP,172,3223,1861,20,9,1/111.1,1/161.2,1/358.1,6.24684229680905
2023-06-23,アイムジャグラーEX-TP,173,5033,2237,28,14,1/119.8,1/179.8,1/359.5,6.10658814837546
2023-06-23,アイムジャグラーEX-TP,174,1321,-86,5,3,1/165.1,1/264.2,1/440.3,6.173219126754462
2023-06-23,アイムジャグラーEX-TP,175,5605,681,22,20,1/133.5,1/254.8,1/280.2,6.043343658591731
2023-06-23,アイムジャグラーEX-TP,176,1009,226,5,2,1/144.1,1/201.8,1/504.5,6.0676907733996535
2023-06-23,アイムジャグラーEX-TP,177,2475,1007,13,7,1/123.8,1/190.4,1/353.6,5.943104677883727
2023-06-23,アイムジャグラーEX-TP,178,7601,3320,37,27,1/118.8,1/205.4,1/281.5,5.699097090870735
2023-06-23,マイジャグラーV,117,8455,1263,35,22,1/148.3,1/241.6,1/384.3,5.5490922112973715
2023-06-23,マイジャグラーV,118,539,-418,1,0,1/539.0,1/539.0,1/0.0,6.101550027184584
2023-06-23,マイジャグラーV,119,3738,364,17,8,1/149.5,1/219.9,1/467.2,5.988140094459866
2023-06-23,マイジャグラーV,120,2640,-1074,7,1,1/330.0,1/377.1,1/2640.0,5.50487525514784
2023-06-23,ファンキージャグラー2,113,600,-614,0,1,1/600.0,1/0.0,1/600.0,5.940814634206715
2023-06-23,ファンキージャグラー2,114,4556,2969,29,15,1/103.5,1/157.1,1/303.7,5.952873649799472
2023-06-23,ファンキージャグラー2,115,6695,1086,30,23,1/126.3,1/223.2,1/291.1,6.193771732335855
2023-06-23,ファンキージャグラー2,116,104,-138,0,0,1/0.0,1/0.0,1/0.0,6.656809468031312
2023-06-23,ハッピージャグラーVIII,109,6349,-343,25,16,1/154.9,1/254.0,1/396.8,6.445092543329168
2023-06-23,ハッピージャグラーVIII,110,1148,-499,3,0,1/382.7,1/382.7,1/0.0,5.636830500555949
2023-06-23,ハッピージャグラーVIII,111,6065,-462,19,19,1/159.6,1/319.2,1/319.2,5.911003939308901
2023-06-23,ハッピージャグラーVIII,112,1873,-151,8,3,1/170.3,1/234.1,1/624.3,6.543511754804866
2023-06-22,アイムジャグラーEX-TP,121,5069,-456,17,15,1/158.4,1/298.2,1/337.9,6.088839446781189
2023-06-22,アイムジャグラーEX-TP,122,2659,-111,10,11,1/126.6,1/265.9,1/241.7,6.970877070300023
2023-06-22,アイムジャグラーEX-TP,123,4772,1505,24,13,1/129.0,1/198.8,1/367.1,6.057862257846255
2023-06-22,アイムジャグラーEX-TP,124,1378,-291,5,2,1/196.9,1/275.6,1/689.0,6.312866102140066
2023-06-22,アイムジャグラーEX-TP,125,3125,-1070,7,9,1/195.3,1/446.4,1/347.2,5.931198102016608
2023-06-22,アイムジャグラーEX-TP,126,4126,1834,22,14,1/114.6,1/187.5,1/294.7,6.1071094035808215
2023-06-22,アイムジャグラーEX-TP,127,2230,-165,7,8,1/148.7,1/318.6,1/278.8,6.042534293075648
2023-06-22,アイムジャグラーEX-TP,128,4989,-291,14,19,1/151.2,1/356.4,1/262.6,5.7053506480032965
2023-06-22,アイムジャグラーEX-TP,129,4347,1070,21,13,1/127.9,1/207.0,1/334.4,6.2703441800142405
2023-06-22,アイムジャグラーEX-TP,130,933,-342,3,1,1/233.2,1/311.0,1/933.0,6.390834679997962
2023-06-22,アイムジャグラーEX-TP,131,5147,48,18,16,1/151.4,1/285.9,1/321.7,5.869906048886293
2023-06-22,アイムジャグラーEX-TP,132,6960,1630,28,29,1/122.1,1/248.6,1/240.0,5.904649330214672
2023-06-22,アイムジャグラーEX-TP,145,4754,137,16,16,1/148.6,1/297.1,1/297.1,5.751415266748317
2023-06-22,アイムジャグラーEX-TP,146,2100,-1109,4,4,1/262.5,1/525.0,1/525.0,5.969148032028742
2023-06-22,アイムジャグラーEX-TP,147,2701,-832,8,7,1/180.1,1/337.6,1/385.9,6.507958732361438
2023-06-22,アイムジャグラーEX-TP,148,1666,-366,4,6,1/166.6,1/416.5,1/277.7,5.872190539259542
2023-06-22,アイムジャグラーEX-TP,149,701,-262,2,1,1/233.7,1/350.5,1/701.0,6.1450643693301155
2023-06-22,アイムジャグラーEX-TP,150,2790,-150,10,6,1/174.4,1/279.0,1/465.0,5.842912358827697
2023-06-22,アイムジャグラーEX-TP,151,4546,-655,15,13,1/162.4,1/303.1,1/349.7,6.2362147553724725
2023-06-22,アイムジャグラーEX-TP,152,4225,1078,20,14,1/124.3,1/211.2,1/301.8,6.257344975203882
2023-06-22,アイムジャグラーEX-TP,153,478,-366,0,2,1/239.0,1/0.0,1/239.0,5.864698222014899
2023-06-22,アイムジャグラーEX-TP,154,3205,-136,12,8,1/160.2,1/267.1,1/400.6,6.118943868379131
2023-06-22,アイムジャグラーEX-TP,155,3419,1858,18,13,1/110.3,1/189.9,1/263.0,5.768546056947377
2023-06-22,アイムジャグラーEX-TP,156,7982,-522,26,27,1/150.6,1/307.0,1/295.6,6.049948700876597
2023-06-22,アイムジャグラーEX-TP,157,4593,-1041,14,14,1/164.0,1/328.1,1/328.1,6.423131934234513
2023-06-22,アイムジャグラーEX-TP,158,4580,17,17,14,1/147.7,1/269.4,1/327.1,6.114865070094979
2023-06-22,アイムジャグラーEX-TP,159,494,-219,1,1,1/247.0,1/494.0,1/494.0,5.7820883077044805
2023-06-22,アイムジャグラーEX-TP,160,3256,-464,9,15,1/135.7,1/361.8,1/217.1,6.387116041343944
2023-06-22,アイムジャグラーEX-TP,161,2905,-251,9,7,1/181.6,1/322.8,1/415.0,5.57880109356024
2023-06-22,アイムジャグラーEX-TP,162,1264,-204,5,2,1/180.6,1/252.8,1/632.0,6.544786924468446
2023-06-22,アイムジャグラーEX-TP,163,3510,-506,13,6,1/184.7,1/270.0,1/585.0,6.19778181212369
2023-06-22,アイムジャグラーEX-TP,164,3473,268,14,11,1/138.9,1/248.1,1/315.7,6.196798729850747
2023-06-22,アイムジャグラーEX-TP,165,1275,-1295,1,0,1/1275.0,1/1275.0,1/0.0,6.080991654733217
2023-06-22,アイムジャグラーEX-TP,166,6653,-652,24,17,1/162.3,1/277.2,1/391.4,6.247195487648727
2023-06-22,アイムジャグラーEX-TP,167,2516,-1290,4,8,1/209.7,1/629.0,1/314.5,6.091543011087481
2023-06-22,アイムジャグラーEX-TP,168,6563,547,27,15,1/156.3,1/243.1,1/437.5,5.880913851180281
2023-06-22,アイムジャグラーEX-TP,169,4520,505,18,14,1/141.2,1/251.1,1/322.9,5.950298159962444
2023-06-22,アイムジャグラーEX-TP,170,4179,-190,13,15,1/149.2,1/321.5,1/278.6,5.885035555810416
2023-06-22,アイムジャグラーEX-TP,171,1983,-105,6,8,1/141.6,1/330.5,1/247.9,6.011006780888527
2023-06-22,アイムジャグラーEX-TP,172,4730,-1216,15,9,1/197.1,1/315.3,1/525.6,6.18608583200631
2023-06-22,アイムジャグラーEX-TP,173,1906,-341,6,7,1/146.6,1/317.7,1/272.3,6.618837175876221
2023-06-22,アイムジャグラーEX-TP,174,4729,-1454,12,12,1/197.0,1/394.1,1/394.1,5.9630302715142065
2023-06-22,アイムジャグラーEX-TP,175,2334,-964,5,8,1/179.5,1/466.8,1/291.8,6.397042384736273
2023-06-22,アイムジャグラーEX-TP,176,813,115,4,1,1/162.6,1/203.2,1/813.0,6.076947611255045
2023-06-22,アイムジャグラーEX-TP,177,4350,-179,14,14,1/155.4,1/310.7,1/310.7,5.830911606060931
2023-06-22,アイムジャグラーEX-TP,178,2416,-792,8,3,1/219.6,1/302.0,1/805.3,6.398578074927932
2023-06-22,マイジャグラーV,117,4131,-1884,11,5,1/258.2,1/375.5,1/826.2,6.050952546871249
2023-06-22,マイジャグラーV,118,7700,3306,38,32,1/110.0,1/202.6,1/240.6,5.783179041684047
2023-06-22,マイジャグラーV,119,2783,406,14,5,1/146.5,1/198.8,1/556.6,6.145667009813544
2023-06-22,マイジャグラーV,120,5763,-1604,17,16,1/174.6,1/339.0,1/360.2,6.240225631096314
2023-06-22,ファンキージャグラー2,113,1843,-78,7,5,1/153.6,1/263.3,1/368.6,6.064010766498117
2023-06-22,ファンキージャグラー2,114,6136,-635,22,14,1/170.4,1/278.9,1/438.3,5.925565968323524
2023-06-22,ファンキージャグラー2,115,595,-390,1,0,1/595.0,1/595.0,1/0.0,5.437970860016233
2023-06-22,ファンキージャグラー2,116,1524,-393,5,2,1/217.7,1/304.8,1/762.0,5.878527405741053
2023-06-22,ハッピージャグラーVIII,109,5137,-1277,15,13,1/183.5,1/342.5,1/395.2,6.203449692243473
2023-06-22,ハッピージャグラーVIII,110,1298,216,7,1,1/162.2,1/185.4,1/1298.0,6.248535499492307
2023-06-22,ハッピージャグラーVIII,111,4759,-1540,12,13,1/190.4,1/396.6,1/366.1,6.197373418623508
2023-06-22,ハッピージャグラーVIII,112,1765,-575,4,5,1/196.1,1/441.2,1/353.0,5.969317622867222
2023-06-21,アイムジャグラーEX-TP,121,4099,191,17,11,1/146.4,1/241.1,1/372.6,6.263294028756695
2023-06-21,アイムジャグラーEX-TP,122,2434,326,12,6,1/135.2,1/202.8,1/405.7,6.729727029110853
2023-06-21,アイムジャグラーEX-TP,123,2916,-54,11,8,1/153.5,1/265.1,1/364.5,6.150550673608688
2023-06-21,アイムジャグラーEX-TP,124,2078,-1479,4,2,1/346.3,1/519.5,1/1039.0,6.445037200394941
2023-06-21,アイムジャグラーEX-TP,125,3665,-1030,8,12,1/183.2,1/458.1,1/305.4,5.767914844488202
2023-06-21,アイムジャグラーEX-TP,126,1267,-730,2,4,1/211.2,1/633.5,1/316.8,6.375318149509312
2023-06-21,アイムジャグラーEX-TP,127,3336,-109,15,5,1/166.8,1/222.4,1/667.2,6.540414191726359
2023-06-21,アイムジャグラーEX-TP,128,6146,1105,24,25,1/125.4,1/256.1,1/245.8,5.972205302107542
2023-06-21,アイムジャグラーEX-TP,129,2511,228,11,8,1/132.2,1/228.3,1/313.9,6.58436965044549
2023-06-21,アイムジャグラーEX-TP,130,2909,820,14,8,1/132.2,1/207.8,1/363.6,5.97425226657052
2023-06-21,アイムジャグラーEX-TP,131,4359,387,16,16,1/136.2,1/272.4,1/272.4,5.946847867762403
2023-06-21,アイムジャグラーEX-TP,132,3045,-932,10,3,1/234.2,1/304.5,1/1015.0,6.138363552594536
2023-06-21,アイムジャグラーEX-TP,145,4215,883,19,12,1/136.0,1/221.8,1/351.2,5.9966721670543395
2023-06-21,アイムジャグラーEX-TP,146,1338,-495,3,4,1/191.1,1/446.0,1/334.5,6.105608686063428
2023-06-21,アイムジャグラーEX-TP,147,2667,442,12,8,1/133.3,1/222.2,1/333.4,6.260509298886808
2023-06-21,アイムジャグラーEX-TP,148,5202,645,21,20,1/126.9,1/247.7,1/260.1,6.290138401545241
2023-06-21,アイムジャグラーEX-TP,149,810,-456,2,1,1/270.0,1/405.0,1/810.0,6.517874062602973
2023-06-21,アイムジャグラーEX-TP,150,1700,-219,6,5,1/154.5,1/283.3,1/340.0,6.490426144200088
2023-06-21,アイムジャグラーEX-TP,151,4028,238,15,16,1/129.9,1/268.5,1/251.8,6.282310599525984
2023-06-21,アイムジャグラーEX-TP,152,846,-423,2,2,1/211.5,1/423.0,1/423.0,6.61610274948338
2023-06-21,アイムジャグラーEX-TP,153,4273,737,18,16,1/125.7,1/237.4,1/267.1,6.222047564168123
2023-06-21,アイムジャグラーEX-TP,154,1223,260,6,2,1/152.9,1/203.8,1/611.5,5.914872649841667
2023-06-21,アイムジャグラーEX-TP,155,2842,-979,6,9,1/189.5,1/473.7,1/315.8,5.91815869548789
2023-06-21,アイムジャグラーEX-TP,156,1650,-758,4,3,1/235.7,1/412.5,1/550.0,6.217681012238469
2023-06-21,アイムジャグラーEX-TP,157,4297,-220,17,8,1/171.9,1/252.8,1/537.1,6.126601537056964
2023-06-21,アイムジャグラーEX-TP,158,1807,-447,6,5,1/164.3,1/301.2,1/361.4,6.7616989084702075
2023-06-21,アイムジャグラーEX-TP,159,5640,279,22,18,1/141.0,1/256.4,1/313.3,6.183596234847722
2023-06-21,アイムジャグラーEX-TP,160,1082,-105,5,0,1/216.4,1/216.4,1/0.0,6.298056514055988
2023-06-21,アイムジャグラーEX-TP,161,4610,561,20,14,1/135.6,1/230.5,1/329.3,6.295604725609277
2023-06-21,アイムジャグラーEX-TP,162,3436,-301,12,13,1/137.4,1/286.3,1/264.3,6.650766379849463
2023-06-21,アイムジャグラーEX-TP,163,3410,112,13,12,1/136.4,1/262.3,1/284.2,6.308504557894544
2023-06-21,アイムジャグラーEX-TP,164,1748,-1048,2,6,1/218.5,1/874.0,1/291.3,6.086606985419164
2023-06-21,アイムジャグラーEX-TP,165,3723,-447,9,17,1/143.2,1/413.7,1/219.0,5.856725706174348
2023-06-21,アイムジャグラーEX-TP,166,1234,-520,3,2,1/246.8,1/411.3,1/617.0,5.962444043501489
2023-06-21,アイムジャグラーEX-TP,167,4687,-905,13,16,1/161.6,1/360.5,1/292.9,6.091971772919627
2023-06-21,アイムジャグラーEX-TP,168,3947,-1925,9,8,1/232.2,1/438.6,1/493.4,6.276250792621145
2023-06-21,アイムジャグラーEX-TP,169,3857,885,17,15,1/120.5,1/226.9,1/257.1,6.2502908807915745
2023-06-21,アイムジャグラーEX-TP,170,4947,-94,18,15,1/149.9,1/274.8,1/329.8,6.124088896318728
2023-06-21,アイムジャグラーEX-TP,171,2937,-522,9,7,1/183.6,1/326.3,1/419.6,5.909938572859099
2023-06-21,アイムジャグラーEX-TP,172,2546,-224,9,8,1/149.8,1/282.9,1/318.2,6.385247780342661
2023-06-21,アイムジャグラーEX-TP,173,4658,735,20,14,1/137.0,1/232.9,1/332.7,6.055824719210858
2023-06-21,アイムジャグラーEX-TP,174,5832,1988,29,21,1/116.6,1/201.1,1/277.7,6.265357350221378
2023-06-21,アイムジャグラーEX-TP,175,973,-22,4,2,1/162.2,1/243.2,1/486.5,6.2645096150886985
2023-06-21,アイムジャグラーEX-TP,176,7177,3181,36,28,1/112.1,1/199.4,1/256.3,5.971656489750317
2023-06-21,アイムジャグラーEX-TP,177,1506,903,9,4,1/115.8,1/167.3,1/376.5,5.824792335130239
2023-06-21,アイムジャグラーEX-TP,178,4320,-244,17,7,1/180.0,1/254.1,1/617.1,6.0205467882891455
2023-06-21,マイジャグラーV,117,8556,1671,37,31,1/125.8,1/231.2,1/276.0,5.943103597683393
2023-06-21,マイジャグラーV,118,3222,464,13,11,1/134.2,1/247.8,1/292.9,5.7801917144459
2023-06-21,マイジャグラーV,119,4014,-436,13,13,1/154.4,1/308.8,1/308.8,5.976496667509404
2023-06-21,マイジャグラーV,120,9555,2751,37,53,1/106.2,1/258.2,1/180.3,5.866590711047947
2023-06-21,ファンキージャグラー2,113,4582,243,18,12,1/152.7,1/254.6,1/381.8,5.745451483615197
2023-06-21,ファンキージャグラー2,114,2701,13,12,7,1/142.2,1/225.1,1/385.9,6.537441267634307
2023-06-21,ファンキージャグラー2,115,2782,124,11,7,1/154.6,1/252.9,1/397.4,5.76529020708365
2023-06-21,ファンキージャグラー2,116,6199,2835,31,25,1/110.7,1/200.0,1/248.0,5.692109600013948
2023-06-21,ハッピージャグラーVIII,109,2896,-1368,5,6,1/263.3,1/579.2,1/482.7,5.731463140022456
2023-06-21,ハッピージャグラーVIII,110,6084,1047,30,13,1/141.5,1/202.8,1/468.0,6.3193604732415745
2023-06-21,ハッピージャグラーVIII,111,6602,3826,32,40,1/91.7,1/206.3,1/165.1,6.069032300751346
2023-06-21,ハッピージャグラーVIII,112,2591,792,14,5,1/136.4,1/185.1,1/518.2,6.125010796631703
2023-06-20,アイムジャグラーEX-TP,121,1489,-1151,2,3,1/297.8,1/744.5,1/496.3,6.525626934597484
2023-06-20,アイムジャグラーEX-TP,122,4639,-593,13,17,1/154.6,1/356.8,1/272.9,5.937562340244823
2023-06-20,アイムジャグラーEX-TP,123,2739,607,14,5,1/144.2,1/195.6,1/547.8,6.192772110214341
2023-06-20,アイムジャグラーEX-TP,124,3815,530,16,11,1/141.3,1/238.4,1/346.8,5.975185984516046
2023-06-20,アイムジャグラーEX-TP,125,691,-56,3,1,1/172.8,1/230.3,1/691.0,6.564781760433157
2023-06-20,アイムジャグラーEX-TP,126,6805,2862,32,30,1/109.8,1/212.7,1/226.8,5.936933106860346
2023-06-20,アイムジャグラーEX-TP,127,2339,-110,9,6,1/155.9,1/259.9,1/389.8,6.298236270349812
2023-06-20,アイムジャグラーEX-TP,128,1743,-332,8,0,1/217.9,1/217.9,1/0.0,6.752994447434584
2023-06-20,アイムジャグラーEX-TP,129,1219,-563,4,1,1/243.8,1/304.8,1/1219.0,6.873549414645939
2023-06-20,アイムジャグラーEX-TP,130,4808,-66,16,17,1/145.7,1/300.5,1/282.8,5.962567255755827
2023-06-20,アイムジャグラーEX-TP,131,2983,-55,10,12,1/135.6,1/298.3,1/248.6,6.22840494245125
2023-06-20,アイムジャグラーEX-TP,132,5831,-668,20,15,1/166.6,1/291.6,1/388.7,6.121074732233948
2023-06-20,アイムジャグラーEX-TP,145,1807,438,9,5,1/129.1,1/200.8,1/361.4,6.370599377154924
2023-06-20,アイムジャグラーEX-TP,146,3462,-971,8,13,1/164.9,1/432.8,1/266.3,6.108791219320197
2023-06-20,アイムジャグラーEX-TP,147,1144,303,7,0,1/163.4,1/163.4,1/0.0,6.370384040049669
2023-06-20,アイムジャグラーEX-TP,148,1642,-214,5,5,1/164.2,1/328.4,1/328.4,5.957365723987917
2023-06-20,アイムジャグラーEX-TP,149,759,-401,2,1,1/253.0,1/379.5,1/759.0,6.598243719649925
2023-06-20,アイムジャグラーEX-TP,150,3049,93,12,9,1/145.2,1/254.1,1/338.8,6.207251221707765
2023-06-20,アイムジャグラーEX-TP,151,534,-352,1,1,1/267.0,1/534.0,1/534.0,6.555939226688908
2023-06-20,アイムジャグラーEX-TP,152,5335,774,24,15,1/136.8,1/222.3,1/355.7,6.2729308102786465
2023-06-20,アイムジャグラーEX-TP,153,1263,-700,3,2,1/252.6,1/421.0,1/631.5,6.522841539830623
2023-06-20,アイムジャグラーEX-TP,154,3491,347,15,9,1/145.5,1/232.7,1/387.9,6.141578532405156
2023-06-20,アイムジャグラーEX-TP,155,1945,-445,7,2,1/216.1,1/277.9,1/972.5,6.166448780192415
2023-06-20,アイムジャグラーEX-TP,156,4194,1139,22,7,1/144.6,1/190.6,1/599.1,6.047013496965846
2023-06-20,アイムジャグラーEX-TP,157,3527,-366,12,10,1/160.3,1/293.9,1/352.7,6.155477769615074
2023-06-20,アイムジャグラーEX-TP,158,3529,-805,11,9,1/176.4,1/320.8,1/392.1,6.278743175313967
2023-06-20,アイムジャグラーEX-TP,159,4911,-312,18,15,1/148.8,1/272.8,1/327.4,6.384836026138903
2023-06-20,アイムジャグラーEX-TP,160,2170,-214,7,4,1/197.3,1/310.0,1/542.5,5.541537848256605
2023-06-20,アイムジャグラーEX-TP,161,3425,-136,14,6,1/171.2,1/244.6,1/570.8,6.1788306946268525
2023-06-20,アイムジャグラーEX-TP,162,4885,-1563,11,16,1/180.9,1/444.1,1/305.3,6.01222148630115
2023-06-20,アイムジャグラーEX-TP,163,3591,-1315,11,4,1/239.4,1/326.5,1/897.8,6.218926043253419
2023-06-20,アイムジャグラーEX-TP,164,1490,-348,3,3,1/248.3,1/496.7,1/496.7,5.009041487974434
2023-06-20,アイムジャグラーEX-TP,165,5205,-564,15,21,1/144.6,1/347.0,1/247.9,6.099395896143635
2023-06-20,アイムジャグラーEX-TP,166,6163,991,26,20,1/134.0,1/237.0,1/308.1,6.060325838438656
2023-06-20,アイムジャグラーEX-TP,167,980,-351,2,2,1/245.0,1/490.0,1/490.0,5.468164125272292
2023-06-20,アイムジャグラーEX-TP,168,7350,528,25,28,1/138.7,1/294.0,1/262.5,5.7857489917741995
2023-06-20,アイムジャグラーEX-TP,169,4096,-1972,7,12,1/215.6,1/585.1,1/341.3,5.9771093347986595
2023-06-20,アイムジャグラーEX-TP,170,3987,224,14,11,1/159.5,1/284.8,1/362.5,5.557605951742946
2023-06-20,アイムジャグラーEX-TP,171,2561,-19,9,6,1/170.7,1/284.6,1/426.8,5.654548923428862
2023-06-20,アイムジャグラーEX-TP,172,5909,-1061,20,14,1/173.8,1/295.4,1/422.1,6.285883603222091
2023-06-20,アイムジャグラーEX-TP,173,1370,203,6,2,1/171.2,1/228.3,1/685.0,5.566847270903917
2023-06-20,アイムジャグラーEX-TP,174,5380,-1476,15,16,1/173.5,1/358.7,1/336.2,6.298280107110565
2023-06-20,アイムジャグラーEX-TP,175,0,0,0,0,1/0.0,1/0.0,1/0.0,0.0
2023-06-20,アイムジャグラーEX-TP,176,1838,-121,7,3,1/183.8,1/262.6,1/612.7,5.925323769942438
2023-06-20,アイムジャグラーEX-TP,177,4281,931,20,12,1/133.8,1/214.1,1/356.8,6.130232076467264
2023-06-20,アイムジャグラーEX-TP,178,5806,-929,21,14,1/165.9,1/276.5,1/414.7,6.504706349983742
2023-06-20,マイジャグラーV,117,994,-383,4,0,1/248.5,1/248.5,1/0.0,6.765662581194545
2023-06-20,マイジャグラーV,118,2373,-615,6,7,1/182.5,1/395.5,1/339.0,5.77425353241648
2023-06-20,マイジャグラーV,119,5713,330,23,14,1/154.4,1/248.4,1/408.1,5.74844788291113
2023-06-20,マイジャグラーV,120,2723,-1161,8,3,1/247.5,1/340.4,1/907.7,6.171309028500743
2023-06-20,ファンキージャグラー2,113,2995,36,11,9,1/149.8,1/272.3,1/332.8,5.814889685159884
2023-06-20,ファンキージャグラー2,114,3576,1333,20,9,1/123.3,1/178.8,1/397.3,6.0438825421455595
2023-06-20,ファンキージャグラー2,115,871,-630,1,2,1/290.3,1/871.0,1/435.5,6.097583919880128
2023-06-20,ファンキージャグラー2,116,4666,-547,14,17,1/150.5,1/333.3,1/274.5,5.940955673257751
2023-06-20,ハッピージャグラーVIII,109,3641,417,14,11,1/145.6,1/260.1,1/331.0,5.780199653033237
2023-06-20,ハッピージャグラーVIII,110,1643,-292,6,2,1/205.4,1/273.8,1/821.5,6.103459111304962
2023-06-20,ハッピージャグラーVIII,111,818,-765,1,1,1/409.0,1/818.0,1/818.0,7.048037588959396
2023-06-20,ハッピージャグラーVIII,112,2510,321,9,10,1/132.1,1/278.9,1/251.0,5.8503845724659564
2023-06-19,アイムジャグラーEX-TP,121,6566,172,26,21,1/139.7,1/252.5,1/312.7,6.3746032389566825
2023-06-19,アイムジャグラーEX-TP,122,1126,-511,3,1,1/281.5,1/375.3,1/1126.0,6.0582895694546846
2023-06-19,アイムジャグラーEX-TP,123,1551,-657,4,3,1/221.6,1/387.8,1/517.0,6.286751504169137
2023-06-19,アイムジャグラーEX-TP,124,7570,508,25,37,1/122.1,1/302.8,1/204.6,6.153294414491277
2023-06-19,アイムジャグラーEX-TP,125,2474,385,12,5,1/145.5,1/206.2,1/494.8,6.2855417980780635
2023-06-19,アイムジャグラーEX-TP,126,2875,85,13,5,1/159.7,1/221.2,1/575.0,6.368686001628168
2023-06-19,アイムジャグラーEX-TP,127,1408,-121,6,1,1/201.1,1/234.7,1/1408.0,6.134660058138976
2023-06-19,アイムジャグラーEX-TP,128,3823,-646,10,15,1/152.9,1/382.3,1/254.9,6.022230078583407
2023-06-19,アイムジャグラーEX-TP,129,3157,505,15,6,1/150.3,1/210.5,1/526.2,6.090690556012909
2023-06-19,アイムジャグラーEX-TP,130,6694,1544,29,27,1/119.5,1/230.8,1/247.9,6.219329803385188
2023-06-19,アイムジャグラーEX-TP,131,4455,-544,15,11,1/171.3,1/297.0,1/405.0,6.037438624456003
2023-06-19,アイムジャグラーEX-TP,132,3146,-772,9,10,1/165.6,1/349.6,1/314.6,6.342190957644424
2023-06-19,アイムジャグラーEX-TP,145,2099,575,11,4,1/139.9,1/190.8,1/524.8,6.134750391503168
2023-06-19,アイムジャグラーEX-TP,146,644,-571,1,0,1/644.0,1/644.0,1/0.0,6.392154087440101
2023-06-19,アイムジャグラーEX-TP,147,3704,250,14,12,1/142.5,1/264.6,1/308.7,5.980949513196891
2023-06-19,アイムジャグラーEX-TP,148,1180,-804,1,4,1/236.0,1/1180.0,1/295.0,6.1014721352748085
2023-06-19,アイムジャグラーEX-TP,149,4856,634,19,16,1/138.7,1/255.6,1/303.5,5.873804006231892
2023-06-19,アイムジャグラーEX-TP,150,4024,896,17,17,1/118.4,1/236.7,1/236.7,6.215320127755101
2023-06-19,アイムジャグラーEX-TP,151,2820,-334,10,7,1/165.9,1/282.0,1/402.9,6.237881615403409
2023-06-19,アイムジャグラーEX-TP,152,1510,551,6,8,1/107.9,1/251.7,1/188.8,5.754399924697389
2023-06-19,アイムジャグラーEX-TP,153,3847,298,15,12,1/142.5,1/256.5,1/320.6,6.019523503782653
2023-06-19,アイムジャグラーEX-TP,154,682,-487,1,1,1/341.0,1/682.0,1/682.0,6.124733704301807
2023-06-19,アイムジャグラーEX-TP,155,953,-560,2,2,1/238.2,1/476.5,1/476.5,6.592367297652371
2023-06-19,アイムジャグラーEX-TP,156,4926,-2110,12,11,1/214.2,1/410.5,1/447.8,6.273406757493184
2023-06-19,アイムジャグラーEX-TP,157,2915,-404,11,4,1/194.3,1/265.0,1/728.8,6.102630757238081
2023-06-19,アイムジャグラーEX-TP,158,3381,342,14,11,1/135.2,1/241.5,1/307.4,6.253872948048518
2023-06-19,アイムジャグラーEX-TP,159,4236,554,19,8,1/156.9,1/222.9,1/529.5,5.915980590053144
2023-06-19,アイムジャグラーEX-TP,160,1062,-482,3,1,1/265.5,1/354.0,1/1062.0,6.274390066659782
2023-06-19,アイムジャグラーEX-TP,161,3267,-1475,6,11,1/192.2,1/544.5,1/297.0,6.17905727785613
2023-06-19,アイムジャグラーEX-TP,162,4904,-236,16,18,1/144.2,1/306.5,1/272.4,6.102936072267324
2023-06-19,アイムジャグラーEX-TP,163,2555,-502,8,7,1/170.3,1/319.4,1/365.0,6.229603686267406
2023-06-19,アイムジャグラーEX-TP,164,5914,2216,31,17,1/123.2,1/190.8,1/347.9,6.096526592112971
2023-06-19,アイムジャグラーEX-TP,165,3080,423,14,9,1/133.9,1/220.0,1/342.2,6.424235888764356
2023-06-19,アイムジャグラーEX-TP,166,997,-505,2,2,1/249.2,1/498.5,1/498.5,6.029930226993911
2023-06-19,アイムジャグラーEX-TP,167,3828,-107,13,13,1/147.2,1/294.5,1/294.5,6.043921499627655
2023-06-19,アイムジャグラーEX-TP,168,4427,-714,14,11,1/177.1,1/316.2,1/402.5,5.988883998184909
2023-06-19,アイムジャグラーEX-TP,169,2885,-280,12,5,1/169.7,1/240.4,1/577.0,6.551321771745364
2023-06-19,アイムジャグラーEX-TP,170,2928,-84,9,12,1/139.4,1/325.3,1/244.0,5.983644663713958
2023-06-19,アイムジャグラーEX-TP,171,3028,191,14,4,1/168.2,1/216.3,1/757.0,6.135371832913158
2023-06-19,アイムジャグラーEX-TP,172,4214,270,14,17,1/135.9,1/301.0,1/247.9,5.824876538258456
2023-06-19,アイムジャグラーEX-TP,173,2537,729,13,6,1/133.5,1/195.2,1/422.8,6.139887845522068
2023-06-19,アイムジャグラーEX-TP,174,6149,-896,16,21,1/166.2,1/384.3,1/292.8,5.69985850279706
2023-06-19,アイムジャグラーEX-TP,175,0,0,0,0,1/0.0,1/0.0,1/0.0,0.0
2023-06-19,アイムジャグラーEX-TP,176,4363,-330,15,11,1/167.8,1/290.9,1/396.6,5.931454356989699
2023-06-19,アイムジャグラーEX-TP,177,943,-609,2,0,1/471.5,1/471.5,1/0.0,5.927528763600472
2023-06-19,アイムジャグラーEX-TP,178,3865,-1609,10,9,1/203.4,1/386.5,1/429.4,6.450796155926341
2023-06-19,マイジャグラーV,117,6080,-701,20,15,1/173.7,1/304.0,1/405.3,5.742029593079456
2023-06-19,マイジャグラーV,118,5807,-1562,16,16,1/181.5,1/362.9,1/362.9,5.970603714106473
2023-06-19,マイジャグラーV,119,3751,259,16,8,1/156.3,1/234.4,1/468.9,5.814356746201873
2023-06-19,マイジャグラーV,120,3902,-652,14,8,1/177.4,1/278.7,1/487.8,6.108055533198008
2023-06-19,ファンキージャグラー2,113,4166,-93,15,13,1/148.8,1/277.7,1/320.5,5.935990544021208
2023-06-19,ファンキージャグラー2,114,2984,609,12,12,1/124.3,1/248.7,1/248.7,5.765291208066152
2023-06-19,ファンキージャグラー2,115,586,-821,0,0,1/0.0,1/0.0,1/0.0,7.094235600653854
2023-06-19,ファンキージャグラー2,116,1086,-916,0,4,1/271.5,1/0.0,1/271.5,5.995163294364311
2023-06-19,ハッピージャグラーVIII,109,1633,-223,7,3,1/163.3,1/233.3,1/544.3,7.014868847887798
2023-06-19,ハッピージャグラーVIII,110,4856,-1041,17,10,1/179.9,1/285.6,1/485.6,6.505636968308866
2023-06-19,ハッピージャグラーVIII,111,3414,-483,11,11,1/155.2,1/310.4,1/310.4,6.358512549471589
2023-06-19,ハッピージャグラーVIII,112,2473,-822,5,9,1/176.6,1/494.6,1/274.8,6.083674696959415
2023-06-18,アイムジャグラーEX-TP,121,5167,1235,22,16,1/136.0,1/234.9,1/322.9,5.703618186839315
2023-06-18,アイムジャグラーEX-TP,122,2001,-454,7,3,1/200.1,1/285.9,1/667.0,6.25149296961662
2023-06-18,アイムジャグラーEX-TP,123,6186,1214,26,22,1/128.9,1/237.9,1/281.2,6.01590954250457
2023-06-18,アイムジャグラーEX-TP,124,4449,239,20,10,1/148.3,1/222.4,1/444.9,6.459533195133104
2023-06-18,アイムジャグラーEX-TP,125,6549,-808,19,26,1/145.5,1/344.7,1/251.9,6.163969436688395
2023-06-18,アイムジャグラーEX-TP,126,3045,-1423,9,2,1/276.8,1/338.3,1/1522.5,6.370318874731811
2023-06-18,アイムジャグラーEX-TP,127,7097,2044,32,24,1/126.7,1/221.8,1/295.7,5.876528091890915
2023-06-18,アイムジャグラーEX-TP,128,3279,-341,11,8,1/172.6,1/298.1,1/409.9,5.929996633881447
2023-06-18,アイムジャグラーEX-TP,129,7561,-745,20,32,1/145.4,1/378.1,1/236.3,5.873403993156556
2023-06-18,アイムジャグラーEX-TP,130,2804,-906,8,7,1/186.9,1/350.5,1/400.6,6.396971649894654
2023-06-18,アイムジャグラーEX-TP,131,6250,136,21,21,1/148.8,1/297.6,1/297.6,5.772672169947469
2023-06-18,アイムジャグラーEX-TP,132,5810,85,22,15,1/157.0,1/264.1,1/387.3,5.94503462471048
2023-06-18,アイムジャグラーEX-TP,145,5295,738,24,12,1/147.1,1/220.6,1/441.2,6.092812345522179
2023-06-18,アイムジャグラーEX-TP,146,2004,-820,5,5,1/200.4,1/400.8,1/400.8,6.37644589251565
2023-06-18,アイムジャグラーEX-TP,147,5280,1092,25,15,1/132.0,1/211.2,1/352.0,6.2749482673299095
2023-06-18,アイムジャグラーEX-TP,148,3328,-817,9,9,1/184.9,1/369.8,1/369.8,5.944517149271077
2023-06-18,アイムジャグラーEX-TP,149,6761,1871,27,34,1/110.8,1/250.4,1/198.9,6.048270638757407
2023-06-18,アイムジャグラーEX-TP,150,2938,257,11,10,1/139.9,1/267.1,1/293.8,5.9219630795635085
2023-06-18,アイムジャグラーEX-TP,151,6345,46,23,21,1/144.2,1/275.9,1/302.1,6.108898407238327
2023-06-18,アイムジャグラーEX-TP,152,4673,1211,24,9,1/141.6,1/194.7,1/519.2,6.08999850089337
2023-06-18,アイムジャグラーEX-TP,153,1231,-814,2,2,1/307.8,1/615.5,1/615.5,6.134442257107978
2023-06-18,アイムジャグラーEX-TP,154,8186,1795,31,40,1/115.3,1/264.1,1/204.7,6.011891486107775
2023-06-18,アイムジャグラーEX-TP,155,3833,-1070,11,11,1/174.2,1/348.5,1/348.5,6.375647707090534
2023-06-18,アイムジャグラーEX-TP,156,5095,-1950,12,16,1/182.0,1/424.6,1/318.4,6.375932487947673
2023-06-18,アイムジャグラーEX-TP,157,9116,393,34,31,1/140.2,1/268.1,1/294.1,6.1048483324565925
2023-06-18,アイムジャグラーEX-TP,158,5643,-134,21,14,1/161.2,1/268.7,1/403.1,6.000351089123269
2023-06-18,アイムジャグラーEX-TP,159,3838,-1957,7,10,1/225.8,1/548.3,1/383.8,6.097577734861718
2023-06-18,アイムジャグラーEX-TP,160,6662,853,28,21,1/136.0,1/237.9,1/317.2,6.15326508713959
2023-06-18,アイムジャグラーEX-TP,161,3497,-1985,7,8,1/233.1,1/499.6,1/437.1,6.452349399683339
2023-06-18,アイムジャグラーEX-TP,162,4723,-746,15,12,1/174.9,1/314.9,1/393.6,6.01320406926493
2023-06-18,アイムジャグラーEX-TP,163,2327,-1546,4,4,1/290.9,1/581.8,1/581.8,6.307513709829649
2023-06-18,アイムジャグラーEX-TP,164,5240,-1186,14,15,1/180.7,1/374.3,1/349.3,5.89082844665318
2023-06-18,アイムジャグラーEX-TP,165,2154,-720,5,6,1/195.8,1/430.8,1/359.0,5.945654236026077
2023-06-18,アイムジャグラーEX-TP,166,7744,2204,35,30,1/119.1,1/221.3,1/258.1,6.114452491481869
2023-06-18,アイムジャグラーEX-TP,167,5397,-517,18,20,1/142.0,1/299.8,1/269.9,6.443368355633055
2023-06-18,アイムジャグラーEX-TP,168,6828,1751,34,19,1/128.8,1/200.8,1/359.4,6.306078253166821
2023-06-18,アイムジャグラーEX-TP,169,8257,733,37,20,1/144.9,1/223.2,1/412.9,6.34660261104781
2023-06-18,アイムジャグラーEX-TP,170,5744,410,24,12,1/159.6,1/239.3,1/478.7,5.9219012569152945
2023-06-18,アイムジャグラーEX-TP,171,7658,-649,23,30,1/144.5,1/333.0,1/255.3,6.0798136950733035
2023-06-18,アイムジャグラーEX-TP,172,4473,39,18,11,1/154.2,1/248.5,1/406.6,6.1932264213257335
2023-06-18,アイムジャグラーEX-TP,173,5722,1094,28,11,1/146.7,1/204.4,1/520.2,6.121179695745277
2023-06-18,アイムジャグラーEX-TP,174,4222,-1348,10,12,1/191.9,1/422.2,1/351.8,5.95584565686954
2023-06-18,アイムジャグラーEX-TP,175,0,0,0,0,1/0.0,1/0.0,1/0.0,0.0
2023-06-18,アイムジャグラーEX-TP,176,5566,-498,19,19,1/146.5,1/292.9,1/292.9,6.369214362328928
2023-06-18,アイムジャグラーEX-TP,177,5744,15,20,21,1/140.1,1/287.2,1/273.5,6.116803840926851
2023-06-18,アイムジャグラーEX-TP,178,3742,-606,11,10,1/178.2,1/340.2,1/374.2,5.825571340729712
2023-06-18,マイジャグラーV,117,6106,115,20,24,1/138.8,1/305.3,1/254.4,5.749924308004885
2023-06-18,マイジャグラーV,118,7686,1260,33,22,1/139.7,1/232.9,1/349.4,5.736407603733665
2023-06-18,マイジャグラーV,119,6265,-422,20,20,1/156.6,1/313.2,1/313.2,5.733392370192013
2023-06-18,マイジャグラーV,120,8645,968,31,33,1/135.1,1/278.9,1/262.0,5.629889997720976
2023-06-18,ファンキージャグラー2,113,4766,-913,16,10,1/183.3,1/297.9,1/476.6,5.996586311760018
2023-06-18,ファンキージャグラー2,114,8339,1564,39,25,1/130.3,1/213.8,1/333.6,6.098641652630963
2023-06-18,ファンキージャグラー2,115,5487,786,26,13,1/140.7,1/211.0,1/422.1,6.094781601507166
2023-06-18,ファンキージャグラー2,116,6574,168,25,19,1/149.4,1/263.0,1/346.0,5.843118100780411
2023-06-18,ハッピージャグラーVIII,109,7389,222,26,25,1/144.9,1/284.2,1/295.6,5.956327099695235
2023-06-18,ハッピージャグラーVIII,110,5425,-353,18,16,1/159.6,1/301.4,1/339.1,5.980574844861613
2023-06-18,ハッピージャグラーVIII,111,6082,421,26,12,1/160.1,1/233.9,1/506.8,5.987999928029794
2023-06-18,ハッピージャグラーVIII,112,2386,-1040,5,6,1/216.9,1/477.2,1/397.7,6.146918435274347
2023-06-17,アイムジャグラーEX-TP,121,5107,480,23,13,1/141.9,1/222.0,1/392.8,6.408653386193409
2023-06-17,アイムジャグラーEX-TP,122,5358,1074,25,16,1/130.7,1/214.3,1/334.9,6.289204306140012
2023-06-17,アイムジャグラーEX-TP,123,2559,-1279,5,5,1/255.9,1/511.8,1/511.8,5.919379029150592
2023-06-17,アイムジャグラーEX-TP,124,2168,-685,8,0,1/271.0,1/271.0,1/0.0,6.224524096660198
2023-06-17,アイムジャグラーEX-TP,125,6513,681,28,14,1/155.1,1/232.6,1/465.2,5.934769367098808
2023-06-17,アイムジャグラーEX-TP,126,2314,-830,6,7,1/178.0,1/385.7,1/330.6,6.503922267054815
2023-06-17,アイムジャグラーEX-TP,127,3747,-1345,9,9,1/208.2,1/416.3,1/416.3,5.983096148626559
2023-06-17,アイムジャグラーEX-TP,128,2828,360,12,9,1/134.7,1/235.7,1/314.2,6.219076833461589
2023-06-17,アイムジャグラーEX-TP,129,4685,-28,20,8,1/167.3,1/234.2,1/585.6,6.215404013200801
2023-06-17,アイムジャグラーEX-TP,130,7982,1957,40,19,1/135.3,1/199.6,1/420.1,6.212700398796678
2023-06-17,アイムジャグラーEX-TP,131,1616,-371,5,4,1/179.6,1/323.2,1/404.0,6.222818729713986
2023-06-17,アイムジャグラーEX-TP,132,4979,-1761,14,9,1/216.5,1/355.6,1/553.2,6.17286698032038
2023-06-17,アイムジャグラーEX-TP,145,6254,-470,18,27,1/139.0,1/347.4,1/231.6,6.0660559349136065
2023-06-17,アイムジャグラーEX-TP,146,1349,160,6,4,1/134.9,1/224.8,1/337.2,6.415394359379834
2023-06-17,アイムジャグラーEX-TP,147,4252,-552,14,13,1/157.5,1/303.7,1/327.1,6.2498775416456525
2023-06-17,アイムジャグラーEX-TP,148,1189,415,8,1,1/132.1,1/148.6,1/1189.0,7.2283893197112965
2023-06-17,アイムジャグラーEX-TP,149,3388,-685,10,9,1/178.3,1/338.8,1/376.4,6.0081599253002
2023-06-17,アイムジャグラーEX-TP,150,1311,-396,5,1,1/218.5,1/262.2,1/1311.0,6.692499408089011
2023-06-17,アイムジャグラーEX-TP,151,2549,-157,8,7,1/169.9,1/318.6,1/364.1,5.64728660728368
2023-06-17,アイムジャグラーEX-TP,152,4049,-121,13,18,1/130.6,1/311.5,1/224.9,6.3075687350906975
2023-06-17,アイムジャグラーEX-TP,153,4343,-140,15,15,1/144.8,1/289.5,1/289.5,6.157015491720125
2023-06-17,アイムジャグラーEX-TP,154,5315,-220,19,15,1/156.3,1/279.7,1/354.3,6.06084725741245
2023-06-17,アイムジャグラーEX-TP,155,5682,490,16,33,1/116.0,1/355.1,1/172.2,5.909006110475972
2023-06-17,アイムジャグラーEX-TP,156,2753,-1081,7,5,1/229.4,1/393.3,1/550.6,6.04313671326943
2023-06-17,アイムジャグラーEX-TP,157,5953,-1364,19,12,1/192.0,1/313.3,1/496.1,6.128947558807654
2023-06-17,アイムジャグラーEX-TP,158,4205,-486,15,8,1/182.8,1/280.3,1/525.6,5.991270697222195
2023-06-17,アイムジャグラーEX-TP,159,3470,-195,12,11,1/150.9,1/289.2,1/315.5,6.147685657670818
2023-06-17,アイムジャグラーEX-TP,160,4770,-340,16,16,1/149.1,1/298.1,1/298.1,6.178670039331055
2023-06-17,アイムジャグラーEX-TP,161,3206,-1102,8,7,1/213.7,1/400.8,1/458.0,5.927372237072186
2023-06-17,アイムジャグラーEX-TP,162,4980,-709,18,13,1/160.6,1/276.7,1/383.1,6.508438850962565
2023-06-17,アイムジャグラーEX-TP,163,2721,-597,11,3,1/194.4,1/247.4,1/907.0,6.7329429760558135
2023-06-17,アイムジャグラーEX-TP,164,3404,-1431,6,11,1/200.2,1/567.3,1/309.5,5.894179291895394
2023-06-17,アイムジャグラーEX-TP,165,4835,978,21,13,1/142.2,1/230.2,1/371.9,5.7835557779396884
2023-06-17,アイムジャグラーEX-TP,166,3884,346,15,15,1/129.5,1/258.9,1/258.9,6.2538053777766995
2023-06-17,アイムジャグラーEX-TP,167,4374,-476,13,14,1/162.0,1/336.5,1/312.4,5.848452007414297
2023-06-17,アイムジャグラーEX-TP,168,6773,2195,37,10,1/144.1,1/183.1,1/677.3,5.9736104359477045
2023-06-17,アイムジャグラーEX-TP,169,6408,-1243,19,15,1/188.5,1/337.3,1/427.2,5.8547451969755375
2023-06-17,アイムジャグラーEX-TP,170,5203,568,23,9,1/162.6,1/226.2,1/578.1,5.873414296669306
2023-06-17,アイムジャグラーEX-TP,171,5129,56,18,17,1/146.5,1/284.9,1/301.7,5.962217443174483
2023-06-17,アイムジャグラーEX-TP,172,2438,-312,8,8,1/152.4,1/304.8,1/304.8,6.332376740988026
2023-06-17,アイムジャグラーEX-TP,173,7616,2690,36,28,1/119.0,1/211.6,1/272.0,5.953671554826967
2023-06-17,アイムジャグラーEX-TP,174,4458,-1175,15,6,1/212.3,1/297.2,1/743.0,6.19596882040609
2023-06-17,アイムジャグラーEX-TP,175,0,0,0,0,1/0.0,1/0.0,1/0.0,0.0
2023-06-17,アイムジャグラーEX-TP,176,5596,260,20,21,1/136.5,1/279.8,1/266.5,6.063471916931215
2023-06-17,アイムジャグラーEX-TP,177,6696,889,29,17,1/145.6,1/230.9,1/393.9,6.010009466123931
2023-06-17,アイムジャグラーEX-TP,178,5745,1902,33,10,1/133.6,1/174.1,1/574.5,6.398041364089146
2023-06-17,マイジャグラーV,117,7202,267,24,29,1/135.9,1/300.1,1/248.3,5.768737624450307
2023-06-17,マイジャグラーV,118,7532,3095,38,27,1/115.9,1/198.2,1/279.0,5.743205461776194
2023-06-17,マイジャグラーV,119,7642,2259,37,21,1/131.8,1/206.5,1/363.9,5.689816620363476
2023-06-17,マイジャグラーV,120,5775,319,22,19,1/140.9,1/262.5,1/303.9,5.878191093567156
2023-06-17,ファンキージャグラー2,113,4292,-1216,12,8,1/214.6,1/357.7,1/536.5,5.718682270106341
2023-06-17,ファンキージャグラー2,114,2481,-876,7,6,1/190.8,1/354.4,1/413.5,6.298043884305238
2023-06-17,ファンキージャグラー2,115,2597,-1367,5,5,1/259.7,1/519.4,1/519.4,5.889666999373131
2023-06-17,ファンキージャグラー2,116,3856,-927,13,5,1/214.2,1/296.6,1/771.2,5.890207209729718
2023-06-17,ハッピージャグラーVIII,109,6788,-1401,23,14,1/183.5,1/295.1,1/484.9,6.327385035221714
2023-06-17,ハッピージャグラーVIII,110,4677,524,20,15,1/133.6,1/233.8,1/311.8,6.347221193313208
2023-06-17,ハッピージャグラーVIII,111,4685,152,19,15,1/137.8,1/246.6,1/312.3,6.481731521595986
2023-06-17,ハッピージャグラーVIII,112,4545,479,20,12,1/142.0,1/227.2,1/378.8,6.258645765727493
2023-06-16,アイムジャグラーEX-TP,121,4824,-700,17,11,1/172.3,1/283.8,1/438.5,6.247070390756325
2023-06-16,アイムジャグラーEX-TP,122,6702,1791,29,26,1/121.9,1/231.1,1/257.8,5.975225388898508
2023-06-16,アイムジャグラーEX-TP,123,914,-940,0,1,1/914.0,1/0.0,1/914.0,5.732049513117581
2023-06-16,アイムジャグラーEX-TP,124,2485,-498,8,8,1/155.3,1/310.6,1/310.6,6.598348315257134
2023-06-16,アイムジャグラーEX-TP,125,2058,179,8,6,1/147.0,1/257.2,1/343.0,5.878357083171783
2023-06-16,アイムジャグラーEX-TP,126,7235,888,27,30,1/126.9,1/268.0,1/241.2,6.067629623669005
2023-06-16,アイムジャグラーEX-TP,127,2175,-174,7,8,1/145.0,1/310.7,1/271.9,6.204655203031295
2023-06-16,アイムジャグラーEX-TP,128,3706,1697,22,5,1/137.3,1/168.5,1/741.2,5.8555808670649
2023-06-16,アイムジャグラーEX-TP,129,6770,804,24,28,1/130.2,1/282.1,1/241.8,5.871813370353222
2023-06-16,アイムジャグラーEX-TP,130,2759,912,14,9,1/120.0,1/197.1,1/306.6,6.2831549435801595
2023-06-16,アイムジャグラーEX-TP,131,838,-826,1,1,1/419.0,1/838.0,1/838.0,7.084942029448671
2023-06-16,アイムジャグラーEX-TP,132,5011,-302,19,10,1/172.8,1/263.7,1/501.1,6.036293482589473
2023-06-16,アイムジャグラーEX-TP,145,2980,48,12,9,1/141.9,1/248.3,1/331.1,6.425627299169768
2023-06-16,アイムジャグラーEX-TP,146,703,-191,2,2,1/175.8,1/351.5,1/351.5,6.29498947492087
2023-06-16,アイムジャグラーEX-TP,147,4495,932,18,20,1/118.3,1/249.7,1/224.8,6.126797029096357
2023-06-16,アイムジャグラーEX-TP,148,476,-224,1,2,1/158.7,1/476.0,1/238.0,7.0816166735771935
2023-06-16,アイムジャグラーEX-TP,149,4725,1558,24,13,1/127.7,1/196.9,1/363.5,6.061517669324006
2023-06-16,アイムジャグラーEX-TP,150,658,-78,1,4,1/131.6,1/658.0,1/164.5,5.521381634290365
2023-06-16,アイムジャグラーEX-TP,151,3929,-1471,10,5,1/261.9,1/392.9,1/785.8,5.742033119035708
2023-06-16,アイムジャグラーEX-TP,152,1321,-273,5,2,1/188.7,1/264.2,1/660.5,6.522809662982078
2023-06-16,アイムジャグラーEX-TP,153,1914,1189,11,7,1/106.3,1/174.0,1/273.4,5.894434920480255
2023-06-16,アイムジャグラーEX-TP,154,4762,-71,14,20,1/140.1,1/340.1,1/238.1,5.819417345075244
2023-06-16,アイムジャグラーEX-TP,155,4941,176,18,16,1/145.3,1/274.5,1/308.8,5.969257490330853
2023-06-16,アイムジャグラーEX-TP,156,3066,441,10,18,1/109.5,1/306.6,1/170.3,6.184835316353722
2023-06-16,アイムジャグラーEX-TP,157,2559,-726,7,7,1/182.8,1/365.6,1/365.6,6.169106416868723
2023-06-16,アイムジャグラーEX-TP,158,5042,-1585,13,12,1/201.7,1/387.8,1/420.2,5.972571917045027
2023-06-16,アイムジャグラーEX-TP,159,2801,162,13,4,1/164.8,1/215.5,1/700.2,6.230373129061324
2023-06-16,アイムジャグラーEX-TP,160,1522,-973,4,0,1/380.5,1/380.5,1/0.0,6.510871187076408
2023-06-16,アイムジャグラーEX-TP,161,3943,-153,13,14,1/146.0,1/303.3,1/281.6,6.047064009330422
2023-06-16,アイムジャグラーEX-TP,162,3900,1548,20,14,1/114.7,1/195.0,1/278.6,6.178281439729676
2023-06-16,アイムジャグラーEX-TP,163,5201,920,21,19,1/130.0,1/247.7,1/273.7,5.9577945754263215
2023-06-16,アイムジャグラーEX-TP,164,2871,1729,16,11,1/106.3,1/179.4,1/261.0,5.859098895895567
2023-06-16,アイムジャグラーEX-TP,165,6506,498,23,26,1/132.8,1/282.9,1/250.2,5.988035029802439
2023-06-16,アイムジャグラーEX-TP,166,7042,1262,27,27,1/130.4,1/260.8,1/260.8,5.801298459439737
2023-06-16,アイムジャグラーEX-TP,167,4837,-679,14,14,1/172.8,1/345.5,1/345.5,5.775967361688568
2023-06-16,アイムジャグラーEX-TP,168,4128,-1303,13,4,1/242.8,1/317.5,1/1032.0,6.0189678849424135
2023-06-16,アイムジャグラーEX-TP,169,2513,-1287,6,1,1/359.0,1/418.8,1/2513.0,5.8038322706792815
2023-06-16,アイムジャグラーEX-TP,170,6494,2,24,24,1/135.3,1/270.6,1/270.6,6.409941564706416
2023-06-16,アイムジャグラーEX-TP,171,4191,395,18,9,1/155.2,1/232.8,1/465.7,5.974937851593407
2023-06-16,アイムジャグラーEX-TP,172,2236,394,9,8,1/131.5,1/248.4,1/279.5,5.9152001039974715
2023-06-16,アイムジャグラーEX-TP,173,4232,-1249,12,10,1/192.4,1/352.7,1/423.2,6.174327467362362
2023-06-16,アイムジャグラーEX-TP,174,2407,-623,5,11,1/150.4,1/481.4,1/218.8,6.096243964034643
2023-06-16,アイムジャグラーEX-TP,175,0,0,0,0,1/0.0,1/0.0,1/0.0,0.0
2023-06-16,アイムジャグラーEX-TP,176,1412,-37,5,4,1/156.9,1/282.4,1/353.0,5.958629807167851
2023-06-16,アイムジャグラーEX-TP,177,4044,-1124,10,13,1/175.8,1/404.4,1/311.1,6.047355911015998
2023-06-16,アイムジャグラーEX-TP,178,5952,-135,24,18,1/141.7,1/248.0,1/330.7,6.641874353011471
2023-06-16,マイジャグラーV,117,5555,146,20,16,1/154.3,1/277.8,1/347.2,5.629524953157545
2023-06-16,マイジャグラーV,118,3901,-560,13,10,1/169.6,1/300.1,1/390.1,5.945686138076867
2023-06-16,マイジャグラーV,119,5525,-495,17,16,1/167.4,1/325.0,1/345.3,5.598530930284261
2023-06-16,マイジャグラーV,120,7198,1099,29,23,1/138.4,1/248.2,1/313.0,5.653940653382084
2023-06-16,ファンキージャグラー2,113,2337,-730,6,6,1/194.8,1/389.5,1/389.5,5.893010651705009
2023-06-16,ファンキージャグラー2,114,1732,-143,8,1,1/192.4,1/216.5,1/1732.0,6.220542659741704
2023-06-16,ファンキージャグラー2,115,4258,1444,21,12,1/129.0,1/202.8,1/354.8,5.636044982866021
2023-06-16,ファンキージャグラー2,116,4611,982,23,11,1/135.6,1/200.5,1/419.2,6.055814654904013
2023-06-16,ハッピージャグラーVIII,109,6147,-864,21,15,1/170.8,1/292.7,1/409.8,6.214423307999854
2023-06-16,ハッピージャグラーVIII,110,2086,362,9,7,1/130.4,1/231.8,1/298.0,6.1608757953706155
2023-06-16,ハッピージャグラーVIII,111,4065,402,15,15,1/135.5,1/271.0,1/271.0,5.9632309599509075
2023-06-16,ハッピージャグラーVIII,112,2062,593,9,7,1/128.9,1/229.1,1/294.6,5.727422598029164
2023-06-15,アイムジャグラーEX-TP,121,4514,-270,17,9,1/173.6,1/265.5,1/501.6,6.004319864724296
2023-06-15,アイムジャグラーEX-TP,122,5600,515,21,21,1/133.3,1/266.7,1/266.7,6.056434068955746
2023-06-15,アイムジャグラーEX-TP,123,3592,-416,12,7,1/189.1,1/299.3,1/513.1,5.765678492187754
2023-06-15,アイムジャグラーEX-TP,124,2702,-739,9,3,1/225.2,1/300.2,1/900.7,6.096706857698619
2023-06-15,アイムジャグラーEX-TP,125,2423,-259,9,4,1/186.4,1/269.2,1/605.8,6.010786123751692
2023-06-15,アイムジャグラーEX-TP,126,6101,-462,18,23,1/148.8,1/338.9,1/265.3,5.916099469559283
2023-06-15,アイムジャグラーEX-TP,127,1489,-368,6,0,1/248.2,1/248.2,1/0.0,6.305419620382401
2023-06-15,アイムジャグラーEX-TP,128,3658,-524,12,8,1/182.9,1/304.8,1/457.2,5.9147934708700145
2023-06-15,アイムジャグラーEX-TP,129,5675,-654,20,12,1/177.3,1/283.8,1/472.9,6.032247812180782
2023-06-15,アイムジャグラーEX-TP,130,1259,-213,4,2,1/209.8,1/314.8,1/629.5,5.675469700339708
2023-06-15,アイムジャグラーEX-TP,131,3385,1694,16,18,1/99.6,1/211.6,1/188.1,5.993984058658526
2023-06-15,アイムジャグラーEX-TP,132,6954,913,29,15,1/158.0,1/239.8,1/463.6,5.688380038363601
2023-06-15,アイムジャグラーEX-TP,145,2127,-553,6,5,1/193.4,1/354.5,1/425.4,5.9894685038012
2023-06-15,アイムジャグラーEX-TP,146,1002,458,5,3,1/125.2,1/200.4,1/334.0,5.53065350908374
2023-06-15,アイムジャグラーEX-TP,147,2337,1938,15,10,1/93.5,1/155.8,1/233.7,5.981889541453226
2023-06-15,アイムジャグラーEX-TP,148,2241,460,12,4,1/140.1,1/186.8,1/560.2,6.567116872174541
2023-06-15,アイムジャグラーEX-TP,149,130,-176,0,0,1/0.0,1/0.0,1/0.0,6.8115607905602245
2023-06-15,アイムジャグラーEX-TP,150,5406,1537,26,19,1/120.1,1/207.9,1/284.5,6.3017570116867745
2023-06-15,アイムジャグラーEX-TP,151,380,-232,1,0,1/380.0,1/380.0,1/0.0,6.3663374879269945
2023-06-15,アイムジャグラーEX-TP,152,4715,1610,23,15,1/124.1,1/205.0,1/314.3,5.965023832895329
2023-06-15,アイムジャグラーEX-TP,153,343,-241,1,0,1/343.0,1/343.0,1/0.0,7.318040548771965
2023-06-15,アイムジャグラーEX-TP,154,3427,-1265,9,8,1/201.6,1/380.8,1/428.4,6.264649009740331
2023-06-15,アイムジャグラーEX-TP,155,2532,1208,15,8,1/110.1,1/168.8,1/316.5,6.578852838778898
2023-06-15,アイムジャグラーEX-TP,156,6206,159,22,18,1/155.2,1/282.1,1/344.8,5.7678228793975554
2023-06-15,アイムジャグラーEX-TP,157,6610,1697,30,22,1/127.1,1/220.3,1/300.5,6.025390137174706
2023-06-15,アイムジャグラーEX-TP,158,1543,-133,5,6,1/140.3,1/308.6,1/257.2,6.361418356348846
2023-06-15,アイムジャグラーEX-TP,159,4817,257,19,16,1/137.6,1/253.5,1/301.1,6.278095274637866
2023-06-15,アイムジャグラーEX-TP,160,2779,-82,9,10,1/146.3,1/308.8,1/277.9,5.959600684022336
2023-06-15,アイムジャグラーEX-TP,161,3561,-14,15,6,1/169.6,1/237.4,1/593.5,6.127640875986615
2023-06-15,アイムジャグラーEX-TP,162,2650,-700,9,3,1/220.8,1/294.4,1/883.3,6.139503418429166
2023-06-15,アイムジャグラーEX-TP,163,2701,-1813,4,7,1/245.5,1/675.2,1/385.9,6.461254278966244
2023-06-15,アイムジャグラーEX-TP,164,4311,58,15,15,1/143.7,1/287.4,1/287.4,5.987409024646209
2023-06-15,アイムジャグラーEX-TP,165,1575,-635,5,0,1/315.0,1/315.0,1/0.0,6.026245734996321
2023-06-15,アイムジャグラーEX-TP,166,3198,-694,9,10,1/168.3,1/355.3,1/319.8,6.123771767753868
2023-06-15,アイムジャグラーEX-TP,167,3623,-577,14,2,1/226.4,1/258.8,1/1811.5,5.945309844671683
2023-06-15,アイムジャグラーEX-TP,168,7675,1733,35,29,1/119.9,1/219.3,1/264.7,6.4079443481513385
2023-06-15,アイムジャグラーEX-TP,169,4585,-2594,8,11,1/241.3,1/573.1,1/416.8,6.174463402433681
2023-06-15,アイムジャグラーEX-TP,170,1860,207,6,10,1/116.2,1/310.0,1/186.0,6.074274663024714
2023-06-15,アイムジャグラーEX-TP,171,5376,2806,32,17,1/109.7,1/168.0,1/316.2,6.381957370780291
2023-06-15,アイムジャグラーEX-TP,172,3440,-305,11,11,1/156.4,1/312.7,1/312.7,6.007525823192577
2023-06-15,アイムジャグラーEX-TP,173,3334,-598,9,10,1/175.5,1/370.4,1/333.4,5.776074615380391
2023-06-15,アイムジャグラーEX-TP,174,5635,-489,19,15,1/165.7,1/296.6,1/375.7,5.966448758052191
2023-06-15,アイムジャグラーEX-TP,175,0,0,0,0,1/0.0,1/0.0,1/0.0,0.0
2023-06-15,アイムジャグラーEX-TP,176,2611,-178,8,9,1/153.6,1/326.4,1/290.1,5.873696097393485
2023-06-15,アイムジャグラーEX-TP,177,1997,-452,7,3,1/199.7,1/285.3,1/665.7,6.258826841986529
2023-06-15,アイムジャグラーEX-TP,178,6588,-776,20,23,1/153.2,1/329.4,1/286.4,6.08252529905357
2023-06-15,マイジャグラーV,117,4652,-1041,14,11,1/186.1,1/332.3,1/422.9,5.8758002470172785
2023-06-15,マイジャグラーV,118,6649,-69,26,18,1/151.1,1/255.7,1/369.4,6.029817645502511
2023-06-15,マイジャグラーV,119,3170,-727,7,12,1/166.8,1/452.9,1/264.2,5.664469399033078
2023-06-15,マイジャグラーV,120,7231,207,28,16,1/164.3,1/258.2,1/451.9,5.6259991800267635
2023-06-15,ファンキージャグラー2,113,4047,-360,13,15,1/144.5,1/311.3,1/269.8,6.069002966624477
2023-06-15,ファンキージャグラー2,114,2891,103,10,10,1/144.6,1/289.1,1/289.1,5.684689904565392
2023-06-15,ファンキージャグラー2,115,1523,-706,3,4,1/217.6,1/507.7,1/380.8,5.953695359122809
2023-06-15,ファンキージャグラー2,116,2507,-303,7,7,1/179.1,1/358.1,1/358.1,5.427947635244625
2023-06-15,ハッピージャグラーVIII,109,2813,240,12,9,1/134.0,1/234.4,1/312.6,6.4678117295421185
2023-06-15,ハッピージャグラーVIII,110,3311,347,15,8,1/144.0,1/220.7,1/413.9,6.3094108096966846
2023-06-15,ハッピージャグラーVIII,111,4251,314,15,17,1/132.8,1/283.4,1/250.1,6.034757027653606
2023-06-15,ハッピージャグラーVIII,112,2645,302,10,10,1/132.2,1/264.5,1/264.5,6.031250485442981
2023-06-14,アイムジャグラーEX-TP,121,2586,-384,7,11,1/143.7,1/369.4,1/235.1,6.179699643656438
2023-06-14,アイムジャグラーEX-TP,122,1147,435,7,1,1/143.4,1/163.9,1/1147.0,6.195884592979539
2023-06-14,アイムジャグラーEX-TP,123,561,-553,1,0,1/561.0,1/561.0,1/0.0,7.30780949517626
2023-06-14,アイムジャグラーEX-TP,124,1635,117,6,6,1/136.2,1/272.5,1/272.5,6.022645145748013
2023-06-14,アイムジャグラーEX-TP,125,3180,-145,11,12,1/138.3,1/289.1,1/265.0,6.378645418422591
2023-06-14,アイムジャグラーEX-TP,126,1851,-222,6,6,1/154.2,1/308.5,1/308.5,6.224672543887472
2023-06-14,アイムジャグラーEX-TP,127,3258,-708,10,9,1/171.5,1/325.8,1/362.0,6.26611280999444
2023-06-14,アイムジャグラーEX-TP,128,583,-532,1,0,1/583.0,1/583.0,1/0.0,6.751977848880079
2023-06-14,アイムジャグラーEX-TP,129,1249,-452,3,3,1/208.2,1/416.3,1/416.3,5.996261290278288
2023-06-14,アイムジャグラーEX-TP,130,6607,912,27,23,1/132.1,1/244.7,1/287.3,6.116098792093167
2023-06-14,アイムジャグラーEX-TP,131,1694,-493,4,6,1/169.4,1/423.5,1/282.3,6.122502234135039
2023-06-14,アイムジャグラーEX-TP,132,2666,-1781,4,4,1/333.2,1/666.5,1/666.5,5.968376469964558
2023-06-14,アイムジャグラーEX-TP,145,3255,852,16,6,1/148.0,1/203.4,1/542.5,5.799320009685132
2023-06-14,アイムジャグラーEX-TP,146,827,-413,2,1,1/275.7,1/413.5,1/827.0,6.124958182533085
2023-06-14,アイムジャグラーEX-TP,147,1132,-130,5,1,1/188.7,1/226.4,1/1132.0,6.559665313359036
2023-06-14,アイムジャグラーEX-TP,148,1072,973,8,1,1/119.1,1/134.0,1/1072.0,5.43435198875738
2023-06-14,アイムジャグラーEX-TP,149,1195,387,6,2,1/149.4,1/199.2,1/597.5,5.589524062550282
2023-06-14,アイムジャグラーEX-TP,150,1711,116,7,5,1/142.6,1/244.4,1/342.2,6.202209276968119
2023-06-14,アイムジャグラーEX-TP,151,1204,-316,3,4,1/172.0,1/401.3,1/301.0,6.045135370614246
2023-06-14,アイムジャグラーEX-TP,152,265,-22,1,0,1/265.0,1/265.0,1/0.0,5.343350603445755
2023-06-14,アイムジャグラーEX-TP,153,3499,-289,11,13,1/145.8,1/318.1,1/269.2,6.144536641176761
2023-06-14,アイムジャグラーEX-TP,154,4188,-288,13,16,1/144.4,1/322.2,1/261.8,6.080189952799695
2023-06-14,アイムジャグラーEX-TP,155,868,111,4,2,1/144.7,1/217.0,1/434.0,6.255395098105206
2023-06-14,アイムジャグラーEX-TP,156,5555,825,25,16,1/135.5,1/222.2,1/347.2,6.29054777535146
2023-06-14,アイムジャグラーEX-TP,157,4675,402,20,12,1/146.1,1/233.8,1/389.6,6.177839857176271
2023-06-14,アイムジャグラーEX-TP,158,552,-707,0,1,1/552.0,1/0.0,1/552.0,7.442078184154494
2023-06-14,アイムジャグラーEX-TP,159,1443,-60,5,4,1/160.3,1/288.6,1/360.8,5.916614604148346
2023-06-14,アイムジャグラーEX-TP,160,599,-461,1,1,1/299.5,1/599.0,1/599.0,6.778283150274424
2023-06-14,アイムジャグラーEX-TP,161,1672,-1496,1,4,1/334.4,1/1672.0,1/418.0,6.372251618721507
2023-06-14,アイムジャグラーEX-TP,162,3180,-388,11,9,1/159.0,1/289.1,1/353.3,6.310998880293846
2023-06-14,アイムジャグラーEX-TP,163,979,-521,2,2,1/244.8,1/489.5,1/489.5,6.209834297009968
2023-06-14,アイムジャグラーEX-TP,164,650,-450,1,1,1/325.0,1/650.0,1/650.0,6.139982146821143
2023-06-14,アイムジャグラーEX-TP,165,2049,-1213,3,5,1/256.1,1/683.0,1/409.8,5.987884659489544
2023-06-14,アイムジャグラーEX-TP,166,613,-557,1,0,1/613.0,1/613.0,1/0.0,6.6126386402257475
2023-06-14,アイムジャグラーEX-TP,167,3324,230,13,8,1/158.3,1/255.7,1/415.5,5.773482419563656
2023-06-14,アイムジャグラーEX-TP,168,3169,-263,12,5,1/186.4,1/264.1,1/633.8,5.953974480878339
2023-06-14,アイムジャグラーEX-TP,169,3446,-813,11,6,1/202.7,1/313.3,1/574.3,6.039864613788079
2023-06-14,アイムジャグラーEX-TP,170,3673,-752,12,5,1/216.1,1/306.1,1/734.6,5.826379259663418
2023-06-14,アイムジャグラーEX-TP,171,2068,-709,5,6,1/188.0,1/413.6,1/344.7,6.146037275597198
2023-06-14,アイムジャグラーEX-TP,172,1728,-402,5,4,1/192.0,1/345.6,1/432.0,5.93384443376032
2023-06-14,アイムジャグラーEX-TP,173,837,-714,1,1,1/418.5,1/837.0,1/837.0,6.342687926568497
2023-06-14,アイムジャグラーEX-TP,174,2280,237,7,12,1/120.0,1/325.7,1/190.0,5.8842133909986245
2023-06-14,アイムジャグラーEX-TP,175,923,202,3,6,1/102.6,1/307.7,1/153.8,6.100516283454442
2023-06-14,アイムジャグラーEX-TP,176,5369,524,20,22,1/127.8,1/268.4,1/244.0,6.155301195545446
2023-06-14,アイムジャグラーEX-TP,177,3315,1304,16,14,1/110.5,1/207.2,1/236.8,6.122052111867898
2023-06-14,アイムジャグラーEX-TP,178,3925,352,18,10,1/140.2,1/218.1,1/392.5,6.540772761055989
2023-06-14,マイジャグラーV,117,6262,1055,30,10,1/156.6,1/208.7,1/626.2,5.711432955546867
2023-06-14,マイジャグラーV,118,1354,-467,3,2,1/270.8,1/451.3,1/677.0,5.281100570437843
2023-06-14,マイジャグラーV,119,1612,-875,3,5,1/201.5,1/537.3,1/322.4,6.415236233811403
2023-06-14,マイジャグラーV,120,8337,-698,25,30,1/151.6,1/333.5,1/277.9,5.769411123215135
2023-06-14,ファンキージャグラー2,113,3801,906,21,4,1/152.0,1/181.0,1/950.2,5.947962720075648
2023-06-14,ファンキージャグラー2,114,328,-459,0,0,1/0.0,1/0.0,1/0.0,7.083973158652922
2023-06-14,ファンキージャグラー2,115,1280,-1262,1,3,1/320.0,1/1280.0,1/426.7,7.063354983252124
2023-06-14,ファンキージャグラー2,116,741,-152,3,1,1/185.2,1/247.0,1/741.0,6.523126342547542
2023-06-14,ハッピージャグラーVIII,109,4797,904,21,15,1/133.2,1/228.4,1/319.8,6.059879587842918
2023-06-14,ハッピージャグラーVIII,110,3105,-78,11,13,1/129.4,1/282.3,1/238.8,6.637218684732513
2023-06-14,ハッピージャグラーVIII,111,3860,-140,12,14,1/148.5,1/321.7,1/275.7,5.9182507122791055
2023-06-14,ハッピージャグラーVIII,112,4115,-925,12,11,1/178.9,1/342.9,1/374.1,6.150587187702861
2023-06-13,アイムジャグラーEX-TP,121,1130,-663,2,1,1/376.7,1/565.0,1/1130.0,5.663267620217264
2023-06-13,アイムジャグラーEX-TP,122,6196,1417,27,23,1/123.9,1/229.5,1/269.4,6.1134902569061085
2023-06-13,アイムジャグラーEX-TP,123,3682,534,14,11,1/147.3,1/263.0,1/334.7,5.580876225759812
2023-06-13,アイムジャグラーEX-TP,124,1545,-401,6,1,1/220.7,1/257.5,1/1545.0,6.496699823664008
2023-06-13,アイムジャグラーEX-TP,125,2331,-631,6,6,1/194.2,1/388.5,1/388.5,5.85767817217523
2023-06-13,アイムジャグラーEX-TP,126,5887,428,21,23,1/133.8,1/280.3,1/256.0,6.003145987047318
2023-06-13,アイムジャグラーEX-TP,127,2723,770,13,6,1/143.3,1/209.5,1/453.8,5.707301134667219
2023-06-13,アイムジャグラーEX-TP,128,1402,69,5,4,1/155.8,1/280.4,1/350.5,5.674807695055424
2023-06-13,アイムジャグラーEX-TP,129,1865,562,8,7,1/124.3,1/233.1,1/266.4,5.737210826501361
2023-06-13,アイムジャグラーEX-TP,130,1013,-469,2,2,1/253.2,1/506.5,1/506.5,5.7919300860864915
2023-06-13,アイムジャグラーEX-TP,131,6032,326,23,21,1/137.1,1/262.3,1/287.2,6.188391291981392
2023-06-13,アイムジャグラーEX-TP,132,5166,-104,16,24,1/129.2,1/322.9,1/215.2,6.213521122315386
2023-06-13,アイムジャグラーEX-TP,145,2412,-611,5,11,1/150.8,1/482.4,1/219.3,6.0616192243600295
2023-06-13,アイムジャグラーEX-TP,146,711,-243,2,1,1/237.0,1/355.5,1/711.0,5.9442847457865176
2023-06-13,アイムジャグラーEX-TP,147,1217,273,6,2,1/152.1,1/202.8,1/608.5,5.893585764118649
2023-06-13,アイムジャグラーEX-TP,148,365,-430,0,1,1/365.0,1/0.0,1/365.0,7.344308211439614
2023-06-13,アイムジャグラーEX-TP,149,868,-720,0,3,1/289.3,1/0.0,1/289.3,5.841028338610334
2023-06-13,アイムジャグラーEX-TP,150,549,-487,1,1,1/274.5,1/549.0,1/549.0,7.919968216258698
2023-06-13,アイムジャグラーEX-TP,151,1255,26,6,3,1/139.4,1/209.2,1/418.3,7.141883619165173
2023-06-13,アイムジャグラーEX-TP,152,509,6,2,2,1/127.2,1/254.5,1/254.5,6.787629605053303
2023-06-13,アイムジャグラーEX-TP,153,7503,1496,30,33,1/119.1,1/250.1,1/227.4,6.134139879662123
2023-06-13,アイムジャグラーEX-TP,154,2193,-1166,3,8,1/199.4,1/731.0,1/274.1,6.128146672677634
2023-06-13,アイムジャグラーEX-TP,155,2118,537,10,5,1/141.2,1/211.8,1/423.6,5.836254698453698
2023-06-13,アイムジャグラーEX-TP,156,4710,-271,12,23,1/134.6,1/392.5,1/204.8,5.858539408908201
2023-06-13,アイムジャグラーEX-TP,157,3263,246,13,8,1/155.4,1/251.0,1/407.9,5.842882124177558
2023-06-13,アイムジャグラーEX-TP,158,5005,942,20,20,1/125.1,1/250.2,1/250.2,6.006382966977975
2023-06-13,アイムジャグラーEX-TP,159,750,-579,2,0,1/375.0,1/375.0,1/0.0,7.364312541424258
2023-06-13,アイムジャグラーEX-TP,160,4295,-289,19,7,1/165.2,1/226.1,1/613.6,6.69833312097252
2023-06-13,アイムジャグラーEX-TP,161,2571,710,12,8,1/128.6,1/214.2,1/321.4,5.990719068969092
2023-06-13,アイムジャグラーEX-TP,162,2243,-451,4,13,1/131.9,1/560.8,1/172.5,6.028006661820791
2023-06-13,アイムジャグラーEX-TP,163,571,-136,2,1,1/190.3,1/285.5,1/571.0,6.434521308238475
2023-06-13,アイムジャグラーEX-TP,164,5886,1924,30,18,1/122.6,1/196.2,1/327.0,6.233773231978634
2023-06-13,アイムジャグラーEX-TP,165,728,-13,3,1,1/182.0,1/242.7,1/728.0,5.951255943898623
2023-06-13,アイムジャグラーEX-TP,166,2140,-1208,5,2,1/305.7,1/428.0,1/1070.0,6.212228597820175
2023-06-13,アイムジャグラーEX-TP,167,3021,-642,9,7,1/188.8,1/335.7,1/431.6,5.940923036551483
2023-06-13,アイムジャグラーEX-TP,168,5652,746,21,24,1/125.6,1/269.1,1/235.5,6.049922586787622
2023-06-13,アイムジャグラーEX-TP,169,3928,65,17,7,1/163.7,1/231.1,1/561.1,6.212436348623454
2023-06-13,アイムジャグラーEX-TP,170,5688,-211,18,22,1/142.2,1/316.0,1/258.5,6.025356581831312
2023-06-13,アイムジャグラーEX-TP,171,5555,726,24,14,1/146.2,1/231.5,1/396.8,5.99947273760747
2023-06-13,アイムジャグラーEX-TP,172,2908,-141,11,8,1/153.1,1/264.4,1/363.5,6.31212589990935
2023-06-13,アイムジャグラーEX-TP,173,1843,255,9,3,1/153.6,1/204.8,1/614.3,6.227156674180701
2023-06-13,アイムジャグラーEX-TP,174,1636,-151,6,3,1/181.8,1/272.7,1/545.3,5.970580875112709
2023-06-13,アイムジャグラーEX-TP,175,2216,-671,6,6,1/184.7,1/369.3,1/369.3,6.214339060172076
2023-06-13,アイムジャグラーEX-TP,176,3272,-118,12,10,1/148.7,1/272.7,1/327.2,6.251488119746108
2023-06-13,アイムジャグラーEX-TP,177,786,-579,1,1,1/393.0,1/786.0,1/786.0,5.922244991973323
2023-06-13,アイムジャグラーEX-TP,178,2778,-137,12,2,1/198.4,1/231.5,1/1389.0,6.037206140946988
2023-06-13,マイジャグラーV,117,8458,1199,39,20,1/143.4,1/216.9,1/422.9,5.952946137976661
2023-06-13,マイジャグラーV,118,1736,-510,5,4,1/192.9,1/347.2,1/434.0,6.023202653428944
2023-06-13,マイジャグラーV,119,4502,68,18,10,1/160.8,1/250.1,1/450.2,5.80767770154563
2023-06-13,マイジャグラーV,120,4044,-705,12,12,1/168.5,1/337.0,1/337.0,5.866754047064729
2023-06-13,ファンキージャグラー2,113,1418,-679,3,3,1/236.3,1/472.7,1/472.7,5.960498248052775
2023-06-13,ファンキージャグラー2,114,3771,733,19,8,1/139.7,1/198.5,1/471.4,6.081059384725716
2023-06-13,ファンキージャグラー2,115,809,-271,2,2,1/202.2,1/404.5,1/404.5,5.85320872413887
2023-06-13,ファンキージャグラー2,116,480,-161,1,1,1/240.0,1/480.0,1/480.0,5.34613435503901
2023-06-13,ハッピージャグラーVIII,109,2574,-1118,7,6,1/198.0,1/367.7,1/429.0,6.831681138316264
2023-06-13,ハッピージャグラーVIII,110,5242,603,22,17,1/134.4,1/238.3,1/308.4,6.254966303934503
2023-06-13,ハッピージャグラーVIII,111,1143,-98,4,2,1/190.5,1/285.8,1/571.5,5.762603063090735
2023-06-13,ハッピージャグラーVIII,112,4129,-1375,9,13,1/187.7,1/458.8,1/317.6,6.044548682451431
2023-06-12,アイムジャグラーEX-TP,121,5561,2294,28,21,1/113.5,1/198.6,1/264.8,6.078644011815852
2023-06-12,アイムジャグラーEX-TP,122,4305,-134,15,12,1/159.4,1/287.0,1/358.8,5.898606044981906
2023-06-12,アイムジャグラーEX-TP,123,664,-679,0,2,1/332.0,1/0.0,1/332.0,6.563660688002122
2023-06-12,アイムジャグラーEX-TP,124,5444,697,20,19,1/139.6,1/272.2,1/286.5,5.71067115376044
2023-06-12,アイムジャグラーEX-TP,125,3338,-862,10,7,1/196.4,1/333.8,1/476.9,6.0714613179796535
2023-06-12,アイムジャグラーEX-TP,126,1673,-584,4,4,1/209.1,1/418.2,1/418.2,5.922440036799133
2023-06-12,アイムジャグラーEX-TP,127,1862,-372,6,4,1/186.2,1/310.3,1/465.5,6.08687732666963
2023-06-12,アイムジャグラーEX-TP,128,1784,-289,5,2,1/254.9,1/356.8,1/892.0,5.14348403174533
2023-06-12,アイムジャグラーEX-TP,129,7896,3777,44,22,1/119.6,1/179.5,1/358.9,5.964807905310398
2023-06-12,アイムジャグラーEX-TP,130,1208,-410,3,2,1/241.6,1/402.7,1/604.0,5.684837770589219
2023-06-12,アイムジャグラーEX-TP,131,4147,-1483,9,12,1/197.5,1/460.8,1/345.6,5.926727271919147
2023-06-12,アイムジャグラーEX-TP,132,1530,-703,4,2,1/255.0,1/382.5,1/765.0,6.213735441887969
2023-06-12,アイムジャグラーEX-TP,145,512,-531,0,1,1/512.0,1/0.0,1/512.0,6.1294440414680835
2023-06-12,アイムジャグラーEX-TP,146,2075,124,9,3,1/172.9,1/230.6,1/691.7,5.879719360286534
2023-06-12,アイムジャグラーEX-TP,147,4370,418,18,14,1/136.6,1/242.8,1/312.1,6.230886719342611
2023-06-12,アイムジャグラーEX-TP,148,645,-377,2,0,1/322.5,1/322.5,1/0.0,6.8684024734767855
2023-06-12,アイムジャグラーEX-TP,149,1930,232,9,4,1/148.5,1/214.4,1/482.5,6.2525117360131235
2023-06-12,アイムジャグラーEX-TP,150,2832,462,14,6,1/141.6,1/202.3,1/472.0,6.41231338062324
2023-06-12,アイムジャグラーEX-TP,151,3825,340,15,11,1/147.1,1/255.0,1/347.7,5.8910456875620385
2023-06-12,アイムジャグラーEX-TP,152,1291,-748,3,1,1/322.8,1/430.3,1/1291.0,6.1953337379735665
2023-06-12,アイムジャグラーEX-TP,153,3626,-575,10,14,1/151.1,1/362.6,1/259.0,6.111208076960907
2023-06-12,アイムジャグラーEX-TP,154,209,-280,0,0,1/0.0,1/0.0,1/0.0,6.730567338521132
2023-06-12,アイムジャグラーEX-TP,155,4944,-577,13,19,1/154.5,1/380.3,1/260.2,5.776532593314019
2023-06-12,アイムジャグラーEX-TP,156,2073,-1154,4,2,1/345.5,1/518.2,1/1036.5,5.735020157779728
2023-06-12,アイムジャグラーEX-TP,157,5666,-1634,16,15,1/182.8,1/354.1,1/377.7,6.258429923406913
2023-06-12,アイムジャグラーEX-TP,158,1802,-659,6,0,1/300.3,1/300.3,1/0.0,6.03297890084481
2023-06-12,アイムジャグラーEX-TP,159,1224,-539,3,2,1/244.8,1/408.0,1/612.0,6.076651899839897
2023-06-12,アイムジャグラーEX-TP,160,4258,485,18,12,1/141.9,1/236.6,1/354.8,6.099099742511422
2023-06-12,アイムジャグラーEX-TP,161,1421,-576,5,0,1/284.2,1/284.2,1/0.0,6.45728316331805
2023-06-12,アイムジャグラーEX-TP,162,4382,-961,13,12,1/175.3,1/337.1,1/365.2,6.140643178141307
2023-06-12,アイムジャグラーEX-TP,163,5618,-20,20,18,1/147.8,1/280.9,1/312.1,6.037126155153799
2023-06-12,アイムジャグラーEX-TP,164,5575,902,23,19,1/132.7,1/242.4,1/293.4,6.019800013065396
2023-06-12,アイムジャグラーEX-TP,165,4227,-149,16,9,1/169.1,1/264.2,1/469.7,5.973546558185063
2023-06-12,アイムジャグラーEX-TP,166,2892,-579,9,9,1/160.7,1/321.3,1/321.3,6.4010598667756184
2023-06-12,アイムジャグラーEX-TP,167,4144,-86,18,4,1/188.4,1/230.2,1/1036.0,6.040972546432906
2023-06-12,アイムジャグラーEX-TP,168,2887,-1144,8,4,1/240.6,1/360.9,1/721.8,6.135601946118575
2023-06-12,アイムジャグラーEX-TP,169,3870,-969,11,12,1/168.3,1/351.8,1/322.5,6.306978231391296
2023-06-12,アイムジャグラーEX-TP,170,3943,-20,14,11,1/157.7,1/281.6,1/358.5,5.8589326813686995
2023-06-12,アイムジャグラーEX-TP,171,984,148,4,2,1/164.0,1/246.0,1/492.0,5.465274236241811
2023-06-12,アイムジャグラーEX-TP,172,4659,544,17,20,1/125.9,1/274.1,1/232.9,6.063255330943837
2023-06-12,アイムジャグラーEX-TP,173,884,97,4,3,1/126.3,1/221.0,1/294.7,6.791609228014528
2023-06-12,アイムジャグラーEX-TP,174,8093,505,30,30,1/134.9,1/269.8,1/269.8,6.124278802415858
2023-06-12,アイムジャグラーEX-TP,175,1674,-152,6,3,1/186.0,1/279.0,1/558.0,5.855302464323318
2023-06-12,アイムジャグラーEX-TP,176,371,-476,0,0,1/0.0,1/0.0,1/0.0,6.424148982075413
2023-06-12,アイムジャグラーEX-TP,177,4560,-517,15,13,1/162.9,1/304.0,1/350.8,6.074796734104015
2023-06-12,アイムジャグラーEX-TP,178,4676,226,19,13,1/146.1,1/246.1,1/359.7,6.1970461347554835
2023-06-12,マイジャグラーV,117,5400,-106,21,15,1/150.0,1/257.1,1/360.0,6.07948761177743
2023-06-12,マイジャグラーV,118,6157,1422,28,20,1/128.3,1/219.9,1/307.9,5.8648755277746485
2023-06-12,マイジャグラーV,119,3687,-980,10,9,1/194.1,1/368.7,1/409.7,5.783173224991823
2023-06-12,マイジャグラーV,120,8761,-122,28,37,1/134.8,1/312.9,1/236.8,5.927242274005916
2023-06-12,ファンキージャグラー2,113,5450,-473,19,17,1/151.4,1/286.8,1/320.6,6.103523314829113
2023-06-12,ファンキージャグラー2,114,2559,967,16,4,1/128.0,1/159.9,1/639.8,6.340154687758067
2023-06-12,ファンキージャグラー2,115,847,118,5,0,1/169.4,1/169.4,1/0.0,6.371062289074916
2023-06-12,ファンキージャグラー2,116,3094,-1029,7,12,1/162.8,1/442.0,1/257.8,6.223711970472167
2023-06-12,ハッピージャグラーVIII,109,4304,-1137,13,13,1/165.5,1/331.1,1/331.1,6.649657304719619
2023-06-12,ハッピージャグラーVIII,110,1502,-1,6,4,1/150.2,1/250.3,1/375.5,6.312878577013283
2023-06-12,ハッピージャグラーVIII,111,765,-287,3,0,1/255.0,1/255.0,1/0.0,6.8661477040757655
2023-06-12,ハッピージャグラーVIII,112,2087,-881,7,2,1/231.9,1/298.1,1/1043.5,6.881866228902593
2023-06-11,アイムジャグラーEX-TP,121,3856,-1599,9,9,1/214.2,1/428.4,1/428.4,6.130728825049318
2023-06-11,アイムジャグラーEX-TP,122,3922,600,16,13,1/135.2,1/245.1,1/301.7,5.967491050246929
2023-06-11,アイムジャグラーEX-TP,123,6015,534,22,27,1/122.8,1/273.4,1/222.8,6.296290888010968
2023-06-11,アイムジャグラーEX-TP,124,3806,-521,12,12,1/158.6,1/317.2,1/317.2,6.158842735649848
2023-06-11,アイムジャグラーEX-TP,125,2831,-1507,7,4,1/257.4,1/404.4,1/707.8,6.450723660226737
2023-06-11,アイムジャグラーEX-TP,126,3157,-276,12,7,1/166.2,1/263.1,1/451.0,6.276098266005695
2023-06-11,アイムジャグラーEX-TP,127,1542,-1301,2,2,1/385.5,1/771.0,1/771.0,6.476714405624106
2023-06-11,アイムジャグラーEX-TP,128,1736,-1182,2,2,1/434.0,1/868.0,1/868.0,5.523904825410878
2023-06-11,アイムジャグラーEX-TP,129,4941,-1011,12,20,1/154.4,1/411.8,1/247.1,6.024297340881738
2023-06-11,アイムジャグラーEX-TP,130,5968,3321,33,22,1/108.5,1/180.8,1/271.3,5.950695555844471
2023-06-11,アイムジャグラーEX-TP,131,3078,-528,10,8,1/171.0,1/307.8,1/384.8,6.187449319905242
2023-06-11,アイムジャグラーEX-TP,132,3289,-620,12,5,1/193.5,1/274.1,1/657.8,6.258213905751298
2023-06-11,アイムジャグラーEX-TP,145,1232,-909,1,3,1/308.0,1/1232.0,1/410.7,5.905720917871746
2023-06-11,アイムジャグラーEX-TP,146,6300,357,23,19,1/150.0,1/273.9,1/331.6,5.795157731775263
2023-06-11,アイムジャグラーEX-TP,147,2922,-812,7,13,1/146.1,1/417.4,1/224.8,6.531887728071746
2023-06-11,アイムジャグラーEX-TP,148,957,-180,3,2,1/191.4,1/319.0,1/478.5,5.910361493642841
2023-06-11,アイムジャグラーEX-TP,149,3358,-38,12,11,1/146.0,1/279.8,1/305.3,6.120270384724242
2023-06-11,アイムジャグラーEX-TP,150,1629,-621,4,4,1/203.6,1/407.2,1/407.2,6.1715261468127665
2023-06-11,アイムジャグラーEX-TP,151,2970,82,11,12,1/129.1,1/270.0,1/247.5,6.448880516683439
2023-06-11,アイムジャグラーEX-TP,152,1174,241,7,1,1/146.8,1/167.7,1/1174.0,6.930098563238271
2023-06-11,アイムジャグラーEX-TP,153,6431,151,22,24,1/139.8,1/292.3,1/268.0,5.984325515148439
2023-06-11,アイムジャグラーEX-TP,154,2222,657,11,7,1/123.4,1/202.0,1/317.4,6.2494132385972545
2023-06-11,アイムジャグラーEX-TP,155,3128,-719,11,5,1/195.5,1/284.4,1/625.6,6.335855603420162
2023-06-11,アイムジャグラーEX-TP,156,5405,-240,19,16,1/154.4,1/284.5,1/337.8,6.066371264502822
2023-06-11,アイムジャグラーEX-TP,157,5709,-1398,14,22,1/158.6,1/407.8,1/259.5,6.152620156177617
2023-06-11,アイムジャグラーEX-TP,158,3069,-897,8,10,1/170.5,1/383.6,1/306.9,6.295523310605859
2023-06-11,アイムジャグラーEX-TP,159,2914,-494,10,9,1/153.4,1/291.4,1/323.8,6.653396253973517
2023-06-11,アイムジャグラーEX-TP,160,2479,66,9,7,1/154.9,1/275.4,1/354.1,5.823169760596548
2023-06-11,アイムジャグラーEX-TP,161,3794,-1969,6,12,1/210.8,1/632.3,1/316.2,6.103424310605033
2023-06-11,アイムジャグラーEX-TP,162,4925,-2350,8,20,1/175.9,1/615.6,1/246.2,6.3682160719550245
2023-06-11,アイムジャグラーEX-TP,163,1833,-443,6,3,1/203.7,1/305.5,1/611.0,6.114686499556142
2023-06-11,アイムジャグラーEX-TP,164,6527,-263,22,20,1/155.4,1/296.7,1/326.4,5.92902476817168
2023-06-11,アイムジャグラーEX-TP,165,1077,-457,3,1,1/269.2,1/359.0,1/1077.0,6.08044891214728
2023-06-11,アイムジャグラーEX-TP,166,3430,-1509,8,6,1/245.0,1/428.8,1/571.7,5.9891249364637655
2023-06-11,アイムジャグラーEX-TP,167,3043,-519,11,5,1/190.2,1/276.6,1/608.6,6.187037791882606
2023-06-11,アイムジャグラーEX-TP,168,5274,394,26,5,1/170.1,1/202.8,1/1054.8,6.278936130111653
2023-06-11,アイムジャグラーEX-TP,169,3994,146,18,5,1/173.7,1/221.9,1/798.8,6.091478852296446
2023-06-11,アイムジャグラーEX-TP,170,7733,-288,28,20,1/161.1,1/276.2,1/386.6,5.992542125176602
2023-06-11,アイムジャグラーEX-TP,171,4202,1159,23,8,1/135.5,1/182.7,1/525.2,6.412512927844292
2023-06-11,アイムジャグラーEX-TP,172,1987,-1164,3,7,1/198.7,1/662.3,1/283.9,6.516698852227967
2023-06-11,アイムジャグラーEX-TP,173,3909,-1202,12,7,1/205.7,1/325.8,1/558.4,6.255084456361553
2023-06-11,アイムジャグラーEX-TP,174,5225,1639,25,17,1/124.4,1/209.0,1/307.4,6.015278231082238
2023-06-11,アイムジャグラーEX-TP,175,1075,-722,2,3,1/215.0,1/537.5,1/358.3,7.121009129796124
2023-06-11,アイムジャグラーEX-TP,176,2589,-586,7,7,1/184.9,1/369.9,1/369.9,5.8602495492995015
2023-06-11,アイムジャグラーEX-TP,177,5291,1428,24,22,1/115.0,1/220.5,1/240.5,6.3366776603812385
2023-06-11,アイムジャグラーEX-TP,178,6606,-213,23,26,1/134.8,1/287.2,1/254.1,6.418396745703791
2023-06-11,マイジャグラーV,117,7369,-121,26,24,1/147.4,1/283.4,1/307.0,5.883447478305578
2023-06-11,マイジャグラーV,118,2464,-151,10,3,1/189.5,1/246.4,1/821.3,5.787474856839269
2023-06-11,マイジャグラーV,119,2510,-1265,6,5,1/228.2,1/418.3,1/502.0,6.324647893024501
2023-06-11,マイジャグラーV,120,3910,-2408,7,8,1/260.7,1/558.6,1/488.8,6.194522707173564
2023-06-11,ファンキージャグラー2,113,1450,-853,2,4,1/241.7,1/725.0,1/362.5,5.936191063473745
2023-06-11,ファンキージャグラー2,114,5330,1326,28,13,1/130.0,1/190.4,1/410.0,6.209659603178867
2023-06-11,ファンキージャグラー2,115,1215,-510,3,3,1/202.5,1/405.0,1/405.0,6.235283816070674
2023-06-11,ファンキージャグラー2,116,3797,-32,15,10,1/151.9,1/253.1,1/379.7,6.041099323361475
2023-06-11,ハッピージャグラーVIII,109,3690,231,18,5,1/160.4,1/205.0,1/738.0,6.43108251980793
2023-06-11,ハッピージャグラーVIII,110,3386,-1224,8,8,1/211.6,1/423.2,1/423.2,6.031490132096492
2023-06-11,ハッピージャグラーVIII,111,2404,-610,9,5,1/171.7,1/267.1,1/480.8,7.078809022772475
2023-06-11,ハッピージャグラーVIII,112,2911,-955,9,8,1/171.2,1/323.4,1/363.9,6.967754359012825
2023-06-10,アイムジャグラーEX-TP,121,4482,-418,15,14,1/154.6,1/298.8,1/320.1,6.169644323033162
2023-06-10,アイムジャグラーEX-TP,122,3710,1293,19,10,1/127.9,1/195.3,1/371.0,5.999817417955124
2023-06-10,アイムジャグラーEX-TP,123,1999,-238,9,1,1/199.9,1/222.1,1/1999.0,6.501839347258263
2023-06-10,アイムジャグラーEX-TP,124,2798,-1191,7,5,1/233.2,1/399.7,1/559.6,6.135562333278484
2023-06-10,アイムジャグラーEX-TP,125,1718,325,9,3,1/143.2,1/190.9,1/572.7,6.47796556588008
2023-06-10,アイムジャグラーEX-TP,126,5377,-1335,11,24,1/153.6,1/488.8,1/224.0,5.966136069644259
2023-06-10,アイムジャグラーEX-TP,127,7535,435,32,22,1/139.5,1/235.5,1/342.5,6.446789092631761
2023-06-10,アイムジャグラーEX-TP,128,2799,-1265,7,5,1/233.2,1/399.9,1/559.8,6.260401011004439
2023-06-10,アイムジャグラーEX-TP,129,5167,1070,22,20,1/123.0,1/234.9,1/258.4,6.168328295168845
2023-06-10,アイムジャグラーEX-TP,130,3981,-631,15,6,1/189.6,1/265.4,1/663.5,6.252071165436791
2023-06-10,アイムジャグラーEX-TP,131,3990,378,16,13,1/137.6,1/249.4,1/306.9,6.1293302508486
2023-06-10,アイムジャグラーEX-TP,132,5087,-555,20,9,1/175.4,1/254.3,1/565.2,6.334684296805773
2023-06-10,アイムジャグラーEX-TP,145,5226,2545,29,16,1/116.1,1/180.2,1/326.6,6.017487398712395
2023-06-10,アイムジャグラーEX-TP,146,1357,-297,4,4,1/169.6,1/339.2,1/339.2,6.210774178264688
2023-06-10,アイムジャグラーEX-TP,147,766,-345,2,1,1/255.3,1/383.0,1/766.0,6.165342741141968
2023-06-10,アイムジャグラーEX-TP,148,4615,968,23,13,1/128.2,1/200.7,1/355.0,6.570334037775648
2023-06-10,アイムジャグラーEX-TP,149,3915,-311,12,14,1/150.6,1/326.2,1/279.6,5.9783852740230685
2023-06-10,アイムジャグラーEX-TP,150,1037,-65,3,3,1/172.8,1/345.7,1/345.7,5.467362482125626
2023-06-10,アイムジャグラーEX-TP,151,5410,839,22,18,1/135.2,1/245.9,1/300.6,5.948968189404591
2023-06-10,アイムジャグラーEX-TP,152,1644,-492,4,5,1/182.7,1/411.0,1/328.8,6.023886468647156
2023-06-10,アイムジャグラーEX-TP,153,2466,-1805,5,0,1/493.2,1/493.2,1/0.0,6.216309574636791
2023-06-10,アイムジャグラーEX-TP,154,4203,-917,13,11,1/175.1,1/323.3,1/382.1,6.231826434307565
2023-06-10,アイムジャグラーEX-TP,155,1014,-1218,0,1,1/1014.0,1/0.0,1/1014.0,6.487179088559015
2023-06-10,アイムジャグラーEX-TP,156,5403,886,24,13,1/146.0,1/225.1,1/415.6,5.938779656293155
2023-06-10,アイムジャグラーEX-TP,157,5623,-880,15,23,1/148.0,1/374.9,1/244.5,6.0976706074123594
2023-06-10,アイムジャグラーEX-TP,158,2875,-338,9,8,1/169.1,1/319.4,1/359.4,5.885860372037556
2023-06-10,アイムジャグラーEX-TP,159,5252,-179,16,21,1/141.9,1/328.2,1/250.1,5.934893606918369
2023-06-10,アイムジャグラーEX-TP,160,1781,-628,5,2,1/254.4,1/356.2,1/890.5,5.867750136900443
2023-06-10,アイムジャグラーEX-TP,161,5375,-1264,13,20,1/162.9,1/413.5,1/268.8,6.010228570390258
2023-06-10,アイムジャグラーEX-TP,162,1666,-710,5,1,1/277.7,1/333.2,1/1666.0,6.197106524095028
2023-06-10,アイムジャグラーEX-TP,163,4985,-1305,14,17,1/160.8,1/356.1,1/293.2,6.472003262876349
2023-06-10,アイムジャグラーEX-TP,164,3328,-1459,8,7,1/221.9,1/416.0,1/475.4,6.222743127650544
2023-06-10,アイムジャグラーEX-TP,165,3232,-286,11,7,1/179.6,1/293.8,1/461.7,5.803776541817593
2023-06-10,アイムジャグラーEX-TP,166,5389,298,20,18,1/141.8,1/269.4,1/299.4,6.001433974103251
2023-06-10,アイムジャグラーEX-TP,167,3464,48,14,7,1/165.0,1/247.4,1/494.9,5.995866832974658
2023-06-10,アイムジャグラーEX-TP,168,6180,698,28,12,1/154.5,1/220.7,1/515.0,6.069968467594225
2023-06-10,アイムジャグラーEX-TP,169,4624,-803,16,7,1/201.0,1/289.0,1/660.6,5.96529542319288
2023-06-10,アイムジャグラーEX-TP,170,4007,342,17,13,1/133.6,1/235.7,1/308.2,6.458374238787839
2023-06-10,アイムジャグラーEX-TP,171,2494,-1925,3,3,1/415.7,1/831.3,1/831.3,5.971632208944105
2023-06-10,アイムジャグラーEX-TP,172,4044,1187,17,16,1/122.5,1/237.9,1/252.8,5.760400582016972
2023-06-10,アイムジャグラーEX-TP,173,7418,183,27,27,1/137.4,1/274.7,1/274.7,6.192905655064571
2023-06-10,アイムジャグラーEX-TP,174,1190,-135,4,2,1/198.3,1/297.5,1/595.0,5.672741903114335
2023-06-10,アイムジャグラーEX-TP,175,4389,2056,26,11,1/118.6,1/168.8,1/399.0,6.300889571045804
2023-06-10,アイムジャグラーEX-TP,176,4981,765,20,19,1/127.7,1/249.1,1/262.2,6.108085347745584
2023-06-10,アイムジャグラーEX-TP,177,5168,2178,24,21,1/114.8,1/215.3,1/246.1,5.730992851151976
2023-06-10,アイムジャグラーEX-TP,178,5034,-891,18,8,1/193.6,1/279.7,1/629.2,6.146461158504633
2023-06-10,マイジャグラーV,117,5343,-370,19,14,1/161.9,1/281.2,1/381.6,5.878395608760366
2023-06-10,マイジャグラーV,118,5358,-1266,16,11,1/198.4,1/334.9,1/487.1,5.779288658714713
2023-06-10,マイジャグラーV,119,2385,-676,7,4,1/216.8,1/340.7,1/596.2,5.775580467404589
2023-06-10,マイジャグラーV,120,6520,2543,34,21,1/118.5,1/191.8,1/310.5,5.8558673455640715
2023-06-10,ファンキージャグラー2,113,3854,-340,15,8,1/167.6,1/256.9,1/481.8,6.099476784697371
2023-06-10,ファンキージャグラー2,114,1332,-163,4,2,1/222.0,1/333.0,1/666.0,5.178525990116091
2023-06-10,ファンキージャグラー2,115,6570,193,25,23,1/136.9,1/262.8,1/285.7,6.087166698380312
2023-06-10,ファンキージャグラー2,116,4003,-669,12,11,1/174.0,1/333.6,1/363.9,5.786107599739033
2023-06-10,ハッピージャグラーVIII,109,1643,-1040,2,5,1/234.7,1/821.5,1/328.6,6.327648671460961
2023-06-10,ハッピージャグラーVIII,110,3202,-423,9,14,1/139.2,1/355.8,1/228.7,6.369254759896549
2023-06-10,ハッピージャグラーVIII,111,7567,649,28,31,1/128.3,1/270.2,1/244.1,6.215750213666413
2023-06-10,ハッピージャグラーVIII,112,1819,-298,8,1,1/202.1,1/227.4,1/1819.0,6.613446119433691
2023-06-09,アイムジャグラーEX-TP,121,3932,-774,13,11,1/163.8,1/302.5,1/357.5,6.481290761912321
2023-06-09,アイムジャグラーEX-TP,122,3424,1207,16,13,1/118.1,1/214.0,1/263.4,5.947390157878718
2023-06-09,アイムジャグラーEX-TP,123,3644,-883,10,9,1/191.8,1/364.4,1/404.9,5.876888444319731
2023-06-09,アイムジャグラーEX-TP,124,4454,-529,15,12,1/165.0,1/296.9,1/371.2,6.121929398484975
2023-06-09,アイムジャグラーEX-TP,125,3490,-481,13,5,1/193.9,1/268.5,1/698.0,6.069120852194994
2023-06-09,アイムジャグラーEX-TP,126,1962,-98,7,5,1/163.5,1/280.3,1/392.4,5.97359415632695
2023-06-09,アイムジャグラーEX-TP,127,4679,-211,15,17,1/146.2,1/311.9,1/275.2,6.007373495678697
2023-06-09,アイムジャグラーEX-TP,128,4325,-1329,10,13,1/188.0,1/432.5,1/332.7,5.909242909847839
2023-06-09,アイムジャグラーEX-TP,129,1764,-236,5,6,1/160.4,1/352.8,1/294.0,5.8893088378594145
2023-06-09,アイムジャグラーEX-TP,130,6265,854,24,24,1/130.5,1/261.0,1/261.0,5.98238838333808
2023-06-09,アイムジャグラーEX-TP,131,1758,-787,4,2,1/293.0,1/439.5,1/879.0,5.711764109210749
2023-06-09,アイムジャグラーEX-TP,132,3496,1823,21,9,1/116.5,1/166.5,1/388.4,6.175987302057045
2023-06-09,アイムジャグラーEX-TP,145,6609,-85,21,28,1/134.9,1/314.7,1/236.0,6.090250097516339
2023-06-09,アイムジャグラーEX-TP,146,382,160,2,1,1/127.3,1/191.0,1/382.0,5.787130845058964
2023-06-09,アイムジャグラーEX-TP,147,4810,153,18,13,1/155.2,1/267.2,1/370.0,5.871699221535977
2023-06-09,アイムジャグラーEX-TP,148,847,-149,3,3,1/141.2,1/282.3,1/282.3,7.110275077822674
2023-06-09,アイムジャグラーEX-TP,149,1626,-274,6,4,1/162.6,1/271.0,1/406.5,6.675738993221374
2023-06-09,アイムジャグラーEX-TP,150,1352,-3,6,1,1/193.1,1/225.3,1/1352.0,5.967321060807841
2023-06-09,アイムジャグラーEX-TP,151,673,-431,1,0,1/673.0,1/673.0,1/0.0,5.282007809680076
2023-06-09,アイムジャグラーEX-TP,152,4078,808,18,11,1/140.6,1/226.6,1/370.7,5.8800639689823315
2023-06-09,アイムジャグラーEX-TP,153,871,-319,2,3,1/174.2,1/435.5,1/290.3,6.3639543288735245
2023-06-09,アイムジャグラーEX-TP,154,2082,-134,8,5,1/160.2,1/260.2,1/416.4,6.300231828559375
2023-06-09,アイムジャグラーEX-TP,155,4347,-1130,14,8,1/197.6,1/310.5,1/543.4,6.231021865511471
2023-06-09,アイムジャグラーEX-TP,156,1527,-794,3,3,1/254.5,1/509.0,1/509.0,6.025913083681899
2023-06-09,アイムジャグラーEX-TP,157,3273,-770,12,4,1/204.6,1/272.8,1/818.2,6.372056617971667
2023-06-09,アイムジャグラーEX-TP,158,3760,1352,18,12,1/125.3,1/208.9,1/313.3,5.792431602705743
2023-06-09,アイムジャグラーEX-TP,159,5057,1214,21,18,1/129.7,1/240.8,1/280.9,5.7720368680323
2023-06-09,アイムジャグラーEX-TP,160,4099,-33,15,12,1/151.8,1/273.3,1/341.6,6.051486710328412
2023-06-09,アイムジャグラーEX-TP,161,3619,-1107,11,7,1/201.1,1/329.0,1/517.0,6.276869868086523
2023-06-09,アイムジャグラーEX-TP,162,944,-374,3,1,1/236.0,1/314.7,1/944.0,6.489455048012342
2023-06-09,アイムジャグラーEX-TP,163,5173,-152,19,15,1/152.1,1/272.3,1/344.9,6.154212794809455
2023-06-09,アイムジャグラーEX-TP,164,2606,940,15,3,1/144.8,1/173.7,1/868.7,6.000629904956562
2023-06-09,アイムジャグラーEX-TP,165,3014,-267,10,9,1/158.6,1/301.4,1/334.9,6.052806701931059
2023-06-09,アイムジャグラーEX-TP,166,1758,-1107,3,4,1/251.1,1/586.0,1/439.5,6.383915843865977
2023-06-09,アイムジャグラーEX-TP,167,4844,9,17,16,1/146.8,1/284.9,1/302.8,5.997896204474572
2023-06-09,アイムジャグラーEX-TP,168,4607,198,19,10,1/158.9,1/242.5,1/460.7,6.022497525148306
2023-06-09,アイムジャグラーEX-TP,169,1947,-272,7,3,1/194.7,1/278.1,1/649.0,5.976657331375535
2023-06-09,アイムジャグラーEX-TP,170,5263,-1467,16,8,1/219.3,1/328.9,1/657.9,5.965811220195768
2023-06-09,アイムジャグラーEX-TP,171,4138,538,16,16,1/129.3,1/258.6,1/258.6,6.0672394406574135
2023-06-09,アイムジャグラーEX-TP,172,5700,1758,29,15,1/129.5,1/196.6,1/380.0,6.117172835889132
2023-06-09,アイムジャグラーEX-TP,173,5714,156,21,22,1/132.9,1/272.1,1/259.7,6.321608968745662
2023-06-09,アイムジャグラーEX-TP,174,4190,1225,20,16,1/116.4,1/209.5,1/261.9,6.36094072696292
2023-06-09,アイムジャグラーEX-TP,175,4263,-1585,9,12,1/203.0,1/473.7,1/355.2,5.891195139696294
2023-06-09,アイムジャグラーEX-TP,176,3539,-556,11,9,1/176.9,1/321.7,1/393.2,5.934528417788655
2023-06-09,アイムジャグラーEX-TP,177,2008,-74,7,7,1/143.4,1/286.9,1/286.9,6.232718406961872
2023-06-09,アイムジャグラーEX-TP,178,5146,-936,16,12,1/183.8,1/321.6,1/428.8,5.956247117076854
2023-06-09,マイジャグラーV,117,6786,-28,25,16,1/165.5,1/271.4,1/424.1,5.632162414499894
2023-06-09,マイジャグラーV,118,4408,41,17,11,1/157.4,1/259.3,1/400.7,5.799450349462274
2023-06-09,マイジャグラーV,119,3262,-950,10,8,1/181.2,1/326.2,1/407.8,6.2880581308806
2023-06-09,マイジャグラーV,120,3383,-1347,9,9,1/187.9,1/375.9,1/375.9,6.438776562127215
2023-06-09,ファンキージャグラー2,113,2908,204,12,6,1/161.6,1/242.3,1/484.7,5.653518445235768
2023-06-09,ファンキージャグラー2,114,4657,1053,21,16,1/125.9,1/221.8,1/291.1,5.931628429586885
2023-06-09,ファンキージャグラー2,115,1320,35,6,1,1/188.6,1/220.0,1/1320.0,5.732482001852199
2023-06-09,ファンキージャグラー2,116,4008,694,16,13,1/138.2,1/250.5,1/308.3,5.5639816591285225
2023-06-09,ハッピージャグラーVIII,109,8307,2202,37,34,1/117.0,1/224.5,1/244.3,6.220635948822633
2023-06-09,ハッピージャグラーVIII,110,785,-31,3,1,1/196.2,1/261.7,1/785.0,5.702685756134814
2023-06-09,ハッピージャグラーVIII,111,2923,-387,9,11,1/146.2,1/324.8,1/265.7,6.401459611632555
2023-06-09,ハッピージャグラーVIII,112,4172,-670,9,20,1/143.9,1/463.6,1/208.6,5.953077846124496
2023-06-08,アイムジャグラーEX-TP,121,5475,200,22,14,1/152.1,1/248.9,1/391.1,6.098960224753647
2023-06-08,アイムジャグラーEX-TP,122,5635,274,21,16,1/152.3,1/268.3,1/352.2,5.838748077085774
2023-06-08,アイムジャグラーEX-TP,123,5141,-922,15,18,1/155.8,1/342.7,1/285.6,6.238279790889367
2023-06-08,アイムジャグラーEX-TP,124,955,-629,1,2,1/318.3,1/955.0,1/477.5,5.685388462352459
2023-06-08,アイムジャグラーEX-TP,125,5772,-471,19,19,1/151.9,1/303.8,1/303.8,6.124980286413501
2023-06-08,アイムジャグラーEX-TP,126,4268,358,17,13,1/142.3,1/251.1,1/328.3,6.054577276025256
2023-06-08,アイムジャグラーEX-TP,127,3979,418,17,10,1/147.4,1/234.1,1/397.9,6.058120103060817
2023-06-08,アイムジャグラーEX-TP,128,2352,-1127,5,7,1/196.0,1/470.4,1/336.0,6.495872359201415
2023-06-08,アイムジャグラーEX-TP,129,1625,-1377,2,3,1/325.0,1/812.5,1/541.7,6.68975489767248
2023-06-08,アイムジャグラーEX-TP,130,4342,-1385,9,17,1/167.0,1/482.4,1/255.4,6.080737006611982
2023-06-08,アイムジャグラーEX-TP,131,1075,205,5,1,1/179.2,1/215.0,1/1075.0,5.472673541023416
2023-06-08,アイムジャグラーEX-TP,132,6011,435,27,13,1/150.3,1/222.6,1/462.4,6.318446508542717
2023-06-08,アイムジャグラーEX-TP,145,1417,58,7,3,1/141.7,1/202.4,1/472.3,7.1021808857807915
2023-06-08,アイムジャグラーEX-TP,146,4136,283,18,11,1/142.6,1/229.8,1/376.0,6.4001466710594945
2023-06-08,アイムジャグラーEX-TP,147,838,-655,1,1,1/419.0,1/838.0,1/838.0,6.000543342755189
2023-06-08,アイムジャグラーEX-TP,148,2699,15,10,9,1/142.1,1/269.9,1/299.9,6.223938985012759
2023-06-08,アイムジャグラーEX-TP,149,1567,-647,4,0,1/391.8,1/391.8,1/0.0,5.427127770034413
2023-06-08,アイムジャグラーEX-TP,150,2492,-565,7,7,1/178.0,1/356.0,1/356.0,6.022827094736605
2023-06-08,アイムジャグラーEX-TP,151,3036,-857,9,7,1/189.8,1/337.3,1/433.7,6.242130002267398
2023-06-08,アイムジャグラーEX-TP,152,1025,-478,3,0,1/341.7,1/341.7,1/0.0,6.030396138193146
2023-06-08,アイムジャグラーEX-TP,153,2046,-457,7,6,1/157.4,1/292.3,1/341.0,6.860900342605731
2023-06-08,アイムジャグラーEX-TP,154,4546,740,21,13,1/133.7,1/216.5,1/349.7,6.358883820898582
2023-06-08,アイムジャグラーEX-TP,155,3243,-469,9,12,1/154.4,1/360.3,1/270.2,5.997098868748914
2023-06-08,アイムジャグラーEX-TP,156,5265,72,19,16,1/150.4,1/277.1,1/329.1,5.944236960655757
2023-06-08,アイムジャグラーEX-TP,157,4370,-1246,10,15,1/174.8,1/437.0,1/291.3,5.964335050684222
2023-06-08,アイムジャグラーEX-TP,158,2285,252,10,5,1/152.3,1/228.5,1/457.0,6.012245773766165
2023-06-08,アイムジャグラーEX-TP,159,4422,353,19,12,1/142.6,1/232.7,1/368.5,6.2986057903615755
2023-06-08,アイムジャグラーEX-TP,160,1206,-972,1,4,1/241.2,1/1206.0,1/301.5,6.677260589063944
2023-06-08,アイムジャグラーEX-TP,161,4914,49,18,16,1/144.5,1/273.0,1/307.1,6.117014529440628
2023-06-08,アイムジャグラーEX-TP,162,5338,1310,24,21,1/118.6,1/222.4,1/254.2,6.302315609835754
2023-06-08,アイムジャグラーEX-TP,163,3181,-931,8,8,1/198.8,1/397.6,1/397.6,5.864153969787052
2023-06-08,アイムジャグラーEX-TP,164,3842,1555,20,12,1/120.1,1/192.1,1/320.2,6.025715029036669
2023-06-08,アイムジャグラーEX-TP,165,3452,762,18,9,1/127.9,1/191.8,1/383.6,6.71920401646454
2023-06-08,アイムジャグラーEX-TP,166,3538,-220,11,12,1/153.8,1/321.6,1/294.8,5.874092821657678
2023-06-08,アイムジャグラーEX-TP,167,5096,256,21,12,1/154.4,1/242.7,1/424.7,6.06570200341591
2023-06-08,アイムジャグラーEX-TP,168,4877,-1760,14,7,1/232.2,1/348.4,1/696.7,6.109264030603792
2023-06-08,アイムジャグラーEX-TP,169,8667,2963,43,31,1/117.1,1/201.6,1/279.6,6.235560526097414
2023-06-08,アイムジャグラーEX-TP,170,4233,-1340,10,12,1/192.4,1/423.3,1/352.8,5.933891819138341
2023-06-08,アイムジャグラーEX-TP,171,1292,779,8,3,1/117.5,1/161.5,1/430.7,5.9068276572849445
2023-06-08,アイムジャグラーEX-TP,172,5964,144,22,18,1/149.1,1/271.1,1/331.3,5.978272767536127
2023-06-08,アイムジャグラーEX-TP,173,1232,-1099,1,3,1/308.0,1/1232.0,1/410.7,6.6644567212777055
2023-06-08,アイムジャグラーEX-TP,174,4370,391,21,10,1/141.0,1/208.1,1/437.0,6.7088742363186356
2023-06-08,アイムジャグラーEX-TP,175,1568,81,5,7,1/130.7,1/313.6,1/224.0,5.910274197521966
2023-06-08,アイムジャグラーEX-TP,176,8316,1180,34,30,1/129.9,1/244.6,1/277.2,6.156859363235631
2023-06-08,アイムジャグラーEX-TP,177,1962,-264,5,7,1/163.5,1/392.4,1/280.3,5.659145022600238
2023-06-08,アイムジャグラーEX-TP,178,4219,-616,15,8,1/183.4,1/281.3,1/527.4,6.114235689887879
2023-06-08,マイジャグラーV,117,4127,-721,15,8,1/179.4,1/275.1,1/515.9,6.146231029620044
2023-06-08,マイジャグラーV,118,4262,-2035,9,13,1/193.7,1/473.6,1/327.8,6.36283357536647
2023-06-08,マイジャグラーV,119,2523,-696,7,4,1/229.4,1/360.4,1/630.8,5.55607981011354
2023-06-08,マイジャグラーV,120,7189,-139,27,19,1/156.3,1/266.3,1/378.4,5.878480765602656
2023-06-08,ファンキージャグラー2,113,1052,-660,2,1,1/350.7,1/526.0,1/1052.0,5.899992877385025
2023-06-08,ファンキージャグラー2,114,4998,1622,23,20,1/116.2,1/217.3,1/249.9,5.834786752290625
2023-06-08,ファンキージャグラー2,115,9076,2142,38,33,1/127.8,1/238.8,1/275.0,5.647030480774089
2023-06-08,ファンキージャグラー2,116,1792,-1305,2,4,1/298.7,1/896.0,1/448.0,6.0567898405462195
2023-06-08,ハッピージャグラーVIII,109,3444,-1399,10,5,1/229.6,1/344.4,1/688.8,6.456007250073648
2023-06-08,ハッピージャグラーVIII,110,3647,1114,19,7,1/140.3,1/191.9,1/521.0,5.91151278258266
2023-06-08,ハッピージャグラーVIII,111,1612,-131,7,4,1/146.5,1/230.3,1/403.0,7.138493640563118
2023-06-08,ハッピージャグラーVIII,112,5382,1519,26,15,1/131.3,1/207.0,1/358.8,5.97977193814247
2023-06-06,アイムジャグラーEX-TP,121,3924,-1950,9,8,1/230.8,1/436.0,1/490.5,6.344538412275383
2023-06-06,アイムジャグラーEX-TP,122,4407,-844,16,8,1/183.6,1/275.4,1/550.9,6.39123327569283
2023-06-06,アイムジャグラーEX-TP,123,2718,-1194,5,6,1/247.1,1/543.6,1/453.0,5.647463980119431
2023-06-06,アイムジャグラーEX-TP,124,1720,-809,3,4,1/245.7,1/573.3,1/430.0,5.721507930026624
2023-06-06,アイムジャグラーEX-TP,125,4125,-1467,11,8,1/217.1,1/375.0,1/515.6,6.07000369718407
2023-06-06,アイムジャグラーEX-TP,126,590,-425,1,0,1/590.0,1/590.0,1/0.0,5.78815263260388
2023-06-06,アイムジャグラーEX-TP,127,6504,1490,30,20,1/130.1,1/216.8,1/325.2,6.127399834677025
2023-06-06,アイムジャグラーEX-TP,128,720,-274,2,0,1/360.0,1/360.0,1/0.0,5.517820644772669
2023-06-06,アイムジャグラーEX-TP,129,6036,-299,22,15,1/163.1,1/274.4,1/402.4,6.031710307946092
2023-06-06,アイムジャグラーEX-TP,130,4811,-1406,13,15,1/171.8,1/370.1,1/320.7,6.348276894763383
2023-06-06,アイムジャグラーEX-TP,131,578,-741,0,0,1/0.0,1/0.0,1/0.0,6.418932875730792
2023-06-06,アイムジャグラーEX-TP,132,5729,-1580,18,10,1/204.6,1/318.3,1/572.9,6.168717536437535
2023-06-06,アイムジャグラーEX-TP,145,2391,197,8,11,1/125.8,1/298.9,1/217.4,6.00666400557969
2023-06-06,アイムジャグラーEX-TP,146,1408,-417,5,2,1/201.1,1/281.6,1/704.0,6.6410216947745875
2023-06-06,アイムジャグラーEX-TP,147,299,-97,1,0,1/299.0,1/299.0,1/0.0,5.866804696818642
2023-06-06,アイムジャグラーEX-TP,148,4492,-171,16,11,1/166.4,1/280.8,1/408.4,5.873370062990848
2023-06-06,アイムジャグラーEX-TP,149,401,-143,1,0,1/401.0,1/401.0,1/0.0,5.1774810818585575
2023-06-06,アイムジャグラーEX-TP,150,4875,1351,25,13,1/128.3,1/195.0,1/375.0,6.334191968244585
2023-06-06,アイムジャグラーEX-TP,151,861,-707,1,1,1/430.5,1/861.0,1/861.0,6.131476808561337
2023-06-06,アイムジャグラーEX-TP,152,1452,-617,3,4,1/207.4,1/484.0,1/363.0,6.051983789853115
2023-06-06,アイムジャグラーEX-TP,153,1399,-786,3,3,1/233.2,1/466.3,1/466.3,6.538835776882398
2023-06-06,アイムジャグラーEX-TP,154,5888,-2030,13,22,1/168.2,1/452.9,1/267.6,6.28472469164689
2023-06-06,アイムジャグラーEX-TP,155,1270,-96,4,4,1/158.8,1/317.5,1/317.5,5.8763432302675165
2023-06-06,アイムジャグラーEX-TP,156,5003,1991,24,17,1/122.0,1/208.5,1/294.3,5.7251283596550575
2023-06-06,アイムジャグラーEX-TP,157,3419,-1177,10,7,1/201.1,1/341.9,1/488.4,6.378618170412686
2023-06-06,アイムジャグラーEX-TP,158,3665,229,15,8,1/159.3,1/244.3,1/458.1,5.905881202192476
2023-06-06,アイムジャグラーEX-TP,159,2657,-747,8,8,1/166.1,1/332.1,1/332.1,6.645103551571506
2023-06-06,アイムジャグラーEX-TP,160,3647,-1166,8,11,1/191.9,1/455.9,1/331.5,5.838664616874336
2023-06-06,アイムジャグラーEX-TP,161,2812,-1477,5,9,1/200.9,1/562.4,1/312.4,6.392478444367184
2023-06-06,アイムジャグラーEX-TP,162,4420,894,19,15,1/130.0,1/232.6,1/294.7,6.027264782241878
2023-06-06,アイムジャグラーEX-TP,163,5896,620,22,23,1/131.0,1/268.0,1/256.3,6.040422948857646
2023-06-06,アイムジャグラーEX-TP,164,3607,-948,9,12,1/171.8,1/400.8,1/300.6,6.052774792829226
2023-06-06,アイムジャグラーEX-TP,165,4750,832,23,10,1/143.9,1/206.5,1/475.0,6.219037783927715
2023-06-06,アイムジャグラーEX-TP,166,2002,-1080,4,3,1/286.0,1/500.5,1/667.3,5.951808840029618
2023-06-06,アイムジャグラーEX-TP,167,5349,2035,28,17,1/118.9,1/191.0,1/314.6,6.197487402584368
2023-06-06,アイムジャグラーEX-TP,168,5845,-214,21,15,1/162.4,1/278.3,1/389.7,5.949843380170663
2023-06-06,アイムジャグラーEX-TP,169,4234,-403,14,11,1/169.4,1/302.4,1/384.9,5.904484215901021
2023-06-06,アイムジャグラーEX-TP,170,2862,-182,12,3,1/190.8,1/238.5,1/954.0,6.10022880547225
2023-06-06,アイムジャグラーEX-TP,171,3318,7,11,8,1/174.6,1/301.6,1/414.8,5.4502718787144655
2023-06-06,アイムジャグラーEX-TP,172,3480,-1466,8,9,1/204.7,1/435.0,1/386.7,6.234738439733414
2023-06-06,アイムジャグラーEX-TP,173,4456,-421,16,13,1/153.7,1/278.5,1/342.8,6.380590267317379
2023-06-06,アイムジャグラーEX-TP,174,961,-412,2,5,1/137.3,1/480.5,1/192.2,7.399668085231548
2023-06-06,アイムジャグラーEX-TP,175,5513,-389,18,17,1/157.5,1/306.3,1/324.3,5.9536616352772205
2023-06-06,アイムジャグラーEX-TP,176,814,-698,1,1,1/407.0,1/814.0,1/814.0,6.424926314619643
2023-06-06,アイムジャグラーEX-TP,177,4414,232,17,14,1/142.4,1/259.6,1/315.3,6.101684334434176
2023-06-06,アイムジャグラーEX-TP,178,2004,-1130,5,1,1/334.0,1/400.8,1/2004.0,6.2013266259157405
2023-06-06,マイジャグラーV,117,2642,-110,9,8,1/155.4,1/293.6,1/330.2,5.774216139367941
2023-06-06,マイジャグラーV,118,3766,101,16,6,1/171.2,1/235.4,1/627.7,5.7589865871849035
2023-06-06,マイジャグラーV,119,5028,1464,25,17,1/119.7,1/201.1,1/295.8,6.106569066981284
2023-06-06,マイジャグラーV,120,8197,65,31,26,1/143.8,1/264.4,1/315.3,6.008151862572751
2023-06-06,ファンキージャグラー2,113,1509,7,7,1,1/188.6,1/215.6,1/1509.0,5.8807244690115485
2023-06-06,ファンキージャグラー2,114,5363,-795,19,12,1/173.0,1/282.3,1/446.9,6.061883574337146
2023-06-06,ファンキージャグラー2,115,4688,-1522,14,10,1/195.3,1/334.9,1/468.8,6.219006121104531
2023-06-06,ファンキージャグラー2,116,2237,-856,6,4,1/223.7,1/372.8,1/559.2,5.996913278555315
2023-06-06,ハッピージャグラーVIII,109,4834,-910,15,11,1/185.9,1/322.3,1/439.5,6.012839601750751
2023-06-06,ハッピージャグラーVIII,110,3729,1736,23,5,1/133.2,1/162.1,1/745.8,5.974239755862027
2023-06-06,ハッピージャグラーVIII,111,3914,-311,14,12,1/150.5,1/279.6,1/326.2,6.399745972270246
2023-06-06,ハッピージャグラーVIII,112,2260,156,9,6,1/150.7,1/251.1,1/376.7,5.967040024713049
2023-06-05,アイムジャグラーEX-TP,121,4286,-1453,13,7,1/214.3,1/329.7,1/612.3,6.29093806663944
2023-06-05,アイムジャグラーEX-TP,122,4413,-964,12,14,1/169.7,1/367.8,1/315.2,6.0400588528662205
2023-06-05,アイムジャグラーEX-TP,123,3162,-1534,5,10,1/210.8,1/632.4,1/316.2,5.949483242599324
2023-06-05,アイムジャグラーEX-TP,124,6032,677,26,15,1/147.1,1/232.0,1/402.1,6.057307247962771
2023-06-05,アイムジャグラーEX-TP,125,5577,967,23,13,1/154.9,1/242.5,1/429.0,5.542056887956882
2023-06-05,アイムジャグラーEX-TP,126,7754,2411,34,34,1/114.0,1/228.1,1/228.1,6.061012714713369
2023-06-05,アイムジャグラーEX-TP,127,740,-133,3,1,1/185.0,1/246.7,1/740.0,6.659491214871182
2023-06-05,アイムジャグラーEX-TP,128,6627,1976,33,16,1/135.2,1/200.8,1/414.2,5.946213124068504
2023-06-05,アイムジャグラーEX-TP,129,2079,-982,4,6,1/207.9,1/519.8,1/346.5,6.164846756854708
2023-06-05,アイムジャグラーEX-TP,130,2460,-386,8,7,1/164.0,1/307.5,1/351.4,6.233929733728842
2023-06-05,アイムジャグラーEX-TP,131,6591,980,30,18,1/137.3,1/219.7,1/366.2,6.283009153193738
2023-06-05,アイムジャグラーEX-TP,132,4119,-307,14,14,1/147.1,1/294.2,1/294.2,6.269227380965499
2023-06-05,アイムジャグラーEX-TP,145,1859,-1083,4,1,1/371.8,1/464.8,1/1859.0,5.908863457290312
2023-06-05,アイムジャグラーEX-TP,146,1519,-836,3,2,1/303.8,1/506.3,1/759.5,5.898261550506573
2023-06-05,アイムジャグラーEX-TP,147,4867,-963,15,14,1/167.8,1/324.5,1/347.6,6.239660154287937
2023-06-05,アイムジャグラーEX-TP,148,864,-455,2,2,1/216.0,1/432.0,1/432.0,6.668799035741058
2023-06-05,アイムジャグラーEX-TP,149,4999,-299,16,16,1/156.2,1/312.4,1/312.4,5.8845759555025765
2023-06-05,アイムジャグラーEX-TP,150,1663,-1048,3,1,1/415.8,1/554.3,1/1663.0,5.765306872412198
2023-06-05,アイムジャグラーEX-TP,151,4419,156,15,17,1/138.1,1/294.6,1/259.9,5.950867889440065
2023-06-05,アイムジャグラーEX-TP,152,5920,86,21,17,1/155.8,1/281.9,1/348.2,5.805234576094808
2023-06-05,アイムジャグラーEX-TP,153,2113,-974,5,2,1/301.9,1/422.6,1/1056.5,5.785890242730008
2023-06-05,アイムジャグラーEX-TP,154,2729,-1523,5,7,1/227.4,1/545.8,1/389.9,6.32118045276978
2023-06-05,アイムジャグラーEX-TP,155,3605,-919,11,6,1/212.1,1/327.7,1/600.8,5.933736865846274
2023-06-05,アイムジャグラーEX-TP,156,4858,-579,18,10,1/173.5,1/269.9,1/485.8,6.239625883437521
2023-06-05,アイムジャグラーEX-TP,157,3164,-793,7,11,1/175.8,1/452.0,1/287.6,5.752590674846885
2023-06-05,アイムジャグラーEX-TP,158,4963,822,24,11,1/141.8,1/206.8,1/451.2,6.309932198170215
2023-06-05,アイムジャグラーEX-TP,159,3079,-595,10,5,1/205.3,1/307.9,1/615.8,5.8634394478761465
2023-06-05,アイムジャグラーEX-TP,160,5031,-662,17,11,1/179.7,1/295.9,1/457.4,5.972419034131514
2023-06-05,アイムジャグラーEX-TP,161,3949,-280,14,10,1/164.5,1/282.1,1/394.9,6.035531905359192
2023-06-05,アイムジャグラーEX-TP,162,2294,-1122,4,7,1/208.5,1/573.5,1/327.7,6.104684264745201
2023-06-05,アイムジャグラーEX-TP,163,4424,-38,16,14,1/147.5,1/276.5,1/316.0,6.108611836462741
2023-06-05,アイムジャグラーEX-TP,164,6543,1065,28,24,1/125.8,1/233.7,1/272.6,6.316553331693712
2023-06-05,アイムジャグラーEX-TP,165,5243,826,23,16,1/134.4,1/228.0,1/327.7,6.187131740721016
2023-06-05,アイムジャグラーEX-TP,166,2523,-599,7,7,1/180.2,1/360.4,1/360.4,6.017079347366062
2023-06-05,アイムジャグラーEX-TP,167,5492,1701,27,18,1/122.0,1/203.4,1/305.1,6.198397732244183
2023-06-05,アイムジャグラーEX-TP,168,6187,1435,29,17,1/134.5,1/213.3,1/363.9,6.056619277936251
2023-06-05,アイムジャグラーEX-TP,169,7073,1263,31,23,1/131.0,1/228.2,1/307.5,6.1730419652871
2023-06-05,アイムジャグラーEX-TP,170,3121,-148,12,6,1/173.4,1/260.1,1/520.2,6.007140740744162
2023-06-05,アイムジャグラーEX-TP,171,6259,1895,30,20,1/125.2,1/208.6,1/312.9,6.049348573400461
2023-06-05,アイムジャグラーEX-TP,172,3481,-1536,6,9,1/232.1,1/580.2,1/386.8,5.682880354765846
2023-06-05,アイムジャグラーEX-TP,173,2647,-1161,6,5,1/240.6,1/441.2,1/529.4,5.968915682086846
2023-06-05,アイムジャグラーEX-TP,174,5722,-219,23,13,1/158.9,1/248.8,1/440.2,6.330480184512809
2023-06-05,アイムジャグラーEX-TP,175,6591,-1678,20,16,1/183.1,1/329.6,1/411.9,6.24949840924617
2023-06-05,アイムジャグラーEX-TP,176,4425,-201,16,14,1/147.5,1/276.6,1/316.1,6.284043004155989
2023-06-05,アイムジャグラーEX-TP,177,3739,-848,11,8,1/196.8,1/339.9,1/467.4,5.888608041255723
2023-06-05,アイムジャグラーEX-TP,178,4948,-484,19,9,1/176.7,1/260.4,1/549.8,6.189712537640532
2023-06-05,マイジャグラーV,117,6108,2037,30,21,1/119.8,1/203.6,1/290.9,5.8760946084133465
2023-06-05,マイジャグラーV,118,5869,160,24,12,1/163.0,1/244.5,1/489.1,5.777512675141359
2023-06-05,マイジャグラーV,119,5103,-647,17,13,1/170.1,1/300.2,1/392.5,5.864847679695718
2023-06-05,マイジャグラーV,120,7544,-162,29,19,1/157.2,1/260.1,1/397.1,5.928301856871603
2023-06-05,ファンキージャグラー2,113,4744,2425,29,13,1/113.0,1/163.6,1/364.9,6.077519634077975
2023-06-05,ファンキージャグラー2,114,3407,-820,10,8,1/189.3,1/340.7,1/425.9,5.873149495163627
2023-06-05,ファンキージャグラー2,115,4092,-276,12,15,1/151.6,1/341.0,1/272.8,5.6718218981392345
2023-06-05,ファンキージャグラー2,116,5554,-664,16,18,1/163.4,1/347.1,1/308.6,5.668865529513404
2023-06-05,ハッピージャグラーVIII,109,6295,-962,19,21,1/157.4,1/331.3,1/299.8,6.2269022082689816
2023-06-05,ハッピージャグラーVIII,110,7171,1789,35,20,1/130.4,1/204.9,1/358.6,6.187409680433685
2023-06-05,ハッピージャグラーVIII,111,4560,-1155,14,9,1/198.3,1/325.7,1/506.7,6.1434123017789615
2023-06-05,ハッピージャグラーVIII,112,6405,63,25,17,1/152.5,1/256.2,1/376.8,6.1513184728091375
2023-06-04,アイムジャグラーEX-TP,121,7721,2146,34,33,1/115.2,1/227.1,1/234.0,6.188304850820697
2023-06-04,アイムジャグラーEX-TP,122,2390,100,12,2,1/170.7,1/199.2,1/1195.0,6.5096346678629144
2023-06-04,アイムジャグラーEX-TP,123,3986,89,17,7,1/166.1,1/234.5,1/569.4,6.0984338010268
2023-06-04,アイムジャグラーEX-TP,124,6282,-2179,14,20,1/184.8,1/448.7,1/314.1,6.068534563279678
2023-06-04,アイムジャグラーEX-TP,125,2270,-646,7,1,1/283.8,1/324.3,1/2270.0,5.606173013908248
2023-06-04,アイムジャグラーEX-TP,126,5654,8,20,16,1/157.1,1/282.7,1/353.4,5.833285083722601
2023-06-04,アイムジャグラーEX-TP,127,4217,2176,23,15,1/111.0,1/183.3,1/281.1,5.991731949832905
2023-06-04,アイムジャグラーEX-TP,128,5151,-387,17,18,1/147.2,1/303.0,1/286.2,6.196108158426799
2023-06-04,アイムジャグラーEX-TP,129,2790,-368,10,6,1/174.4,1/279.0,1/465.0,6.196535448180527
2023-06-04,アイムジャグラーEX-TP,130,3843,-250,16,4,1/192.2,1/240.2,1/960.8,6.069491460321856
2023-06-04,アイムジャグラーEX-TP,131,5649,-159,19,16,1/161.4,1/297.3,1/353.1,5.77479696436435
2023-06-04,アイムジャグラーEX-TP,132,5595,257,23,17,1/139.9,1/243.3,1/329.1,6.389766871154434
2023-06-04,アイムジャグラーEX-TP,145,6047,1921,30,15,1/134.4,1/201.6,1/403.1,5.868380408428989
2023-06-04,アイムジャグラーEX-TP,146,4598,855,20,18,1/121.0,1/229.9,1/255.4,6.407563812744062
2023-06-04,アイムジャグラーEX-TP,147,3461,399,13,12,1/138.4,1/266.2,1/288.4,5.84102301509895
2023-06-04,アイムジャグラーEX-TP,148,4690,2024,25,16,1/114.4,1/187.6,1/293.1,6.174535150647797
2023-06-04,アイムジャグラーEX-TP,149,5593,1607,24,24,1/116.5,1/233.0,1/233.0,6.020538162267809
2023-06-04,アイムジャグラーEX-TP,150,2006,-1125,3,8,1/182.4,1/668.7,1/250.8,6.601235892202936
2023-06-04,アイムジャグラーEX-TP,151,4046,1732,22,13,1/115.6,1/183.9,1/311.2,6.229607792300134
2023-06-04,アイムジャグラーEX-TP,152,2978,-266,10,11,1/141.8,1/297.8,1/270.7,6.433551320112665
2023-06-04,アイムジャグラーEX-TP,153,5149,805,20,19,1/132.0,1/257.4,1/271.0,5.894196078188061
2023-06-04,アイムジャグラーEX-TP,154,2624,-742,8,6,1/187.4,1/328.0,1/437.3,6.340439151767158
2023-06-04,アイムジャグラーEX-TP,155,2165,-787,6,4,1/216.5,1/360.8,1/541.2,6.189443867747737
2023-06-04,アイムジャグラーEX-TP,156,4983,379,21,12,1/151.0,1/237.3,1/415.2,6.078340922029548
2023-06-04,アイムジャグラーEX-TP,157,5169,361,22,12,1/152.0,1/235.0,1/430.8,6.11771535322628
2023-06-04,アイムジャグラーEX-TP,158,6149,626,25,21,1/133.7,1/246.0,1/292.8,6.233827050948869
2023-06-04,アイムジャグラーEX-TP,159,3680,-253,13,9,1/167.3,1/283.1,1/408.9,5.974368336367326
2023-06-04,アイムジャグラーEX-TP,160,6922,3116,33,34,1/103.3,1/209.8,1/203.6,6.09379194461449
2023-06-04,アイムジャグラーEX-TP,161,4025,-302,14,10,1/167.7,1/287.5,1/402.5,5.958011193659788
2023-06-04,アイムジャグラーEX-TP,162,5447,899,25,11,1/151.3,1/217.9,1/495.2,5.935362324285708
2023-06-04,アイムジャグラーEX-TP,163,4888,756,21,16,1/132.1,1/232.8,1/305.5,6.193046665632888
2023-06-04,アイムジャグラーEX-TP,164,4313,601,16,18,1/126.9,1/269.6,1/239.6,5.978710467700394
2023-06-04,アイムジャグラーEX-TP,165,2739,-854,8,7,1/182.6,1/342.4,1/391.3,6.455493239396912
2023-06-04,アイムジャグラーEX-TP,166,5439,428,23,12,1/155.4,1/236.5,1/453.2,5.995219630776259
2023-06-04,アイムジャグラーEX-TP,167,3325,965,16,11,1/123.1,1/207.8,1/302.3,6.180420891309631
2023-06-04,アイムジャグラーEX-TP,168,7803,-178,29,24,1/147.2,1/269.1,1/325.1,6.256018752245838
2023-06-04,アイムジャグラーEX-TP,169,4309,-1592,11,9,1/215.4,1/391.7,1/478.8,6.067378797736993
2023-06-04,アイムジャグラーEX-TP,170,6244,43,18,33,1/122.4,1/346.9,1/189.2,6.1185093128091905
2023-06-04,アイムジャグラーEX-TP,171,5861,-158,21,19,1/146.5,1/279.1,1/308.5,6.190257048707657
2023-06-04,アイムジャグラーEX-TP,172,3960,-134,15,9,1/165.0,1/264.0,1/440.0,6.031818757859642
2023-06-04,アイムジャグラーEX-TP,173,4798,1428,23,11,1/141.1,1/208.6,1/436.2,5.701401829501182
2023-06-04,アイムジャグラーEX-TP,174,5851,463,22,21,1/136.1,1/266.0,1/278.6,6.056582893321879
2023-06-04,アイムジャグラーEX-TP,175,4679,59,16,19,1/133.7,1/292.4,1/246.3,6.177652790589941
2023-06-04,アイムジャグラーEX-TP,176,4572,16,18,10,1/163.3,1/254.0,1/457.2,5.995594732835931
2023-06-04,アイムジャグラーEX-TP,177,4867,-496,17,14,1/157.0,1/286.3,1/347.6,6.275360848398873
2023-06-04,アイムジャグラーEX-TP,178,5256,-738,16,14,1/175.2,1/328.5,1/375.4,5.8421503007873765
2023-06-04,マイジャグラーV,117,5414,-174,22,8,1/180.5,1/246.1,1/676.8,5.774325550923146
2023-06-04,マイジャグラーV,118,4350,-1139,13,11,1/181.2,1/334.6,1/395.5,6.093711298695079
2023-06-04,マイジャグラーV,119,4055,305,16,12,1/144.8,1/253.4,1/337.9,5.797723969772018
2023-06-04,マイジャグラーV,120,9500,1481,35,42,1/123.4,1/271.4,1/226.2,5.780881029088101
2023-06-04,ファンキージャグラー2,113,2962,-25,11,6,1/174.2,1/269.3,1/493.7,5.560144948586257
2023-06-04,ファンキージャグラー2,114,7336,2014,35,21,1/131.0,1/209.6,1/349.3,5.75906493384965
2023-06-04,ファンキージャグラー2,115,3205,574,14,8,1/145.7,1/228.9,1/400.6,5.614209028782346
2023-06-04,ファンキージャグラー2,116,4267,-1160,12,10,1/194.0,1/355.6,1/426.7,5.878966349720413
2023-06-04,ハッピージャグラーVIII,109,4467,-1146,14,11,1/178.7,1/319.1,1/406.1,6.46805418157368
2023-06-04,ハッピージャグラーVIII,110,3806,-1194,9,8,1/223.9,1/422.9,1/475.8,5.719951777169554
2023-06-04,ハッピージャグラーVIII,111,2888,-690,9,7,1/180.5,1/320.9,1/412.6,6.3369701427332314
2023-06-04,ハッピージャグラーVIII,112,6540,490,26,23,1/133.5,1/251.5,1/284.3,6.320472605124366
2023-06-03,アイムジャグラーEX-TP,121,4999,-1176,13,15,1/178.5,1/384.5,1/333.3,5.9089208700579245
2023-06-03,アイムジャグラーEX-TP,122,1998,-736,5,5,1/199.8,1/399.6,1/399.6,6.187953609054258
2023-06-03,アイムジャグラーEX-TP,123,3115,-462,9,10,1/163.9,1/346.1,1/311.5,5.933380235291383
2023-06-03,アイムジャグラーEX-TP,124,4041,-2239,7,11,1/224.5,1/577.3,1/367.4,6.2512555494395725
2023-06-03,アイムジャグラーEX-TP,125,4250,-250,14,15,1/146.6,1/303.6,1/283.3,6.127108671480652
2023-06-03,アイムジャグラーEX-TP,126,1957,-1192,4,4,1/244.6,1/489.2,1/489.2,6.606123920757839
2023-06-03,アイムジャグラーEX-TP,127,6711,1591,32,16,1/139.8,1/209.7,1/419.4,5.968944199701822
2023-06-03,アイムジャグラーEX-TP,128,3089,-821,7,11,1/171.6,1/441.3,1/280.8,5.908455548846937
2023-06-03,アイムジャグラーEX-TP,129,3767,1065,20,6,1/144.9,1/188.3,1/627.8,6.036035016886637
2023-06-03,アイムジャグラーEX-TP,130,6127,637,24,20,1/139.2,1/255.3,1/306.4,5.982655980544915
2023-06-03,アイムジャグラーEX-TP,131,2264,-1474,4,3,1/323.4,1/566.0,1/754.7,6.120228813296553
2023-06-03,アイムジャグラーEX-TP,132,5198,824,25,7,1/162.4,1/207.9,1/742.6,5.925159783252685
2023-06-03,アイムジャグラーEX-TP,145,4173,-491,15,6,1/198.7,1/278.2,1/695.5,5.836945943152623
2023-06-03,アイムジャグラーEX-TP,146,1762,-155,8,0,1/220.2,1/220.2,1/0.0,6.155727754450605
2023-06-03,アイムジャグラーEX-TP,147,3686,645,17,10,1/136.5,1/216.8,1/368.6,6.220260434507972
2023-06-03,アイムジャグラーEX-TP,148,2426,-773,6,7,1/186.6,1/404.3,1/346.6,6.090782434314011
2023-06-03,アイムジャグラーEX-TP,149,4350,544,20,10,1/145.0,1/217.5,1/435.0,6.25371538981852
2023-06-03,アイムジャグラーEX-TP,150,1702,-329,6,4,1/170.2,1/283.7,1/425.5,6.52826188901203
2023-06-03,アイムジャグラーEX-TP,151,1800,-845,2,8,1/180.0,1/900.0,1/225.0,5.898071494456632
2023-06-03,アイムジャグラーEX-TP,152,2173,-772,6,4,1/217.3,1/362.2,1/543.2,6.135083297378301
2023-06-03,アイムジャグラーEX-TP,153,4440,460,16,19,1/126.9,1/277.5,1/233.7,6.065583299755184
2023-06-03,アイムジャグラーEX-TP,154,1513,-327,4,6,1/151.3,1/378.2,1/252.2,6.2981042165162515
2023-06-03,アイムジャグラーEX-TP,155,2935,-57,12,7,1/154.5,1/244.6,1/419.3,6.377195583156512
2023-06-03,アイムジャグラーEX-TP,156,5516,976,25,18,1/128.3,1/220.6,1/306.4,6.370928312977145
2023-06-03,アイムジャグラーEX-TP,157,7248,-64,29,21,1/145.0,1/249.9,1/345.1,6.460783162086626
2023-06-03,アイムジャグラーEX-TP,158,4299,-566,13,12,1/172.0,1/330.7,1/358.2,5.835088825484574
2023-06-03,アイムジャグラーEX-TP,159,4682,1014,23,9,1/146.3,1/203.6,1/520.2,6.026133391873405
2023-06-03,アイムジャグラーEX-TP,160,2679,-519,8,6,1/191.4,1/334.9,1/446.5,5.835219923753998
2023-06-03,アイムジャグラーEX-TP,161,5513,557,23,17,1/137.8,1/239.7,1/324.3,6.213906815879181
2023-06-03,アイムジャグラーEX-TP,162,4078,542,18,12,1/135.9,1/226.6,1/339.8,6.289583465780116
2023-06-03,アイムジャグラーEX-TP,163,2374,238,11,4,1/158.3,1/215.8,1/593.5,6.1353940883281215
2023-06-03,アイムジャグラーEX-TP,164,3024,1927,20,5,1/121.0,1/151.2,1/604.8,5.941951496030711
2023-06-03,アイムジャグラーEX-TP,165,6797,3595,40,18,1/117.2,1/169.9,1/377.6,6.031396377495595
2023-06-03,アイムジャグラーEX-TP,166,2449,224,11,3,1/174.9,1/222.6,1/816.3,5.819943542032373
2023-06-03,アイムジャグラーEX-TP,167,3196,-566,12,5,1/188.0,1/266.3,1/639.2,6.355044273640809
2023-06-03,アイムジャグラーEX-TP,168,5403,-500,22,8,1/180.1,1/245.6,1/675.4,6.2907755016081355
2023-06-03,アイムジャグラーEX-TP,169,7808,1222,28,35,1/123.9,1/278.9,1/223.1,5.895960298379388
2023-06-03,アイムジャグラーEX-TP,170,5717,1744,25,22,1/121.6,1/228.7,1/259.9,5.847355505601254
2023-06-03,アイムジャグラーEX-TP,171,2418,-415,7,9,1/151.1,1/345.4,1/268.7,6.2754710677945
2023-06-03,アイムジャグラーEX-TP,172,7499,968,32,22,1/138.9,1/234.3,1/340.9,6.126401443945191
2023-06-03,アイムジャグラーEX-TP,173,3026,-1138,8,5,1/232.8,1/378.2,1/605.2,6.012249531244215
2023-06-03,アイムジャグラーEX-TP,174,6415,806,26,21,1/136.5,1/246.7,1/305.5,6.043034032643782
2023-06-03,アイムジャグラーEX-TP,175,4208,-583,16,10,1/161.8,1/263.0,1/420.8,6.621986929066465
2023-06-03,アイムジャグラーEX-TP,176,1911,-570,7,1,1/238.9,1/273.0,1/1911.0,6.349840526297111
2023-06-03,アイムジャグラーEX-TP,177,4598,347,17,16,1/139.3,1/270.5,1/287.4,5.955027729020646
2023-06-03,アイムジャグラーEX-TP,178,4632,381,19,11,1/154.4,1/243.8,1/421.1,5.909408612871198
2023-06-03,マイジャグラーV,117,4171,-1491,12,6,1/231.7,1/347.6,1/695.2,5.935950549219787
2023-06-03,マイジャグラーV,118,6415,-694,21,18,1/164.5,1/305.5,1/356.4,5.831420618090929
2023-06-03,マイジャグラーV,119,6836,2067,29,31,1/113.9,1/235.7,1/220.5,5.772001458857325
2023-06-03,マイジャグラーV,120,5654,-811,16,17,1/171.3,1/353.4,1/332.6,5.6193241201877315
2023-06-03,ファンキージャグラー2,113,5589,-1159,19,9,1/199.6,1/294.2,1/621.0,5.905767425959934
2023-06-03,ファンキージャグラー2,114,2190,-1772,3,3,1/365.0,1/730.0,1/730.0,6.342418945008114
2023-06-03,ファンキージャグラー2,115,3669,-307,15,5,1/183.4,1/244.6,1/733.8,5.983121652954361
2023-06-03,ファンキージャグラー2,116,4105,-1796,11,8,1/216.1,1/373.2,1/513.1,6.326866052211865
2023-06-03,ハッピージャグラーVIII,109,4505,251,16,20,1/125.1,1/281.6,1/225.2,6.350043691789247
2023-06-03,ハッピージャグラーVIII,110,3357,512,16,6,1/152.6,1/209.8,1/559.5,6.063716300805214
2023-06-03,ハッピージャグラーVIII,111,5464,-25,20,20,1/136.6,1/273.2,1/273.2,6.409986439781614
2023-06-03,ハッピージャグラーVIII,112,3401,1329,20,8,1/121.5,1/170.1,1/425.1,6.47054580580662
2023-06-02,アイムジャグラーEX-TP,121,3458,248,15,7,1/157.2,1/230.5,1/494.0,6.0727519903189995
2023-06-02,アイムジャグラーEX-TP,122,8472,600,30,34,1/132.4,1/282.4,1/249.2,6.027787245407099
2023-06-02,アイムジャグラーEX-TP,123,2355,563,11,6,1/138.5,1/214.1,1/392.5,5.920909471808362
2023-06-02,アイムジャグラーEX-TP,124,1192,-376,3,3,1/198.7,1/397.3,1/397.3,5.966498113094972
2023-06-02,アイムジャグラーEX-TP,125,6658,3314,39,17,1/118.9,1/170.7,1/391.6,6.101571349821542
2023-06-02,アイムジャグラーEX-TP,126,394,-304,1,0,1/394.0,1/394.0,1/0.0,7.148882370221021
2023-06-02,アイムジャグラーEX-TP,127,2849,7,11,6,1/167.6,1/259.0,1/474.8,5.881907119504559
2023-06-02,アイムジャグラーEX-TP,128,2346,-479,8,3,1/213.3,1/293.2,1/782.0,5.945470606933965
2023-06-02,アイムジャグラーEX-TP,129,5009,3019,29,20,1/102.2,1/172.7,1/250.4,6.172420307541305
2023-06-02,アイムジャグラーEX-TP,130,6521,348,24,20,1/148.2,1/271.7,1/326.1,5.861457964726337
2023-06-02,アイムジャグラーEX-TP,131,1417,-18,3,8,1/128.8,1/472.3,1/177.1,5.532780396293107
2023-06-02,アイムジャグラーEX-TP,132,3534,-2062,8,3,1/321.3,1/441.8,1/1178.0,6.176522604141476
2023-06-02,アイムジャグラーEX-TP,145,2946,766,13,13,1/113.3,1/226.6,1/226.6,6.35267927590842
2023-06-02,アイムジャグラーEX-TP,146,5611,-132,19,16,1/160.3,1/295.3,1/350.7,5.787031724990597
2023-06-02,アイムジャグラーEX-TP,147,818,-489,1,3,1/204.5,1/818.0,1/272.7,6.279231434354551
2023-06-02,アイムジャグラーEX-TP,148,4420,10,15,19,1/130.0,1/294.7,1/232.6,6.306768946668278
2023-06-02,アイムジャグラーEX-TP,149,591,-304,1,2,1/197.0,1/591.0,1/295.5,6.316741963442203
2023-06-02,アイムジャグラーEX-TP,150,6790,-88,24,23,1/144.5,1/282.9,1/295.2,6.131934024182849
2023-06-02,アイムジャグラーEX-TP,151,876,383,5,2,1/125.1,1/175.2,1/438.0,6.088310104044077
2023-06-02,アイムジャグラーEX-TP,152,3128,-996,8,9,1/184.0,1/391.0,1/347.6,6.185890722878483
2023-06-02,アイムジャグラーEX-TP,153,1757,192,7,5,1/146.4,1/251.0,1/351.4,5.8584773267257795
2023-06-02,アイムジャグラーEX-TP,154,837,-294,3,1,1/209.2,1/279.0,1/837.0,6.8803674264170605
2023-06-02,アイムジャグラーEX-TP,155,5933,1279,26,21,1/126.2,1/228.2,1/282.5,6.126938622811459
2023-06-02,アイムジャグラーEX-TP,156,4495,-1160,13,12,1/179.8,1/345.8,1/374.6,6.204762262014755
2023-06-02,アイムジャグラーEX-TP,157,5391,744,21,20,1/131.5,1/256.7,1/269.6,5.99589336358707
2023-06-02,アイムジャグラーEX-TP,158,1372,149,6,3,1/152.4,1/228.7,1/457.3,6.015548438910373
2023-06-02,アイムジャグラーEX-TP,159,4799,226,18,16,1/141.1,1/266.6,1/299.9,6.081508228233744
2023-06-02,アイムジャグラーEX-TP,160,1061,-666,2,2,1/265.2,1/530.5,1/530.5,6.413067813386858
2023-06-02,アイムジャグラーEX-TP,161,5008,41,17,21,1/131.8,1/294.6,1/238.5,6.229507960174239
2023-06-02,アイムジャグラーEX-TP,162,3196,-1141,7,10,1/188.0,1/456.6,1/319.6,6.046930805156215
2023-06-02,アイムジャグラーEX-TP,163,1469,240,7,3,1/146.9,1/209.9,1/489.7,6.15416170891477
2023-06-02,アイムジャグラーEX-TP,164,1154,-1015,1,3,1/288.5,1/1154.0,1/384.7,6.759996007267524
2023-06-02,アイムジャグラーEX-TP,165,353,-449,0,1,1/353.0,1/0.0,1/353.0,8.109187801668105
2023-06-02,アイムジャグラーEX-TP,166,8270,1447,30,42,1/114.9,1/275.7,1/196.9,6.115616355775944
2023-06-02,アイムジャグラーEX-TP,167,5569,1210,25,16,1/135.8,1/222.8,1/348.1,5.952199572880248
2023-06-02,アイムジャグラーEX-TP,168,3994,434,17,13,1/133.1,1/234.9,1/307.2,6.3616325956165
2023-06-02,アイムジャグラーEX-TP,169,4496,276,18,13,1/145.0,1/249.8,1/345.8,6.114327396311459
2023-06-02,アイムジャグラーEX-TP,170,4524,1477,22,18,1/113.1,1/205.6,1/251.3,6.379558698116519
2023-06-02,アイムジャグラーEX-TP,171,921,-603,1,3,1/230.2,1/921.0,1/307.0,6.198979571232535
2023-06-02,アイムジャグラーEX-TP,172,5214,-1382,17,10,1/193.1,1/306.7,1/521.4,6.342187585925603
2023-06-02,アイムジャグラーEX-TP,173,906,-984,1,1,1/453.0,1/906.0,1/906.0,7.548758229271284
2023-06-02,アイムジャグラーEX-TP,174,1797,-853,4,5,1/199.7,1/449.2,1/359.4,6.507506646112554
2023-06-02,アイムジャグラーEX-TP,175,2931,-32,10,10,1/146.6,1/293.1,1/293.1,5.991558586935777
2023-06-02,アイムジャグラーEX-TP,176,4164,788,18,11,1/143.6,1/231.3,1/378.5,5.797752747036933
2023-06-02,アイムジャグラーEX-TP,177,4042,516,16,18,1/118.9,1/252.6,1/224.6,6.465946330597852
2023-06-02,アイムジャグラーEX-TP,178,3904,1083,18,11,1/134.6,1/216.9,1/354.9,5.801633674060922
2023-06-02,マイジャグラーV,117,6223,74,23,19,1/148.2,1/270.6,1/327.5,5.850754389165512
2023-06-02,マイジャグラーV,118,2249,-366,8,4,1/187.4,1/281.1,1/562.2,5.937636396380488
2023-06-02,マイジャグラーV,119,5379,-777,14,24,1/141.6,1/384.2,1/224.1,5.9773134867023465
2023-06-02,マイジャグラーV,120,7552,-737,20,34,1/139.9,1/377.6,1/222.1,5.837259403000169
2023-06-02,ファンキージャグラー2,113,4086,417,18,8,1/157.2,1/227.0,1/510.8,5.754151348755966
2023-06-02,ファンキージャグラー2,114,5897,2098,32,14,1/128.2,1/184.3,1/421.2,5.882115380555945
2023-06-02,ファンキージャグラー2,115,3153,-158,10,13,1/137.1,1/315.3,1/242.5,6.028333309951953
2023-06-02,ファンキージャグラー2,116,1216,-135,3,3,1/202.7,1/405.3,1/405.3,5.023757497937409
2023-06-02,ハッピージャグラーVIII,109,7525,-925,24,27,1/147.5,1/313.5,1/278.7,6.402513358732451
2023-06-02,ハッピージャグラーVIII,110,4810,-778,19,5,1/200.4,1/253.2,1/962.0,6.28815400355882
2023-06-02,ハッピージャグラーVIII,111,552,-250,2,0,1/276.0,1/276.0,1/0.0,6.902959643947342
2023-06-02,ハッピージャグラーVIII,112,4464,346,18,14,1/139.5,1/248.0,1/318.9,6.196063778371905
2023-06-01,アイムジャグラーEX-TP,121,7587,795,32,23,1/137.9,1/237.1,1/329.9,6.227393533424322
2023-06-01,アイムジャグラーEX-TP,122,1924,-567,6,4,1/192.4,1/320.7,1/481.0,6.3894058603072645
2023-06-01,アイムジャグラーEX-TP,123,6296,611,24,25,1/128.5,1/262.3,1/251.8,6.204443570058509
2023-06-01,アイムジャグラーEX-TP,124,4300,923,19,13,1/134.4,1/226.3,1/330.8,5.948700070692691
2023-06-01,アイムジャグラーEX-TP,125,7722,3592,40,26,1/117.0,1/193.1,1/297.0,5.833875609774855
2023-06-01,アイムジャグラーEX-TP,126,3569,231,13,11,1/148.7,1/274.5,1/324.5,5.77908549445331
2023-06-01,アイムジャグラーEX-TP,127,4377,-609,15,10,1/175.1,1/291.8,1/437.7,6.104382599438572
2023-06-01,アイムジャグラーEX-TP,128,6390,1495,26,26,1/122.9,1/245.8,1/245.8,5.915321478745204
2023-06-01,アイムジャグラーEX-TP,129,3542,-195,13,6,1/186.4,1/272.5,1/590.3,5.756355072067956
2023-06-01,アイムジャグラーEX-TP,130,4293,-2432,7,10,1/252.5,1/613.3,1/429.3,6.013839226697322
2023-06-01,アイムジャグラーEX-TP,131,1216,-232,5,1,1/202.7,1/243.2,1/1216.0,6.52475538337928
2023-06-01,アイムジャグラーEX-TP,132,6888,326,25,21,1/149.7,1/275.5,1/328.0,5.82521306131167
2023-06-01,アイムジャグラーEX-TP,145,969,-512,2,1,1/323.0,1/484.5,1/969.0,5.784245494123499
2023-06-01,アイムジャグラーEX-TP,146,5070,785,21,20,1/123.7,1/241.4,1/253.5,6.315462588015532
2023-06-01,アイムジャグラーEX-TP,147,4914,423,21,11,1/153.6,1/234.0,1/446.7,6.026522881728717
2023-06-01,アイムジャグラーEX-TP,148,527,-67,2,1,1/175.7,1/263.5,1/527.0,6.314452799944595
2023-06-01,アイムジャグラーEX-TP,149,4984,-103,16,20,1/138.4,1/311.5,1/249.2,6.0658921408432
2023-06-01,アイムジャグラーEX-TP,150,1273,-514,3,4,1/181.9,1/424.3,1/318.2,6.487445010240022
2023-06-01,アイムジャグラーEX-TP,151,1896,-137,8,3,1/172.4,1/237.0,1/632.0,6.424546865290433
2023-06-01,アイムジャグラーEX-TP,152,3338,21,10,15,1/133.5,1/333.8,1/222.5,5.9089030192352485
2023-06-01,アイムジャグラーEX-TP,153,3112,303,12,11,1/135.3,1/259.3,1/282.9,6.05980674863464
2023-06-01,アイムジャグラーEX-TP,154,4276,1782,23,16,1/109.6,1/185.9,1/267.2,6.46611732594474
2023-06-01,アイムジャグラーEX-TP,155,763,-401,2,0,1/381.5,1/381.5,1/0.0,5.9515907127728
2023-06-01,アイムジャグラーEX-TP,156,3566,-1455,8,8,1/222.9,1/445.8,1/445.8,5.956998290278012
2023-06-01,アイムジャグラーEX-TP,157,5994,-1790,16,16,1/187.3,1/374.6,1/374.6,6.131381198668862
2023-06-01,アイムジャグラーEX-TP,158,2287,-760,5,7,1/190.6,1/457.4,1/326.7,5.903329736096639
2023-06-01,アイムジャグラーEX-TP,159,2218,266,9,6,1/147.9,1/246.4,1/369.7,5.834800385770274
2023-06-01,アイムジャグラーEX-TP,160,4037,1128,20,12,1/126.2,1/201.8,1/336.4,6.250643721854685
2023-06-01,アイムジャグラーEX-TP,161,1725,61,6,7,1/132.7,1/287.5,1/246.4,6.13851150881944
2023-06-01,アイムジャグラーEX-TP,162,2884,327,12,11,1/125.4,1/240.3,1/262.2,6.488326041353269
2023-06-01,アイムジャグラーEX-TP,163,5049,-406,18,14,1/157.8,1/280.5,1/360.6,6.210821329640775
2023-06-01,アイムジャグラーEX-TP,164,3316,1019,16,10,1/127.5,1/207.2,1/331.6,5.987708873260896
2023-06-01,アイムジャグラーEX-TP,165,2308,-789,6,6,1/192.3,1/384.7,1/384.7,6.222360640689622
2023-06-01,アイムジャグラーEX-TP,166,4056,-848,11,13,1/169.0,1/368.7,1/312.0,6.003479176038469
2023-06-01,アイムジャグラーEX-TP,167,3616,685,14,12,1/139.1,1/258.3,1/301.3,5.5987093488567865
2023-06-01,アイムジャグラーEX-TP,168,7281,156,25,28,1/137.4,1/291.2,1/260.0,6.0571221811389995
2023-06-01,アイムジャグラーEX-TP,169,4411,-663,13,13,1/169.7,1/339.3,1/339.3,5.896152802402263
2023-06-01,アイムジャグラーEX-TP,170,952,-430,2,2,1/238.0,1/476.0,1/476.0,5.931646004351037
2023-06-01,アイムジャグラーEX-TP,171,7553,1621,35,23,1/130.2,1/215.8,1/328.4,6.208220986561852
2023-06-01,アイムジャグラーEX-TP,172,2332,-300,6,11,1/137.2,1/388.7,1/212.0,6.135243228587035
2023-06-01,アイムジャグラーEX-TP,173,5354,398,24,13,1/144.7,1/223.1,1/411.8,6.4250808274328035
2023-06-01,アイムジャグラーEX-TP,174,2918,-16,12,4,1/182.4,1/243.2,1/729.5,5.886568923531734
2023-06-01,アイムジャグラーEX-TP,175,2406,298,9,9,1/133.7,1/267.3,1/267.3,5.899520716659849
2023-06-01,アイムジャグラーEX-TP,176,2768,-293,11,4,1/184.5,1/251.6,1/692.0,6.219107096641531
2023-06-01,アイムジャグラーEX-TP,177,6319,-896,18,26,1/143.6,1/351.1,1/243.0,6.255309935511011
2023-06-01,アイムジャグラーEX-TP,178,4810,-1311,14,11,1/192.4,1/343.6,1/437.3,6.122543925911363
2023-06-01,マイジャグラーV,117,4702,-630,14,14,1/167.9,1/335.9,1/335.9,5.711897750907765
2023-06-01,マイジャグラーV,118,5909,-773,20,14,1/173.8,1/295.4,1/422.1,5.863992559695979
2023-06-01,マイジャグラーV,119,2950,523,13,9,1/134.1,1/226.9,1/327.8,5.869823968704884
2023-06-01,マイジャグラーV,120,7207,-214,22,29,1/141.3,1/327.6,1/248.5,5.7668804146915935
2023-06-01,ファンキージャグラー2,113,2568,-648,8,6,1/183.4,1/321.0,1/428.0,6.113918879152965
2023-06-01,ファンキージャグラー2,114,3421,-1039,11,5,1/213.8,1/311.0,1/684.2,6.076804655887503
2023-06-01,ファンキージャグラー2,115,4951,771,23,15,1/130.3,1/215.3,1/330.1,6.228560525849777
2023-06-01,ファンキージャグラー2,116,2127,10,8,5,1/163.6,1/265.9,1/425.4,5.675225609062004
2023-06-01,ハッピージャグラーVIII,109,3145,-1004,10,7,1/185.0,1/314.5,1/449.3,6.745953064951114
2023-06-01,ハッピージャグラーVIII,110,4343,520,19,11,1/144.8,1/228.6,1/394.8,6.111582932521626
2023-06-01,ハッピージャグラーVIII,111,5191,513,21,14,1/148.3,1/247.2,1/370.8,5.920107656775685
2023-06-01,ハッピージャグラーVIII,112,2407,754,12,7,1/126.7,1/200.6,1/343.9,6.059572177714765
2023-05-31,アイムジャグラーEX-TP,121,1856,-627,6,2,1/232.0,1/309.3,1/928.0,6.2714304849099785
2023-05-31,アイムジャグラーEX-TP,122,3045,234,13,8,1/145.0,1/234.2,1/380.6,6.238979979021045
2023-05-31,アイムジャグラーEX-TP,123,4692,373,19,15,1/138.0,1/246.9,1/312.8,6.221390982626805
2023-05-31,アイムジャグラーEX-TP,124,1240,-156,5,3,1/155.0,1/248.0,1/413.3,6.902709647538738
2023-05-31,アイムジャグラーEX-TP,125,4375,-121,15,16,1/141.1,1/291.7,1/273.4,6.197267890184413
2023-05-31,アイムジャグラーEX-TP,126,4899,-162,16,21,1/132.4,1/306.2,1/233.3,6.317225208537097
2023-05-31,アイムジャグラーEX-TP,127,5629,-902,17,19,1/156.4,1/331.1,1/296.3,6.21224151270299
2023-05-31,アイムジャグラーEX-TP,128,302,-435,0,0,1/0.0,1/0.0,1/0.0,7.353463968513538
2023-05-31,アイムジャグラーEX-TP,129,1234,-227,4,2,1/205.7,1/308.5,1/617.0,5.8157931870009385
2023-05-31,アイムジャグラーEX-TP,130,1459,721,9,5,1/104.2,1/162.1,1/291.8,6.9795301240634195
2023-05-31,アイムジャグラーEX-TP,131,7490,3619,38,29,1/111.8,1/197.1,1/258.3,5.847926506007964
2023-05-31,アイムジャグラーEX-TP,132,1826,100,8,6,1/130.4,1/228.2,1/304.3,6.8414742005610005
2023-05-31,アイムジャグラーEX-TP,145,2788,1550,18,4,1/126.7,1/154.9,1/697.0,6.035520118306586
2023-05-31,アイムジャグラーEX-TP,146,1200,1149,8,7,1/80.0,1/150.0,1/171.4,6.3735116854353295
2023-05-31,アイムジャグラーEX-TP,147,1476,-543,3,6,1/164.0,1/492.0,1/246.0,6.336292545081368
2023-05-31,アイムジャグラーEX-TP,148,5585,1925,24,24,1/116.4,1/232.7,1/232.7,5.780326480291415
2023-05-31,アイムジャグラーEX-TP,149,370,377,3,1,1/92.5,1/123.3,1/370.0,6.386489640078156
2023-05-31,アイムジャグラーEX-TP,150,1435,-466,3,5,1/179.4,1/478.3,1/287.0,5.941600895007978
2023-05-31,アイムジャグラーEX-TP,151,1315,488,6,5,1/119.5,1/219.2,1/263.0,5.7518058592749615
2023-05-31,アイムジャグラーEX-TP,152,6200,3966,34,27,1/101.6,1/182.4,1/229.6,5.8165893349551
2023-05-31,アイムジャグラーEX-TP,153,105,-176,0,0,1/0.0,1/0.0,1/0.0,9.388244130112119
2023-05-31,アイムジャグラーEX-TP,154,4587,-290,15,17,1/143.3,1/305.8,1/269.8,6.199272932187711
2023-05-31,アイムジャグラーEX-TP,155,851,31,4,0,1/212.8,1/212.8,1/0.0,5.781248429008579
2023-05-31,アイムジャグラーEX-TP,156,2217,-1079,6,4,1/221.7,1/369.5,1/554.2,6.723822086151176
2023-05-31,アイムジャグラーEX-TP,157,3242,-1901,6,6,1/270.2,1/540.3,1/540.3,6.150615949469181
2023-05-31,アイムジャグラーEX-TP,158,2160,-201,7,6,1/166.2,1/308.6,1/360.0,5.89776953728312
2023-05-31,アイムジャグラーEX-TP,159,3522,1062,18,9,1/130.4,1/195.7,1/391.3,6.142586167952851
2023-05-31,アイムジャグラーEX-TP,160,5079,1946,23,27,1/101.6,1/220.8,1/188.1,6.312416833380011
2023-05-31,アイムジャグラーEX-TP,161,1289,29,5,3,1/161.1,1/257.8,1/429.7,5.906055865332029
2023-05-31,アイムジャグラーEX-TP,162,3304,-185,13,7,1/165.2,1/254.2,1/472.0,6.240483451612907
2023-05-31,アイムジャグラーEX-TP,163,1512,-441,4,4,1/189.0,1/378.0,1/378.0,6.060667279467469
2023-05-31,アイムジャグラーEX-TP,164,1241,-456,4,2,1/206.8,1/310.2,1/620.5,6.6803704876412064
2023-05-31,アイムジャグラーEX-TP,165,5912,157,18,26,1/134.4,1/328.4,1/227.4,5.835102222068515
2023-05-31,アイムジャグラーEX-TP,166,1086,-266,5,0,1/217.2,1/217.2,1/0.0,7.100907889651369
2023-05-31,アイムジャグラーEX-TP,167,457,-620,0,0,1/0.0,1/0.0,1/0.0,6.828000719554735
2023-05-31,アイムジャグラーEX-TP,168,5997,2024,30,20,1/119.9,1/199.9,1/299.9,6.195379905716587
2023-05-31,アイムジャグラーEX-TP,169,3312,-2262,5,7,1/276.0,1/662.4,1/473.1,6.325445548570826
2023-05-31,アイムジャグラーEX-TP,170,1348,-650,3,4,1/192.6,1/449.3,1/337.0,6.642744573116683
2023-05-31,アイムジャグラーEX-TP,171,793,-86,3,1,1/198.2,1/264.3,1/793.0,5.929206027722066
2023-05-31,アイムジャグラーEX-TP,172,3791,-361,14,8,1/172.3,1/270.8,1/473.9,6.133856177560104
2023-05-31,アイムジャグラーEX-TP,173,1392,-127,5,3,1/174.0,1/278.4,1/464.0,6.0180885063675005
2023-05-31,アイムジャグラーEX-TP,174,960,57,4,3,1/137.1,1/240.0,1/320.0,6.435194076403852
2023-05-31,アイムジャグラーEX-TP,175,5769,1527,28,17,1/128.2,1/206.0,1/339.4,6.187733119949319
2023-05-31,アイムジャグラーEX-TP,176,870,-502,2,1,1/290.0,1/435.0,1/870.0,6.327914722984622
2023-05-31,アイムジャグラーEX-TP,177,2635,-414,8,8,1/164.7,1/329.4,1/329.4,6.064226952600529
2023-05-31,アイムジャグラーEX-TP,178,5058,-385,18,14,1/158.1,1/281.0,1/361.3,6.180311731111424
2023-05-31,マイジャグラーV,117,3103,-1361,8,6,1/221.6,1/387.9,1/517.2,6.197115520826356
2023-05-31,マイジャグラーV,118,3569,-1645,10,3,1/274.5,1/356.9,1/1189.7,6.064298423190868
2023-05-31,マイジャグラーV,119,3351,-1116,8,12,1/167.6,1/418.9,1/279.2,6.224566375467808
2023-05-31,マイジャグラーV,120,5160,-236,20,12,1/161.2,1/258.0,1/430.0,5.9882195706040395
2023-05-31,ファンキージャグラー2,113,1536,-1468,1,2,1/512.0,1/1536.0,1/768.0,6.1862732798303925
2023-05-31,ファンキージャグラー2,114,3142,-739,9,9,1/174.6,1/349.1,1/349.1,5.990930566268306
2023-05-31,ファンキージャグラー2,115,1373,-691,3,1,1/343.2,1/457.7,1/1373.0,5.581569964933776
2023-05-31,ファンキージャグラー2,116,3580,-52,16,5,1/170.5,1/223.8,1/716.0,6.0981633967110795
2023-05-31,ハッピージャグラーVIII,109,2927,-330,10,8,1/162.6,1/292.7,1/365.9,6.215694197826253
2023-05-31,ハッピージャグラーVIII,110,1719,-190,7,3,1/171.9,1/245.6,1/573.0,6.5217524297819685
2023-05-31,ハッピージャグラーVIII,111,1903,-1130,4,2,1/317.2,1/475.8,1/951.5,6.239827848953376
2023-05-31,ハッピージャグラーVIII,112,4951,496,21,13,1/145.6,1/235.8,1/380.8,6.095258918698174
2023-05-30,アイムジャグラーEX-TP,121,4401,-88,19,7,1/169.3,1/231.6,1/628.7,6.288674239158295
2023-05-30,アイムジャグラーEX-TP,122,3265,969,16,10,1/125.6,1/204.1,1/326.5,6.143764850175874
2023-05-30,アイムジャグラーEX-TP,123,1939,-447,3,10,1/149.2,1/646.3,1/193.9,5.642445694952158
2023-05-30,アイムジャグラーEX-TP,124,3987,-511,14,12,1/153.3,1/284.8,1/332.2,6.497570345447476
2023-05-30,アイムジャグラーEX-TP,125,2536,68,11,5,1/158.5,1/230.5,1/507.2,6.262077215955536
2023-05-30,アイムジャグラーEX-TP,126,5020,483,19,20,1/128.7,1/264.2,1/251.0,6.1818697459109915
2023-05-30,アイムジャグラーEX-TP,127,1190,-344,3,4,1/170.0,1/396.7,1/297.5,6.222422315802573
2023-05-30,アイムジャグラーEX-TP,128,5224,2698,30,16,1/113.6,1/174.1,1/326.5,6.105974707940032
2023-05-30,アイムジャグラーEX-TP,129,292,-377,0,0,1/0.0,1/0.0,1/0.0,6.466088025602165
2023-05-30,アイムジャグラーEX-TP,130,2858,-709,9,7,1/178.6,1/317.6,1/408.3,6.370685821938395
2023-05-30,アイムジャグラーEX-TP,131,1565,-269,5,4,1/173.9,1/313.0,1/391.2,6.105617031121286
2023-05-30,アイムジャグラーEX-TP,132,4269,992,22,8,1/142.3,1/194.0,1/533.6,6.214089035654025
2023-05-30,アイムジャグラーEX-TP,145,2167,866,12,3,1/144.5,1/180.6,1/722.3,5.6949145201740174
2023-05-30,アイムジャグラーEX-TP,146,4605,1237,18,21,1/118.1,1/255.8,1/219.3,5.795037271024455
2023-05-30,アイムジャグラーEX-TP,147,569,-517,0,2,1/284.5,1/0.0,1/284.5,6.226114534683834
2023-05-30,アイムジャグラーEX-TP,148,738,54,4,0,1/184.5,1/184.5,1/0.0,6.453163151703898
2023-05-30,アイムジャグラーEX-TP,149,1034,-753,1,2,1/344.7,1/1034.0,1/517.0,5.827269037966912
2023-05-30,アイムジャグラーEX-TP,150,2901,-441,11,6,1/170.6,1/263.7,1/483.5,6.522020790475664
2023-05-30,アイムジャグラーEX-TP,151,1464,-822,3,3,1/244.0,1/488.0,1/488.0,6.365354108040409
2023-05-30,アイムジャグラーEX-TP,152,257,-336,0,0,1/0.0,1/0.0,1/0.0,6.552398279753243
2023-05-30,アイムジャグラーEX-TP,153,5091,1794,23,24,1/108.3,1/221.3,1/212.1,6.170042368230237
2023-05-30,アイムジャグラーEX-TP,154,2361,237,10,8,1/131.2,1/236.1,1/295.1,6.442318979431894
2023-05-30,アイムジャグラーEX-TP,155,1158,776,7,3,1/115.8,1/165.4,1/386.0,5.58309550535741
2023-05-30,アイムジャグラーEX-TP,156,2493,-822,6,5,1/226.6,1/415.5,1/498.6,5.702600529950697
2023-05-30,アイムジャグラーEX-TP,157,2963,-1278,7,5,1/246.9,1/423.3,1/592.6,5.958155929223784
2023-05-30,アイムジャグラーEX-TP,158,1435,-132,4,6,1/143.5,1/358.8,1/239.2,5.980290462916156
2023-05-30,アイムジャグラーEX-TP,159,4774,-1870,12,15,1/176.8,1/397.8,1/318.3,6.634644984858097
2023-05-30,アイムジャグラーEX-TP,160,162,-220,0,0,1/0.0,1/0.0,1/0.0,6.835881457376169
2023-05-30,アイムジャグラーEX-TP,161,2220,-921,5,6,1/201.8,1/444.0,1/370.0,6.200856639965275
2023-05-30,アイムジャグラーEX-TP,162,239,-257,0,0,1/0.0,1/0.0,1/0.0,5.50582650057961
2023-05-30,アイムジャグラーEX-TP,163,4267,1784,23,12,1/121.9,1/185.5,1/355.6,6.041137527366516
2023-05-30,アイムジャグラーEX-TP,164,1465,112,5,6,1/133.2,1/293.0,1/244.2,5.894664162071478
2023-05-30,アイムジャグラーEX-TP,165,3682,-317,11,15,1/141.6,1/334.7,1/245.5,6.136955308131325
2023-05-30,アイムジャグラーEX-TP,166,977,-868,1,1,1/488.5,1/977.0,1/977.0,6.224572113228854
2023-05-30,アイムジャグラーEX-TP,167,5036,1378,25,14,1/129.1,1/201.4,1/359.7,6.202095019913515
2023-05-30,アイムジャグラーEX-TP,168,1639,-955,3,5,1/204.9,1/546.3,1/327.8,6.693496192344045
2023-05-30,アイムジャグラーEX-TP,169,1468,-285,6,1,1/209.7,1/244.7,1/1468.0,6.439218666610637
2023-05-30,アイムジャグラーEX-TP,170,6538,2797,33,29,1/105.5,1/198.1,1/225.4,6.321751712727689
2023-05-30,アイムジャグラーEX-TP,171,1720,-551,3,7,1/172.0,1/573.3,1/245.7,5.7882970729052845
2023-05-30,アイムジャグラーEX-TP,172,4599,-976,13,14,1/170.3,1/353.8,1/328.5,6.07931897245471
2023-05-30,アイムジャグラーEX-TP,173,3313,657,16,7,1/144.0,1/207.1,1/473.3,6.097675784277888
2023-05-30,アイムジャグラーEX-TP,174,2317,-604,6,6,1/193.1,1/386.2,1/386.2,5.837894298486169
2023-05-30,アイムジャグラーEX-TP,175,2255,-162,5,12,1/132.6,1/451.0,1/187.9,5.745018743919802
2023-05-30,アイムジャグラーEX-TP,176,3762,-1180,10,10,1/188.1,1/376.2,1/376.2,6.184270752831235
2023-05-30,アイムジャグラーEX-TP,177,2153,-262,6,7,1/165.6,1/358.8,1/307.6,5.727543394388023
2023-05-30,アイムジャグラーEX-TP,178,5410,695,24,15,1/138.7,1/225.4,1/360.7,6.259345269013875
2023-05-30,マイジャグラーV,117,2475,-766,6,5,1/225.0,1/412.5,1/495.0,5.522532315355841
2023-05-30,マイジャグラーV,118,4514,-301,17,11,1/161.2,1/265.5,1/410.4,6.011840802579948
2023-05-30,マイジャグラーV,119,2300,-414,7,7,1/164.3,1/328.6,1/328.6,6.0038130738902975
2023-05-30,マイジャグラーV,120,4107,-580,13,12,1/164.3,1/315.9,1/342.2,5.909738659884487
2023-05-30,ファンキージャグラー2,113,3602,86,15,8,1/156.6,1/240.1,1/450.2,5.949260258953858
2023-05-30,ファンキージャグラー2,114,1061,-321,3,3,1/176.8,1/353.7,1/353.7,6.248294472519319
2023-05-30,ファンキージャグラー2,115,1724,108,8,2,1/172.4,1/215.5,1/862.0,5.836700693209774
2023-05-30,ファンキージャグラー2,116,1383,363,7,3,1/138.3,1/197.6,1/461.0,5.824101705744841
2023-05-30,ハッピージャグラーVIII,109,2633,-1003,7,5,1/219.4,1/376.1,1/526.6,6.24816480181313
2023-05-30,ハッピージャグラーVIII,110,5285,1332,26,14,1/132.1,1/203.3,1/377.5,6.155740675883728
2023-05-30,ハッピージャグラーVIII,111,1963,139,6,8,1/140.2,1/327.2,1/245.4,5.600512890576841
2023-05-30,ハッピージャグラーVIII,112,2739,-451,9,5,1/195.6,1/304.3,1/547.8,5.911391128224553
2023-05-29,アイムジャグラーEX-TP,121,1546,-691,3,4,1/220.9,1/515.3,1/386.5,5.937496747530687
2023-05-29,アイムジャグラーEX-TP,122,4128,-297,14,16,1/137.6,1/294.9,1/258.0,6.477319918502512
2023-05-29,アイムジャグラーEX-TP,123,2452,468,11,8,1/129.1,1/222.9,1/306.5,6.243771983864077
2023-05-29,アイムジャグラーEX-TP,124,4958,1781,23,22,1/110.2,1/215.6,1/225.4,6.1569406149666035
2023-05-29,アイムジャグラーEX-TP,125,623,-576,1,0,1/623.0,1/623.0,1/0.0,6.664051677100061
2023-05-29,アイムジャグラーEX-TP,126,4176,3,16,14,1/139.2,1/261.0,1/298.3,6.415036846367886
2023-05-29,アイムジャグラーEX-TP,127,1843,-444,5,6,1/167.5,1/368.6,1/307.2,6.174349767768399
2023-05-29,アイムジャグラーEX-TP,128,1894,475,9,2,1/172.2,1/210.4,1/947.0,5.388550173021112
2023-05-29,アイムジャグラーEX-TP,129,5334,412,23,14,1/144.2,1/231.9,1/381.0,6.288417601292655
2023-05-29,アイムジャグラーEX-TP,130,5688,784,23,16,1/145.8,1/247.3,1/355.5,5.787594253053218
2023-05-29,アイムジャグラーEX-TP,131,2103,-803,5,2,1/300.4,1/420.6,1/1051.5,5.484941748379823
2023-05-29,アイムジャグラーEX-TP,132,1314,-855,3,1,1/328.5,1/438.0,1/1314.0,6.49605668595511
2023-05-29,アイムジャグラーEX-TP,145,661,-375,1,2,1/220.3,1/661.0,1/330.5,6.188635025857914
2023-05-29,アイムジャグラーEX-TP,146,3474,-25,10,17,1/128.7,1/347.4,1/204.4,6.006959254228228
2023-05-29,アイムジャグラーEX-TP,147,2297,157,9,8,1/135.1,1/255.2,1/287.1,6.247575392690847
2023-05-29,アイムジャグラーEX-TP,148,955,-766,1,1,1/477.5,1/955.0,1/955.0,5.867690040963235
2023-05-29,アイムジャグラーEX-TP,149,814,-388,2,2,1/203.5,1/407.0,1/407.0,6.664943934229614
2023-05-29,アイムジャグラーEX-TP,150,496,-369,1,0,1/496.0,1/496.0,1/0.0,6.260682447204839
2023-05-29,アイムジャグラーEX-TP,151,2229,164,8,10,1/123.8,1/278.6,1/222.9,6.285235313965409
2023-05-29,アイムジャグラーEX-TP,152,5731,3772,34,23,1/100.5,1/168.6,1/249.2,6.089882953214725
2023-05-29,アイムジャグラーEX-TP,153,356,-365,0,1,1/356.0,1/0.0,1/356.0,6.475200799432656
2023-05-29,アイムジャグラーEX-TP,154,1366,-411,3,4,1/195.1,1/455.3,1/341.5,5.72765807675892
2023-05-29,アイムジャグラーEX-TP,155,603,-505,1,1,1/301.5,1/603.0,1/603.0,7.167085321119893
2023-05-29,アイムジャグラーEX-TP,156,7021,1973,36,20,1/125.4,1/195.0,1/351.1,6.401397005287712
2023-05-29,アイムジャグラーEX-TP,157,1942,-1461,3,2,1/388.4,1/647.3,1/971.0,6.202621370879612
2023-05-29,アイムジャグラーEX-TP,158,712,-769,0,2,1/356.0,1/0.0,1/356.0,6.775597722866253
2023-05-29,アイムジャグラーEX-TP,159,6409,35,23,20,1/149.0,1/278.7,1/320.4,5.993043188689473
2023-05-29,アイムジャグラーEX-TP,160,3884,133,15,12,1/143.9,1/258.9,1/323.7,6.163556966508637
2023-05-29,アイムジャグラーEX-TP,161,3041,441,12,11,1/132.2,1/253.4,1/276.5,5.981994334750396
2023-05-29,アイムジャグラーEX-TP,162,3146,1057,18,5,1/136.8,1/174.8,1/629.2,6.272641499257819
2023-05-29,アイムジャグラーEX-TP,163,1387,-388,4,4,1/173.4,1/346.8,1/346.8,6.403583273452673
2023-05-29,アイムジャグラーEX-TP,164,3717,791,15,15,1/123.9,1/247.8,1/247.8,5.9576074158861
2023-05-29,アイムジャグラーEX-TP,165,5436,128,17,23,1/135.9,1/319.8,1/236.3,5.868867476135648
2023-05-29,アイムジャグラーEX-TP,166,3118,2433,19,15,1/91.7,1/164.1,1/207.9,6.063491012751183
2023-05-29,アイムジャグラーEX-TP,167,3517,-77,11,14,1/140.7,1/319.7,1/251.2,5.963731660020223
2023-05-29,アイムジャグラーEX-TP,168,4440,200,18,7,1/177.6,1/246.7,1/634.3,5.695510686875382
2023-05-29,アイムジャグラーEX-TP,169,1638,-320,6,2,1/204.8,1/273.0,1/819.0,6.171269222863144
2023-05-29,アイムジャグラーEX-TP,170,3200,1198,18,11,1/110.3,1/177.8,1/290.9,6.884729723260759
2023-05-29,アイムジャグラーEX-TP,171,1435,-73,6,2,1/179.4,1/239.2,1/717.5,6.181550634438172
2023-05-29,アイムジャグラーEX-TP,172,6599,-1368,20,21,1/161.0,1/329.9,1/314.2,6.367283659573078
2023-05-29,アイムジャグラーEX-TP,173,807,-175,3,1,1/201.8,1/269.0,1/807.0,6.352115970904002
2023-05-29,アイムジャグラーEX-TP,174,3605,-774,11,8,1/189.7,1/327.7,1/450.6,5.98981034399539
2023-05-29,アイムジャグラーEX-TP,175,1192,-681,3,1,1/298.0,1/397.3,1/1192.0,6.42692649278308
2023-05-29,アイムジャグラーEX-TP,176,1036,-214,4,1,1/207.2,1/259.0,1/1036.0,6.350522223180522
2023-05-29,アイムジャグラーEX-TP,177,3426,-1053,9,8,1/201.5,1/380.7,1/428.2,5.976744184829402
2023-05-29,アイムジャグラーEX-TP,178,2393,-307,9,4,1/184.1,1/265.9,1/598.2,6.1734530837043105
2023-05-29,マイジャグラーV,117,3174,1577,20,6,1/122.1,1/158.7,1/529.0,5.97121313703011
2023-05-29,マイジャグラーV,118,4828,1220,25,10,1/137.9,1/193.1,1/482.8,5.938820030141726
2023-05-29,マイジャグラーV,119,1912,-1007,3,6,1/212.4,1/637.3,1/318.7,6.0170172072216035
2023-05-29,マイジャグラーV,120,4392,-447,14,13,1/162.7,1/313.7,1/337.8,5.7795768860192425
2023-05-29,ファンキージャグラー2,113,1599,-610,3,6,1/177.7,1/533.0,1/266.5,5.966024720479009
2023-05-29,ファンキージャグラー2,114,5032,480,24,8,1/157.2,1/209.7,1/629.0,6.007983023866092
2023-05-29,ファンキージャグラー2,115,1252,-477,4,1,1/250.4,1/313.0,1/1252.0,6.119696771957713
2023-05-29,ファンキージャグラー2,116,1043,-537,2,2,1/260.8,1/521.5,1/521.5,5.829119202902879
2023-05-29,ハッピージャグラーVIII,109,3200,-703,11,7,1/177.8,1/290.9,1/457.1,6.5183736657703895
2023-05-29,ハッピージャグラーVIII,110,2452,687,14,3,1/144.2,1/175.1,1/817.3,6.275522302226031
2023-05-29,ハッピージャグラーVIII,111,1620,-981,4,0,1/405.0,1/405.0,1/0.0,6.235907858687399
2023-05-29,ハッピージャグラーVIII,112,5052,1291,23,18,1/123.2,1/219.7,1/280.7,6.136862604307381
2023-05-28,アイムジャグラーEX-TP,121,5443,1509,26,16,1/129.6,1/209.3,1/340.2,6.035919074637605
2023-05-28,アイムジャグラーEX-TP,122,2310,-815,6,3,1/256.7,1/385.0,1/770.0,5.717522461385994
2023-05-28,アイムジャグラーEX-TP,123,4159,-1928,8,11,1/218.9,1/519.9,1/378.1,6.017144797229237
2023-05-28,アイムジャグラーEX-TP,124,4965,239,21,12,1/150.5,1/236.4,1/413.8,6.232681634182763
2023-05-28,アイムジャグラーEX-TP,125,6724,1323,27,28,1/122.3,1/249.0,1/240.1,6.062659570277355
2023-05-28,アイムジャグラーEX-TP,126,4621,-478,14,16,1/154.0,1/330.1,1/288.8,5.997533963550724
2023-05-28,アイムジャグラーEX-TP,127,2214,-160,9,3,1/184.5,1/246.0,1/738.0,6.127234600244712
2023-05-28,アイムジャグラーEX-TP,128,4861,185,17,18,1/138.9,1/285.9,1/270.1,5.992529198539963
2023-05-28,アイムジャグラーEX-TP,129,5886,-336,19,16,1/168.2,1/309.8,1/367.9,5.709060846978459
2023-05-28,アイムジャグラーEX-TP,130,5078,325,20,12,1/158.7,1/253.9,1/423.2,5.806905281758867
2023-05-28,アイムジャグラーEX-TP,131,3834,-110,11,18,1/132.2,1/348.5,1/213.0,6.007840184430977
2023-05-28,アイムジャグラーEX-TP,132,6489,937,27,21,1/135.2,1/240.3,1/309.0,6.065004284104428
2023-05-28,アイムジャグラーEX-TP,145,3863,-683,12,10,1/175.6,1/321.9,1/386.3,6.040184315841316
2023-05-28,アイムジャグラーEX-TP,146,2764,394,12,8,1/138.2,1/230.3,1/345.5,6.1332328110381145
2023-05-28,アイムジャグラーEX-TP,147,3985,384,17,9,1/153.3,1/234.4,1/442.8,5.980278736514921
2023-05-28,アイムジャグラーEX-TP,148,5516,2277,23,27,1/110.3,1/239.8,1/204.3,5.605183286546584
2023-05-28,アイムジャグラーEX-TP,149,2818,-918,6,9,1/187.9,1/469.7,1/313.1,5.867692039951028
2023-05-28,アイムジャグラーEX-TP,150,1936,-1032,4,2,1/322.7,1/484.0,1/968.0,5.806561018048507
2023-05-28,アイムジャグラーEX-TP,151,2781,-1184,8,4,1/231.8,1/347.6,1/695.2,6.4370196076107655
2023-05-28,アイムジャグラーEX-TP,152,2655,48,10,6,1/165.9,1/265.5,1/442.5,5.776935860998438
2023-05-28,アイムジャグラーEX-TP,153,4966,846,24,12,1/137.9,1/206.9,1/413.8,6.378281353465653
2023-05-28,アイムジャグラーEX-TP,154,5758,150,22,17,1/147.6,1/261.7,1/338.7,6.09206077201984
2023-05-28,アイムジャグラーEX-TP,155,751,-185,1,2,1/250.3,1/751.0,1/375.5,4.723202414254537
2023-05-28,アイムジャグラーEX-TP,156,8383,101,29,33,1/135.2,1/289.1,1/254.0,6.171681468910547
2023-05-28,アイムジャグラーEX-TP,157,6764,-932,19,30,1/138.0,1/356.0,1/225.5,6.337556531468054
2023-05-28,アイムジャグラーEX-TP,158,7166,1216,31,26,1/125.7,1/231.2,1/275.6,6.321529671858533
2023-05-28,アイムジャグラーEX-TP,159,4884,1042,22,16,1/128.5,1/222.0,1/305.2,6.163928232591011
2023-05-28,アイムジャグラーEX-TP,160,3522,130,16,8,1/146.8,1/220.1,1/440.2,6.625370904140025
2023-05-28,アイムジャグラーEX-TP,161,5956,-1445,15,23,1/156.7,1/397.1,1/259.0,6.2251002522294385
2023-05-28,アイムジャグラーEX-TP,162,5354,581,22,17,1/137.3,1/243.4,1/314.9,6.144422081813517
2023-05-28,アイムジャグラーEX-TP,163,4374,-2069,9,14,1/190.2,1/486.0,1/312.4,6.485859277227645
2023-05-28,アイムジャグラーEX-TP,164,4356,284,16,13,1/150.2,1/272.2,1/335.1,5.770384861488044
2023-05-28,アイムジャグラーEX-TP,165,2941,-733,8,9,1/173.0,1/367.6,1/326.8,6.134209367678149
2023-05-28,アイムジャグラーEX-TP,166,5081,-1552,11,22,1/154.0,1/461.9,1/231.0,6.31656424554371
2023-05-28,アイムジャグラーEX-TP,167,6917,2032,32,23,1/125.8,1/216.2,1/300.7,5.956743569802102
2023-05-28,アイムジャグラーEX-TP,168,6826,-1511,22,15,1/184.5,1/310.3,1/455.1,6.2117634948127645
2023-05-28,アイムジャグラーEX-TP,169,6699,913,27,23,1/134.0,1/248.1,1/291.3,6.038048303052448
2023-05-28,アイムジャグラーEX-TP,170,1444,-714,3,3,1/240.7,1/481.3,1/481.3,6.0883503968769626
2023-05-28,アイムジャグラーEX-TP,171,7012,446,27,23,1/140.2,1/259.7,1/304.9,6.097338390054668
2023-05-28,アイムジャグラーEX-TP,172,3665,-95,13,10,1/159.3,1/281.9,1/366.5,5.9201911389842
2023-05-28,アイムジャグラーEX-TP,173,3258,-226,11,10,1/155.1,1/296.2,1/325.8,6.068428290297443
2023-05-28,アイムジャグラーEX-TP,174,5305,-1484,13,21,1/156.0,1/408.1,1/252.6,6.37023212741617
2023-05-28,アイムジャグラーEX-TP,175,5416,-1294,15,14,1/186.8,1/361.1,1/386.9,5.937675956136581
2023-05-28,アイムジャグラーEX-TP,176,3203,363,14,10,1/133.5,1/228.8,1/320.3,6.420109860647337
2023-05-28,アイムジャグラーEX-TP,177,1610,-820,3,4,1/230.0,1/536.7,1/402.5,6.087401857186906
2023-05-28,アイムジャグラーEX-TP,178,6529,793,25,25,1/130.6,1/261.2,1/261.2,6.046839192401606
2023-05-28,マイジャグラーV,117,8728,635,34,28,1/140.8,1/256.7,1/311.7,5.85773490773695
2023-05-28,マイジャグラーV,118,2821,-1962,3,5,1/352.6,1/940.3,1/564.2,5.666614171140933
2023-05-28,マイジャグラーV,119,5333,1811,28,12,1/133.3,1/190.5,1/444.4,5.715727629871706
2023-05-28,マイジャグラーV,120,6634,1838,29,26,1/120.6,1/228.8,1/255.2,5.761940390837568
2023-05-28,ファンキージャグラー2,113,6822,861,30,19,1/139.2,1/227.4,1/359.1,5.981232108826861
2023-05-28,ファンキージャグラー2,114,3252,-601,12,6,1/180.7,1/271.0,1/542.0,6.224173007511019
2023-05-28,ファンキージャグラー2,115,3157,118,15,5,1/157.8,1/210.5,1/631.4,6.25751668210688
2023-05-28,ファンキージャグラー2,116,5448,1138,25,17,1/129.7,1/217.9,1/320.5,5.959098793501258
2023-05-28,ハッピージャグラーVIII,109,5480,-1805,17,9,1/210.8,1/322.4,1/608.9,6.399211542402658
2023-05-28,ハッピージャグラーVIII,110,3053,-1276,8,6,1/218.1,1/381.6,1/508.8,6.4196717414508235
2023-05-28,ハッピージャグラーVIII,111,4600,-1460,10,13,1/200.0,1/460.0,1/353.8,5.833602820420147
2023-05-28,ハッピージャグラーVIII,112,6250,-296,22,15,1/168.9,1/284.1,1/416.7,5.884447112060468
2023-05-27,アイムジャグラーEX-TP,121,5303,68,21,17,1/139.6,1/252.5,1/311.9,6.447239104500251
2023-05-27,アイムジャグラーEX-TP,122,2573,-583,8,5,1/197.9,1/321.6,1/514.6,5.990482234285501
2023-05-27,アイムジャグラーEX-TP,123,4876,1237,24,15,1/125.0,1/203.2,1/325.1,6.388116405577737
2023-05-27,アイムジャグラーEX-TP,124,2122,-1464,3,5,1/265.2,1/707.3,1/424.4,6.355445892333355
2023-05-27,アイムジャグラーEX-TP,125,3475,-175,11,10,1/165.5,1/315.9,1/347.5,5.679656736256764
2023-05-27,アイムジャグラーEX-TP,126,2809,-861,8,7,1/187.3,1/351.1,1/401.3,6.304742712966475
2023-05-27,アイムジャグラーEX-TP,127,5556,-733,19,13,1/173.6,1/292.4,1/427.4,6.086811072351939
2023-05-27,アイムジャグラーEX-TP,128,2627,147,12,5,1/154.5,1/218.9,1/525.4,6.373029707027676
2023-05-27,アイムジャグラーEX-TP,129,1546,-1152,2,4,1/257.7,1/773.0,1/386.5,6.60231361126312
2023-05-27,アイムジャグラーEX-TP,130,3818,-847,10,10,1/190.9,1/381.8,1/381.8,5.718644602743823
2023-05-27,アイムジャグラーEX-TP,131,5066,1795,25,14,1/129.9,1/202.6,1/361.9,5.799059785364504
2023-05-27,アイムジャグラーEX-TP,132,6460,529,25,22,1/137.4,1/258.4,1/293.6,6.090606827617394
2023-05-27,アイムジャグラーEX-TP,145,7855,-164,26,28,1/145.5,1/302.1,1/280.5,5.986783955297054
2023-05-27,アイムジャグラーEX-TP,146,727,-594,2,0,1/363.5,1/363.5,1/0.0,7.842622831978656
2023-05-27,アイムジャグラーEX-TP,147,6242,462,23,22,1/138.7,1/271.4,1/283.7,5.966409002613415
2023-05-27,アイムジャグラーEX-TP,148,857,30,3,3,1/142.8,1/285.7,1/285.7,5.924286102786156
2023-05-27,アイムジャグラーEX-TP,149,7280,1984,31,29,1/121.3,1/234.8,1/251.0,5.919198709614681
2023-05-27,アイムジャグラーEX-TP,150,6519,1648,28,21,1/133.0,1/232.8,1/310.4,5.734222810189458
2023-05-27,アイムジャグラーEX-TP,151,1758,706,9,6,1/117.2,1/195.3,1/293.0,6.0672037027750765
2023-05-27,アイムジャグラーEX-TP,152,1743,-670,4,6,1/174.3,1/435.8,1/290.5,6.454474550595638
2023-05-27,アイムジャグラーEX-TP,153,4922,1262,24,12,1/136.7,1/205.1,1/410.2,6.02688554212117
2023-05-27,アイムジャグラーEX-TP,154,2028,-1303,2,5,1/289.7,1/1014.0,1/405.6,5.701267579013791
2023-05-27,アイムジャグラーEX-TP,155,1962,-411,5,6,1/178.4,1/392.4,1/327.0,5.766742665986297
2023-05-27,アイムジャグラーEX-TP,156,5185,-1497,14,14,1/185.2,1/370.4,1/370.4,6.134879315032737
2023-05-27,アイムジャグラーEX-TP,157,4931,-486,16,13,1/170.0,1/308.2,1/379.3,5.86770946172851
2023-05-27,アイムジャグラーEX-TP,158,4528,-886,16,7,1/196.9,1/283.0,1/646.9,6.165280411263417
2023-05-27,アイムジャグラーEX-TP,159,3598,-670,11,9,1/179.9,1/327.1,1/399.8,5.989310595393405
2023-05-27,アイムジャグラーEX-TP,160,3398,-435,13,6,1/178.8,1/261.4,1/566.3,6.294805449849156
2023-05-27,アイムジャグラーEX-TP,161,2648,-1304,6,6,1/220.7,1/441.3,1/441.3,6.396151951314269
2023-05-27,アイムジャグラーEX-TP,162,3779,231,15,10,1/151.2,1/251.9,1/377.9,5.969664405497645
2023-05-27,アイムジャグラーEX-TP,163,3557,389,15,8,1/154.7,1/237.1,1/444.6,5.8654215065532185
2023-05-27,アイムジャグラーEX-TP,164,4309,-153,15,14,1/148.6,1/287.3,1/307.8,6.112836145873975
2023-05-27,アイムジャグラーEX-TP,165,4614,-1596,10,15,1/184.6,1/461.4,1/307.6,6.023087378980685
2023-05-27,アイムジャグラーEX-TP,166,3360,-175,11,11,1/152.7,1/305.5,1/305.5,5.961866411962485
2023-05-27,アイムジャグラーEX-TP,167,2887,-1020,7,9,1/180.4,1/412.4,1/320.8,6.30476706779282
2023-05-27,アイムジャグラーEX-TP,168,6659,2585,34,20,1/123.3,1/195.9,1/332.9,5.936536243369494
2023-05-27,アイムジャグラーEX-TP,169,4434,50,15,19,1/130.4,1/295.6,1/233.4,6.242794352470309
2023-05-27,アイムジャグラーEX-TP,170,2517,-132,9,7,1/157.3,1/279.7,1/359.6,6.094834166754082
2023-05-27,アイムジャグラーEX-TP,171,3479,200,15,9,1/145.0,1/231.9,1/386.6,6.368841875441049
2023-05-27,アイムジャグラーEX-TP,172,3498,-685,8,17,1/139.9,1/437.2,1/205.8,6.1777379719680106
2023-05-27,アイムジャグラーEX-TP,173,4963,623,20,15,1/141.8,1/248.2,1/330.9,5.910706270804408
2023-05-27,アイムジャグラーEX-TP,174,2988,214,14,7,1/142.3,1/213.4,1/426.9,6.668954079229363
2023-05-27,アイムジャグラーEX-TP,175,4897,-37,18,14,1/153.0,1/272.1,1/349.8,6.038054068215683
2023-05-27,アイムジャグラーEX-TP,176,6006,854,26,21,1/127.8,1/231.0,1/286.0,6.400989098825676
2023-05-27,アイムジャグラーEX-TP,177,2473,-663,8,4,1/206.1,1/309.1,1/618.2,6.185331026010604
2023-05-27,アイムジャグラーEX-TP,178,6198,-1351,17,15,1/193.7,1/364.6,1/413.2,5.7525195905869255
2023-05-27,マイジャグラーV,117,5243,-1502,13,18,1/169.1,1/403.3,1/291.3,6.0430910630358055
2023-05-27,マイジャグラーV,118,6301,-1268,20,19,1/161.6,1/315.1,1/331.6,6.23697778941411
2023-05-27,マイジャグラーV,119,5264,698,26,9,1/150.4,1/202.5,1/584.9,6.067172334284276
2023-05-27,マイジャグラーV,120,6660,-1066,24,14,1/175.3,1/277.5,1/475.7,6.115821959698984
2023-05-27,ファンキージャグラー2,113,2502,-1087,7,3,1/250.2,1/357.4,1/834.0,6.103727878636812
2023-05-27,ファンキージャグラー2,114,2736,-502,9,6,1/182.4,1/304.0,1/456.0,5.9288582516390775
2023-05-27,ファンキージャグラー2,115,3493,612,14,13,1/129.4,1/249.5,1/268.7,5.753346752730508
2023-05-27,ファンキージャグラー2,116,4164,-564,15,7,1/189.3,1/277.6,1/594.9,5.833968533977929
2023-05-27,ハッピージャグラーVIII,109,5416,-677,17,19,1/150.4,1/318.6,1/285.1,6.313177674337713
2023-05-27,ハッピージャグラーVIII,110,3404,494,14,12,1/130.9,1/243.1,1/283.7,6.143376924418686
2023-05-27,ハッピージャグラーVIII,111,1735,-1315,2,3,1/347.0,1/867.5,1/578.3,6.247129324803692
2023-05-27,ハッピージャグラーVIII,112,4598,502,19,18,1/124.3,1/242.0,1/255.4,6.534127939944573
2023-05-26,アイムジャグラーEX-TP,121,4386,542,19,12,1/141.5,1/230.8,1/365.5,6.140211090265596
2023-05-26,アイムジャグラーEX-TP,122,2039,1233,11,9,1/102.0,1/185.4,1/226.6,5.894672522754478
2023-05-26,アイムジャグラーEX-TP,123,4527,-778,13,14,1/167.7,1/348.2,1/323.4,5.968403217991096
2023-05-26,アイムジャグラーEX-TP,124,1250,70,5,4,1/138.9,1/250.0,1/312.5,6.2768728619401815
2023-05-26,アイムジャグラーEX-TP,125,1016,-819,1,2,1/338.7,1/1016.0,1/508.0,6.213957441363881
2023-05-26,アイムジャグラーEX-TP,126,711,-562,1,0,1/711.0,1/711.0,1/0.0,5.778223962497945
2023-05-26,アイムジャグラーEX-TP,127,4821,919,20,17,1/130.3,1/241.1,1/283.6,5.966786571311783
2023-05-26,アイムジャグラーEX-TP,128,756,-674,1,1,1/378.0,1/756.0,1/756.0,6.788565111049611
2023-05-26,アイムジャグラーEX-TP,129,4750,406,21,13,1/139.7,1/226.2,1/365.4,6.439564685427265
2023-05-26,アイムジャグラーEX-TP,130,1865,223,9,1,1/186.5,1/207.2,1/1865.0,5.778876332356346
2023-05-26,アイムジャグラーEX-TP,131,2010,-186,6,8,1/143.6,1/335.0,1/251.2,6.12239489812609
2023-05-26,アイムジャグラーEX-TP,132,5073,-1632,13,11,1/211.4,1/390.2,1/461.2,5.898693720148111
2023-05-26,アイムジャグラーEX-TP,145,7376,949,25,37,1/119.0,1/295.0,1/199.4,6.025904822369218
2023-05-26,アイムジャグラーEX-TP,146,308,-235,1,0,1/308.0,1/308.0,1/0.0,8.424721963660453
2023-05-26,アイムジャグラーEX-TP,147,703,-254,2,2,1/175.8,1/351.5,1/351.5,6.772566615851544
2023-05-26,アイムジャグラーEX-TP,148,3705,2031,21,14,1/105.9,1/176.4,1/264.6,6.189602820454156
2023-05-26,アイムジャグラーEX-TP,149,3065,1728,16,12,1/109.5,1/191.6,1/255.4,5.683423835445132
2023-05-26,アイムジャグラーEX-TP,150,2463,-1261,4,9,1/189.5,1/615.8,1/273.7,6.347933726953334
2023-05-26,アイムジャグラーEX-TP,151,321,-214,1,0,1/321.0,1/321.0,1/0.0,7.4146638027431475
2023-05-26,アイムジャグラーEX-TP,152,270,-354,0,0,1/0.0,1/0.0,1/0.0,6.572413390196881
2023-05-26,アイムジャグラーEX-TP,153,2598,-1016,6,8,1/185.6,1/433.0,1/324.8,6.330649686944744
2023-05-26,アイムジャグラーEX-TP,154,2179,-274,6,8,1/155.6,1/363.2,1/272.4,5.877851924852189
2023-05-26,アイムジャグラーEX-TP,155,1678,-1020,3,3,1/279.7,1/559.3,1/559.3,6.149276734383714
2023-05-26,アイムジャグラーEX-TP,156,2283,-1376,3,7,1/228.3,1/761.0,1/326.1,6.137809222048946
2023-05-26,アイムジャグラーEX-TP,157,4375,183,19,9,1/156.2,1/230.3,1/486.1,6.235080343463855
2023-05-26,アイムジャグラーEX-TP,158,676,-448,1,0,1/676.0,1/676.0,1/0.0,5.355015760460956
2023-05-26,アイムジャグラーEX-TP,159,1887,-1246,4,2,1/314.5,1/471.8,1/943.5,6.480527953879247
2023-05-26,アイムジャグラーEX-TP,160,2594,-318,9,8,1/152.6,1/288.2,1/324.2,6.450305259328753
2023-05-26,アイムジャグラーEX-TP,161,2096,-862,4,8,1/174.7,1/524.0,1/262.0,6.279306175014569
2023-05-26,アイムジャグラーEX-TP,162,4040,-591,14,8,1/183.6,1/288.6,1/505.0,6.048002879088895
2023-05-26,アイムジャグラーEX-TP,163,2084,-487,6,4,1/208.4,1/347.3,1/521.0,5.7618424801845425
2023-05-26,アイムジャグラーEX-TP,164,7108,1398,28,32,1/118.5,1/253.9,1/222.1,6.123430087089511
2023-05-26,アイムジャグラーEX-TP,165,462,-317,1,0,1/462.0,1/462.0,1/0.0,6.161706381887357
2023-05-26,アイムジャグラーEX-TP,166,1780,-461,5,7,1/148.3,1/356.0,1/254.3,6.728376208461727
2023-05-26,アイムジャグラーEX-TP,167,1169,-1131,1,2,1/389.7,1/1169.0,1/584.5,6.762815115221534
2023-05-26,アイムジャグラーEX-TP,168,5152,-469,18,14,1/161.0,1/286.2,1/368.0,6.150811302994456
2023-05-26,アイムジャグラーEX-TP,169,2400,-554,7,8,1/160.0,1/342.9,1/300.0,6.414501048704104
2023-05-26,アイムジャグラーEX-TP,170,5707,643,27,10,1/154.2,1/211.4,1/570.7,6.223663459002661
2023-05-26,アイムジャグラーEX-TP,171,1133,-274,4,1,1/226.6,1/283.2,1/1133.0,6.081847713646641
2023-05-26,アイムジャグラーEX-TP,172,5921,1592,24,26,1/118.4,1/246.7,1/227.7,5.880072694819341
2023-05-26,アイムジャグラーEX-TP,173,387,-386,0,0,1/0.0,1/0.0,1/0.0,5.225670654740075
2023-05-26,アイムジャグラーEX-TP,174,4808,563,20,13,1/145.7,1/240.4,1/369.8,5.9579493437253115
2023-05-26,アイムジャグラーEX-TP,175,532,-413,1,0,1/532.0,1/532.0,1/0.0,6.251319739376369
2023-05-26,アイムジャグラーEX-TP,176,800,-516,1,2,1/266.7,1/800.0,1/400.0,6.009920124405347
2023-05-26,アイムジャグラーEX-TP,177,4076,-601,13,10,1/177.2,1/313.5,1/407.6,5.944201304023015
2023-05-26,アイムジャグラーEX-TP,178,4892,428,18,17,1/139.8,1/271.8,1/287.8,5.880875509450978
2023-05-26,マイジャグラーV,117,2644,-132,12,3,1/176.3,1/220.3,1/881.3,6.217571522619421
2023-05-26,マイジャグラーV,118,5816,323,23,16,1/149.1,1/252.9,1/363.5,5.805975634708138
2023-05-26,マイジャグラーV,119,1300,-813,3,2,1/260.0,1/433.3,1/650.0,6.630796607327412
2023-05-26,マイジャグラーV,120,5706,1040,26,18,1/129.7,1/219.5,1/317.0,6.0507376140501
2023-05-26,ファンキージャグラー2,113,1097,-681,2,2,1/274.2,1/548.5,1/548.5,6.162991028199124
2023-05-26,ファンキージャグラー2,114,1133,187,4,3,1/161.9,1/283.2,1/377.7,5.009763345611049
2023-05-26,ファンキージャグラー2,115,3694,568,15,15,1/123.1,1/246.3,1/246.3,6.041478577467305
2023-05-26,ファンキージャグラー2,116,2852,175,13,7,1/142.6,1/219.4,1/407.4,6.320480028490916
2023-05-26,ハッピージャグラーVIII,109,6057,1801,28,22,1/121.1,1/216.3,1/275.3,6.051570908803803
2023-05-26,ハッピージャグラーVIII,110,2288,-617,6,5,1/208.0,1/381.3,1/457.6,5.8270234835667996
2023-05-26,ハッピージャグラーVIII,111,2742,-402,7,10,1/161.3,1/391.7,1/274.2,5.827714832825401
2023-05-26,ハッピージャグラーVIII,112,2534,-258,9,7,1/158.4,1/281.6,1/362.0,6.3352371754417565
2023-05-25,アイムジャグラーEX-TP,121,4406,-777,15,7,1/200.3,1/293.7,1/629.4,5.946743256472779
2023-05-25,アイムジャグラーEX-TP,122,1482,-1093,2,2,1/370.5,1/741.0,1/741.0,6.045986705030261
2023-05-25,アイムジャグラーEX-TP,123,1920,-772,4,7,1/174.5,1/480.0,1/274.3,6.371793133762356
2023-05-25,アイムジャグラーEX-TP,124,1762,-420,5,5,1/176.2,1/352.4,1/352.4,6.12230758320414
2023-05-25,アイムジャグラーEX-TP,125,4310,182,16,12,1/153.9,1/269.4,1/359.2,5.828204017971964
2023-05-25,アイムジャグラーEX-TP,126,777,-594,1,1,1/388.5,1/777.0,1/777.0,6.0702849940211205
2023-05-25,アイムジャグラーEX-TP,127,2439,-305,10,4,1/174.2,1/243.9,1/609.8,6.57396344984136
2023-05-25,アイムジャグラーEX-TP,128,1412,237,7,2,1/156.9,1/201.7,1/706.0,6.0805134916130035
2023-05-25,アイムジャグラーEX-TP,129,3315,-598,8,12,1/165.8,1/414.4,1/276.2,5.727390714819826
2023-05-25,アイムジャグラーEX-TP,130,996,-355,3,1,1/249.0,1/332.0,1/996.0,6.0629731066966395
2023-05-25,アイムジャグラーEX-TP,131,5690,434,23,21,1/129.3,1/247.4,1/271.0,6.4648614894904535
2023-05-25,アイムジャグラーEX-TP,132,3757,721,19,6,1/150.3,1/197.7,1/626.2,6.165778230594953
2023-05-25,アイムジャグラーEX-TP,145,4468,-895,16,9,1/178.7,1/279.2,1/496.4,6.470341052864381
2023-05-25,アイムジャグラーEX-TP,146,2303,985,13,5,1/127.9,1/177.2,1/460.6,6.010659668724174
2023-05-25,アイムジャグラーEX-TP,147,1815,7,6,6,1/151.2,1/302.5,1/302.5,5.768999715841006
2023-05-25,アイムジャグラーEX-TP,148,1336,-321,4,5,1/148.4,1/334.0,1/267.2,6.783509916998983
2023-05-25,アイムジャグラーEX-TP,149,2099,226,11,3,1/149.9,1/190.8,1/699.7,6.761578744560053
2023-05-25,アイムジャグラーEX-TP,150,2837,-124,7,14,1/135.1,1/405.3,1/202.6,5.736247115018507
2023-05-25,アイムジャグラーEX-TP,151,2686,1414,14,11,1/107.4,1/191.9,1/244.2,5.90359266142551
2023-05-25,アイムジャグラーEX-TP,152,1672,401,8,5,1/128.6,1/209.0,1/334.4,6.244336635026329
2023-05-25,アイムジャグラーEX-TP,153,709,145,4,0,1/177.2,1/177.2,1/0.0,6.082059246291316
2023-05-25,アイムジャグラーEX-TP,154,3645,49,14,11,1/145.8,1/260.4,1/331.4,6.204946576601598
2023-05-25,アイムジャグラーEX-TP,155,6257,3736,34,22,1/111.7,1/184.0,1/284.4,5.61310762630156
2023-05-25,アイムジャグラーEX-TP,156,877,-213,3,2,1/175.4,1/292.3,1/438.5,6.6183269699540785
2023-05-25,アイムジャグラーEX-TP,157,6601,751,27,25,1/126.9,1/244.5,1/264.0,6.381291865808538
2023-05-25,アイムジャグラーEX-TP,158,680,-67,3,1,1/170.0,1/226.7,1/680.0,6.772422694786829
2023-05-25,アイムジャグラーEX-TP,159,5473,-997,18,15,1/165.8,1/304.1,1/364.9,6.355413069509257
2023-05-25,アイムジャグラーEX-TP,160,1261,-768,3,1,1/315.2,1/420.3,1/1261.0,6.4205231896466755
2023-05-25,アイムジャグラーEX-TP,161,1414,-1336,0,3,1/471.3,1/0.0,1/471.3,5.791241472202389
2023-05-25,アイムジャグラーEX-TP,162,3419,-801,11,7,1/189.9,1/310.8,1/488.4,6.198295492307279
2023-05-25,アイムジャグラーEX-TP,163,1659,-390,5,4,1/184.3,1/331.8,1/414.8,6.123938097506162
2023-05-25,アイムジャグラーEX-TP,164,1777,-1107,2,4,1/296.2,1/888.5,1/444.2,5.6811173789185085
2023-05-25,アイムジャグラーEX-TP,165,2819,-631,9,3,1/234.9,1/313.2,1/939.7,5.710329777925497
2023-05-25,アイムジャグラーEX-TP,166,1610,-35,6,2,1/201.2,1/268.3,1/805.0,5.509936023140363
2023-05-25,アイムジャグラーEX-TP,167,2115,-499,7,5,1/176.2,1/302.1,1/423.0,6.4743325621275725
2023-05-25,アイムジャグラーEX-TP,168,2132,-1484,4,1,1/426.4,1/533.0,1/2132.0,6.078125638335046
2023-05-25,アイムジャグラーEX-TP,169,6195,499,24,17,1/151.1,1/258.1,1/364.4,5.821894844925914
2023-05-25,アイムジャグラーEX-TP,170,1172,-804,2,1,1/390.7,1/586.0,1/1172.0,6.00470959825675
2023-05-25,アイムジャグラーEX-TP,171,2472,-554,7,7,1/176.6,1/353.1,1/353.1,6.046768821509707
2023-05-25,アイムジャグラーEX-TP,172,1864,-1038,4,3,1/266.3,1/466.0,1/621.3,6.254932596557753
2023-05-25,アイムジャグラーEX-TP,173,4592,785,20,14,1/135.1,1/229.6,1/328.0,6.085599845994036
2023-05-25,アイムジャグラーEX-TP,174,1507,-384,3,7,1/150.7,1/502.3,1/215.3,6.010934236390778
2023-05-25,アイムジャグラーEX-TP,175,886,227,4,3,1/126.6,1/221.5,1/295.3,6.025461041279917
2023-05-25,アイムジャグラーEX-TP,176,7323,1989,32,31,1/116.2,1/228.8,1/236.2,6.159515711168323
2023-05-25,アイムジャグラーEX-TP,177,4357,-693,12,17,1/150.2,1/363.1,1/256.3,6.1272990608384825
2023-05-25,アイムジャグラーEX-TP,178,2857,-651,11,4,1/190.5,1/259.7,1/714.2,6.668105471270396
2023-05-25,マイジャグラーV,117,3868,-595,14,8,1/175.8,1/276.3,1/483.5,6.089432590276409
2023-05-25,マイジャグラーV,118,4642,-328,18,10,1/165.8,1/257.9,1/464.2,6.028845212525933
2023-05-25,マイジャグラーV,119,5811,778,22,20,1/138.4,1/264.1,1/290.6,5.591256739866526
2023-05-25,マイジャグラーV,120,3337,-1155,9,7,1/208.6,1/370.8,1/476.7,5.973089847494481
2023-05-25,ファンキージャグラー2,113,3416,-62,13,6,1/179.8,1/262.8,1/569.3,5.58365043079187
2023-05-25,ファンキージャグラー2,114,721,-555,1,1,1/360.5,1/721.0,1/721.0,6.177621395133538
2023-05-25,ファンキージャグラー2,115,3658,-1134,8,12,1/182.9,1/457.2,1/304.8,5.7845600083463395
2023-05-25,ファンキージャグラー2,116,2945,1054,17,5,1/133.9,1/173.2,1/589.0,5.953220974289085
2023-05-25,ハッピージャグラーVIII,109,5592,-886,18,16,1/164.5,1/310.7,1/349.5,6.267268751848546
2023-05-25,ハッピージャグラーVIII,110,1070,285,5,3,1/133.8,1/214.0,1/356.7,5.889958240471306
2023-05-25,ハッピージャグラーVIII,111,1079,-29,3,3,1/179.8,1/359.7,1/359.7,5.2600671146051745
2023-05-25,ハッピージャグラーVIII,112,3970,189,16,10,1/152.7,1/248.1,1/397.0,6.05691786411259
2023-05-24,アイムジャグラーEX-TP,121,5442,-1965,18,5,1/236.6,1/302.3,1/1088.4,6.406717574053656
2023-05-24,アイムジャグラーEX-TP,122,3820,-351,12,12,1/159.2,1/318.3,1/318.3,5.934922794733393
2023-05-24,アイムジャグラーEX-TP,123,648,-355,1,2,1/216.0,1/648.0,1/324.0,6.159685863625505
2023-05-24,アイムジャグラーEX-TP,124,5391,-122,20,13,1/163.4,1/269.6,1/414.7,5.952858199549811
2023-05-24,アイムジャグラーEX-TP,125,4128,24,15,15,1/137.6,1/275.2,1/275.2,6.274265470920558
2023-05-24,アイムジャグラーEX-TP,126,3962,192,17,8,1/158.5,1/233.1,1/495.2,6.1237022160151255
2023-05-24,アイムジャグラーEX-TP,127,855,-308,3,0,1/285.0,1/285.0,1/0.0,6.21838759028026
2023-05-24,アイムジャグラーEX-TP,128,4470,1339,21,12,1/135.5,1/212.9,1/372.5,5.747957465886291
2023-05-24,アイムジャグラーEX-TP,129,4690,1328,23,13,1/130.3,1/203.9,1/360.8,6.082199696901554
2023-05-24,アイムジャグラーEX-TP,130,1187,-621,2,3,1/237.4,1/593.5,1/395.7,5.965326826788369
2023-05-24,アイムジャグラーEX-TP,131,1698,-604,4,2,1/283.0,1/424.5,1/849.0,5.447573330657242
2023-05-24,アイムジャグラーEX-TP,132,6470,257,24,19,1/150.5,1/269.6,1/340.5,5.898252590251355
2023-05-24,アイムジャグラーEX-TP,145,2528,-251,8,10,1/140.4,1/316.0,1/252.8,6.363564645384067
2023-05-24,アイムジャグラーEX-TP,146,314,-455,0,0,1/0.0,1/0.0,1/0.0,7.412380469463353
2023-05-24,アイムジャグラーEX-TP,147,1576,-398,4,6,1/157.6,1/394.0,1/262.7,6.272223910115529
2023-05-24,アイムジャグラーEX-TP,148,761,-184,3,0,1/253.7,1/253.7,1/0.0,6.172554615955575
2023-05-24,アイムジャグラーEX-TP,149,1018,-685,1,3,1/254.5,1/1018.0,1/339.3,6.024427217817722
2023-05-24,アイムジャグラーEX-TP,150,1005,327,5,3,1/125.6,1/201.0,1/335.0,6.063524011555085
2023-05-24,アイムジャグラーEX-TP,151,1420,53,6,3,1/157.8,1/236.7,1/473.3,6.140658706729707
2023-05-24,アイムジャグラーEX-TP,152,632,-591,1,0,1/632.0,1/632.0,1/0.0,6.6909439238553645
2023-05-24,アイムジャグラーEX-TP,153,2059,464,10,5,1/137.3,1/205.9,1/411.8,6.143836614407652
2023-05-24,アイムジャグラーEX-TP,154,1680,611,8,6,1/120.0,1/210.0,1/280.0,5.902302143765325
2023-05-24,アイムジャグラーEX-TP,155,1294,-140,5,2,1/184.9,1/258.8,1/647.0,6.143999100526129
2023-05-24,アイムジャグラーEX-TP,156,1131,458,7,1,1/141.4,1/161.6,1/1131.0,6.182312965627652
2023-05-24,アイムジャグラーEX-TP,157,3112,-104,11,9,1/155.6,1/282.9,1/345.8,6.008980877615519
2023-05-24,アイムジャグラーEX-TP,158,4593,562,18,17,1/131.2,1/255.2,1/270.2,6.090680162683885
2023-05-24,アイムジャグラーEX-TP,159,5924,2275,28,25,1/111.8,1/211.6,1/237.0,6.0475841356106015
2023-05-24,アイムジャグラーEX-TP,160,2683,-819,5,12,1/157.8,1/536.6,1/223.6,6.020364629453512
2023-05-24,アイムジャグラーEX-TP,161,3688,1217,17,11,1/131.7,1/216.9,1/335.3,5.649462032735262
2023-05-24,アイムジャグラーEX-TP,162,796,-509,2,0,1/398.0,1/398.0,1/0.0,6.361366875531546
2023-05-24,アイムジャグラーEX-TP,163,1930,-589,4,6,1/193.0,1/482.5,1/321.7,5.688689558778753
2023-05-24,アイムジャグラーEX-TP,164,1279,160,5,5,1/127.9,1/255.8,1/255.8,6.159323940276035
2023-05-24,アイムジャグラーEX-TP,165,5244,-911,15,19,1/154.2,1/349.6,1/276.0,6.197656600328183
2023-05-24,アイムジャグラーEX-TP,166,4387,340,17,15,1/137.1,1/258.1,1/292.5,6.1230971711374815
2023-05-24,アイムジャグラーEX-TP,167,658,-296,1,1,1/329.0,1/658.0,1/658.0,5.15505028054285
2023-05-24,アイムジャグラーEX-TP,168,4572,1034,20,13,1/138.5,1/228.6,1/351.7,5.777989985651451
2023-05-24,アイムジャグラーEX-TP,169,5187,-536,16,14,1/172.9,1/324.2,1/370.5,5.743473804876334
2023-05-24,アイムジャグラーEX-TP,170,3548,1048,16,12,1/126.7,1/221.8,1/295.7,5.845766791602632
2023-05-24,アイムジャグラーEX-TP,171,1950,-781,4,5,1/216.7,1/487.5,1/390.0,5.847133442829652
2023-05-24,アイムジャグラーEX-TP,172,1084,-479,3,1,1/271.0,1/361.3,1/1084.0,6.138604711005362
2023-05-24,アイムジャグラーEX-TP,173,1827,-863,3,7,1/182.7,1/609.0,1/261.0,6.2575440739002595
2023-05-24,アイムジャグラーEX-TP,174,4653,1463,22,16,1/122.4,1/211.5,1/290.8,6.027423650625913
2023-05-24,アイムジャグラーEX-TP,175,5385,307,21,15,1/149.6,1/256.4,1/359.0,5.9692366493616085
2023-05-24,アイムジャグラーEX-TP,176,1434,-311,4,4,1/179.2,1/358.5,1/358.5,5.948322763791522
2023-05-24,アイムジャグラーEX-TP,177,3429,-711,10,12,1/155.9,1/342.9,1/285.8,6.374925249400126
2023-05-24,アイムジャグラーEX-TP,178,4521,-580,15,12,1/167.4,1/301.4,1/376.8,6.090134885374326
2023-05-24,マイジャグラーV,117,4563,-1332,10,16,1/175.5,1/456.3,1/285.2,5.795841953048602
2023-05-24,マイジャグラーV,118,1178,-987,1,1,1/589.0,1/1178.0,1/1178.0,5.6789409527173085
2023-05-24,マイジャグラーV,119,5803,1643,26,22,1/120.9,1/223.2,1/263.8,5.794550393858863
2023-05-24,マイジャグラーV,120,6974,473,32,16,1/145.3,1/217.9,1/435.9,6.240076366580696
2023-05-24,ファンキージャグラー2,113,1192,-556,3,2,1/238.4,1/397.3,1/596.0,6.152415248802486
2023-05-24,ファンキージャグラー2,114,4368,894,22,9,1/140.9,1/198.5,1/485.3,6.005556377057372
2023-05-24,ファンキージャグラー2,115,1539,-314,6,3,1/171.0,1/256.5,1/513.0,6.632122387436933
2023-05-24,ファンキージャグラー2,116,2186,-470,8,2,1/218.6,1/273.2,1/1093.0,5.921635444103357
2023-05-24,ハッピージャグラーVIII,109,2511,-663,7,5,1/209.2,1/358.7,1/502.2,5.893271065561672
2023-05-24,ハッピージャグラーVIII,110,2606,-396,8,7,1/173.7,1/325.8,1/372.3,5.99052607266708
2023-05-24,ハッピージャグラーVIII,111,1352,-897,2,4,1/225.3,1/676.0,1/338.0,6.784740556439054
2023-05-24,ハッピージャグラーVIII,112,2948,-1267,7,7,1/210.6,1/421.1,1/421.1,6.379011753026216
2023-05-23,アイムジャグラーEX-TP,121,4208,647,20,8,1/150.3,1/210.4,1/526.0,6.1216504621380565
2023-05-23,アイムジャグラーEX-TP,122,313,-392,0,0,1/0.0,1/0.0,1/0.0,6.269966739128519
2023-05-23,アイムジャグラーEX-TP,123,5521,1048,25,12,1/149.2,1/220.8,1/460.1,5.8249113109512045
2023-05-23,アイムジャグラーEX-TP,124,3347,459,13,16,1/115.4,1/257.5,1/209.2,6.481665436725302
2023-05-23,アイムジャグラーEX-TP,125,1260,-26,4,5,1/140.0,1/315.0,1/252.0,6.005600937827016
2023-05-23,アイムジャグラーEX-TP,126,4347,-800,11,19,1/144.9,1/395.2,1/228.8,6.1910872896593405
2023-05-23,アイムジャグラーEX-TP,127,1474,-274,5,5,1/147.4,1/294.8,1/294.8,6.8548427976203925
2023-05-23,アイムジャグラーEX-TP,128,1432,-307,4,6,1/143.2,1/358.0,1/238.7,6.595073277619702
2023-05-23,アイムジャグラーEX-TP,129,1295,-387,4,3,1/185.0,1/323.8,1/431.7,6.48950241552309
2023-05-23,アイムジャグラーEX-TP,130,3462,326,13,10,1/150.5,1/266.3,1/346.2,5.698420900412062
2023-05-23,アイムジャグラーEX-TP,131,3190,-482,10,8,1/177.2,1/319.0,1/398.8,5.922706636086439
2023-05-23,アイムジャグラーEX-TP,132,4165,-908,11,15,1/160.2,1/378.6,1/277.7,6.136333266101318
2023-05-23,アイムジャグラーEX-TP,145,722,-179,2,2,1/180.5,1/361.0,1/361.0,6.058018702328763
2023-05-23,アイムジャグラーEX-TP,146,687,-96,3,1,1/171.8,1/229.0,1/687.0,6.939780884752361
2023-05-23,アイムジャグラーEX-TP,147,2274,740,12,6,1/126.3,1/189.5,1/379.0,6.266837302486456
2023-05-23,アイムジャグラーEX-TP,148,672,-150,2,4,1/112.0,1/336.0,1/168.0,8.07775997945941
2023-05-23,アイムジャグラーEX-TP,149,1374,182,6,4,1/137.4,1/229.0,1/343.5,6.2192640935811845
2023-05-23,アイムジャグラーEX-TP,150,1164,-139,4,4,1/145.5,1/291.0,1/291.0,6.567160271884949
2023-05-23,アイムジャグラーEX-TP,151,1547,-90,5,6,1/140.6,1/309.4,1/257.8,6.207986488339479
2023-05-23,アイムジャグラーEX-TP,152,4258,327,16,14,1/141.9,1/266.1,1/304.1,5.935439314928193
2023-05-23,アイムジャグラーEX-TP,153,516,-98,2,2,1/129.0,1/258.0,1/258.0,8.037177866484408
2023-05-23,アイムジャグラーEX-TP,154,1950,285,8,6,1/139.3,1/243.8,1/325.0,5.923171904117515
2023-05-23,アイムジャグラーEX-TP,155,999,-415,2,3,1/199.8,1/499.5,1/333.0,6.042909740281305
2023-05-23,アイムジャグラーEX-TP,156,3399,-293,13,6,1/178.9,1/261.5,1/566.5,6.09274950082564
2023-05-23,アイムジャグラーEX-TP,157,3291,-1955,6,9,1/219.4,1/548.5,1/365.7,6.580435304093393
2023-05-23,アイムジャグラーEX-TP,158,4366,375,16,16,1/136.4,1/272.9,1/272.9,5.950615290349956
2023-05-23,アイムジャグラーEX-TP,159,1204,616,7,2,1/133.8,1/172.0,1/602.0,5.629958975648604
2023-05-23,アイムジャグラーEX-TP,160,5157,-409,19,11,1/171.9,1/271.4,1/468.8,6.059888335893559
2023-05-23,アイムジャグラーEX-TP,161,1856,-144,7,4,1/168.7,1/265.1,1/464.0,6.164034591791625
2023-05-23,アイムジャグラーEX-TP,162,1981,616,10,5,1/132.1,1/198.1,1/396.2,6.012477362537118
2023-05-23,アイムジャグラーEX-TP,163,6886,2777,37,21,1/118.7,1/186.1,1/327.9,6.19626889589813
2023-05-23,アイムジャグラーEX-TP,164,449,9,2,1,1/149.7,1/224.5,1/449.0,6.573148381431748
2023-05-23,アイムジャグラーEX-TP,165,2258,-817,6,5,1/205.3,1/376.3,1/451.6,6.211409589178525
2023-05-23,アイムジャグラーEX-TP,166,1011,683,7,3,1/101.1,1/144.4,1/337.0,6.770288465182969
2023-05-23,アイムジャグラーEX-TP,167,6996,3212,36,23,1/118.6,1/194.3,1/304.2,5.791164978510896
2023-05-23,アイムジャグラーEX-TP,168,2011,596,10,5,1/134.1,1/201.1,1/402.2,5.976888551892634
2023-05-23,アイムジャグラーEX-TP,169,1659,-592,4,4,1/207.4,1/414.8,1/414.8,5.987864882583708
2023-05-23,アイムジャグラーEX-TP,170,5027,-585,15,21,1/139.6,1/335.1,1/239.4,6.327384593262829
2023-05-23,アイムジャグラーEX-TP,171,2418,-305,9,5,1/172.7,1/268.7,1/483.6,6.29897104823058
2023-05-23,アイムジャグラーEX-TP,172,1220,-224,4,2,1/203.3,1/305.0,1/610.0,5.861684427090015
2023-05-23,アイムジャグラーEX-TP,173,4375,1139,19,14,1/132.6,1/230.3,1/312.5,5.744155321959906
2023-05-23,アイムジャグラーEX-TP,174,733,-455,2,0,1/366.5,1/366.5,1/0.0,6.546406879996769
2023-05-23,アイムジャグラーEX-TP,175,6747,3257,34,30,1/105.4,1/198.4,1/224.9,6.05412435629054
2023-05-23,アイムジャグラーEX-TP,176,489,-558,0,0,1/0.0,1/0.0,1/0.0,5.7669473955333395
2023-05-23,アイムジャグラーEX-TP,177,3627,-323,9,15,1/151.1,1/403.0,1/241.8,5.626290696215547
2023-05-23,アイムジャグラーEX-TP,178,2449,-1283,6,3,1/272.1,1/408.2,1/816.3,6.288343908783732
2023-05-23,マイジャグラーV,117,1684,-325,6,4,1/168.4,1/280.7,1/421.0,6.354979213953602
2023-05-23,マイジャグラーV,118,5515,224,22,14,1/153.2,1/250.7,1/393.9,5.818375210941653
2023-05-23,マイジャグラーV,119,1775,-1003,4,2,1/295.8,1/443.8,1/887.5,6.065289639470856
2023-05-23,マイジャグラーV,120,5188,-708,17,13,1/172.9,1/305.2,1/399.1,5.833400389889954
2023-05-23,ファンキージャグラー2,113,1385,-396,4,4,1/173.1,1/346.2,1/346.2,6.266084056576858
2023-05-23,ファンキージャグラー2,114,1214,164,6,3,1/134.9,1/202.3,1/404.7,6.420767321361916
2023-05-23,ファンキージャグラー2,115,891,-566,1,3,1/222.8,1/891.0,1/297.0,6.133872806643515
2023-05-23,ファンキージャグラー2,116,1754,-1050,3,6,1/194.9,1/584.7,1/292.3,6.694369678245654
2023-05-23,ハッピージャグラーVIII,109,5126,-965,17,15,1/160.2,1/301.5,1/341.7,6.57325088900301
2023-05-23,ハッピージャグラーVIII,110,1051,-254,3,3,1/175.2,1/350.3,1/350.3,6.243895251973624
2023-05-23,ハッピージャグラーVIII,111,5224,2057,25,20,1/116.1,1/209.0,1/261.2,5.879913791279268
2023-05-23,ハッピージャグラーVIII,112,970,-214,3,1,1/242.5,1/323.3,1/970.0,5.63506696362114
2023-05-22,アイムジャグラーEX-TP,121,3525,-739,10,9,1/185.5,1/352.5,1/391.7,5.8706239390720825
2023-05-22,アイムジャグラーEX-TP,122,3017,1667,18,8,1/116.0,1/167.6,1/377.1,6.018290096264316
2023-05-22,アイムジャグラーEX-TP,123,1990,-162,7,6,1/153.1,1/284.3,1/331.7,6.269921375501022
2023-05-22,アイムジャグラーEX-TP,124,2873,957,12,12,1/119.7,1/239.4,1/239.4,5.657094015586091
2023-05-22,アイムジャグラーEX-TP,125,2482,-208,10,6,1/155.1,1/248.2,1/413.7,6.65573859819955
2023-05-22,アイムジャグラーEX-TP,126,2830,-254,10,8,1/157.2,1/283.0,1/353.8,6.242683321469294
2023-05-22,アイムジャグラーEX-TP,127,1668,-1028,2,4,1/278.0,1/834.0,1/417.0,5.78730167475767
2023-05-22,アイムジャグラーEX-TP,128,2068,-35,8,6,1/147.7,1/258.5,1/344.7,6.333684340320743
2023-05-22,アイムジャグラーEX-TP,129,3770,-368,13,11,1/157.1,1/290.0,1/342.7,6.218856231920778
2023-05-22,アイムジャグラーEX-TP,130,1279,-689,1,5,1/213.2,1/1279.0,1/255.8,5.630574610044187
2023-05-22,アイムジャグラーEX-TP,131,3560,-188,11,12,1/154.8,1/323.6,1/296.7,5.8050546861426255
2023-05-22,アイムジャグラーEX-TP,132,3255,-665,12,4,1/203.4,1/271.2,1/813.8,6.246579254217928
2023-05-22,アイムジャグラーEX-TP,145,325,-319,0,0,1/0.0,1/0.0,1/0.0,5.172029663579363
2023-05-22,アイムジャグラーEX-TP,146,4942,1101,17,30,1/105.1,1/290.7,1/164.7,6.113303209584383
2023-05-22,アイムジャグラーEX-TP,147,1011,741,5,8,1/77.8,1/202.2,1/126.4,6.324276231624645
2023-05-22,アイムジャグラーEX-TP,148,2500,1129,14,6,1/125.0,1/178.6,1/416.7,5.9509640561771
2023-05-22,アイムジャグラーEX-TP,149,451,-313,1,0,1/451.0,1/451.0,1/0.0,6.2636461725997
2023-05-22,アイムジャグラーEX-TP,150,2790,-284,10,7,1/164.1,1/279.0,1/398.6,6.215949435590677
2023-05-22,アイムジャグラーEX-TP,151,1123,-862,2,1,1/374.3,1/561.5,1/1123.0,6.512252632257733
2023-05-22,アイムジャグラーEX-TP,152,634,-442,1,1,1/317.0,1/634.0,1/634.0,6.227478187619186
2023-05-22,アイムジャグラーEX-TP,153,582,-274,1,2,1/194.0,1/582.0,1/291.0,6.160912229971822
2023-05-22,アイムジャグラーEX-TP,154,3212,1409,18,9,1/119.0,1/178.4,1/356.9,6.191488195702224
2023-05-22,アイムジャグラーEX-TP,155,7329,3136,36,30,1/111.0,1/203.6,1/244.3,6.005188305711462
2023-05-22,アイムジャグラーEX-TP,156,1655,1175,11,4,1/110.3,1/150.5,1/413.8,5.978453365083556
2023-05-22,アイムジャグラーEX-TP,157,3288,-851,10,5,1/219.2,1/328.8,1/657.6,5.880135687350038
2023-05-22,アイムジャグラーEX-TP,158,1055,122,5,2,1/150.7,1/211.0,1/527.5,6.286180918670225
2023-05-22,アイムジャグラーEX-TP,159,1002,-756,1,2,1/334.0,1/1002.0,1/501.0,6.00167723518902
2023-05-22,アイムジャグラーEX-TP,160,4825,1153,21,17,1/127.0,1/229.8,1/283.8,5.978337972482301
2023-05-22,アイムジャグラーEX-TP,161,817,-189,2,3,1/163.4,1/408.5,1/272.3,6.005214466642504
2023-05-22,アイムジャグラーEX-TP,162,7515,1436,33,29,1/121.2,1/227.7,1/259.1,6.407452050047872
2023-05-22,アイムジャグラーEX-TP,163,534,-479,0,3,1/178.0,1/0.0,1/178.0,7.297912400724818
2023-05-22,アイムジャグラーEX-TP,164,1838,173,8,5,1/141.4,1/229.8,1/367.6,6.300448363626504
2023-05-22,アイムジャグラーEX-TP,165,3085,-697,7,12,1/162.4,1/440.7,1/257.1,5.874627825188975
2023-05-22,アイムジャグラーEX-TP,166,1656,-201,5,6,1/150.5,1/331.2,1/276.0,6.138596839089695
2023-05-22,アイムジャグラーEX-TP,167,2993,62,9,10,1/157.5,1/332.6,1/299.3,5.422700991741895
2023-05-22,アイムジャグラーEX-TP,168,2989,555,15,5,1/149.4,1/199.3,1/597.8,6.183367440807445
2023-05-22,アイムジャグラーEX-TP,169,3224,-40,13,6,1/169.7,1/248.0,1/537.3,6.035258225655422
2023-05-22,アイムジャグラーEX-TP,170,1648,1128,9,9,1/91.6,1/183.1,1/183.1,6.058346434630038
2023-05-22,アイムジャグラーEX-TP,171,5115,433,20,16,1/142.1,1/255.8,1/319.7,6.0032068743819265
2023-05-22,アイムジャグラーEX-TP,172,1930,-1159,5,1,1/321.7,1/386.0,1/1930.0,6.517084384761908
2023-05-22,アイムジャグラーEX-TP,173,4228,-1324,10,18,1/151.0,1/422.8,1/234.9,6.582162166167773
2023-05-22,アイムジャグラーEX-TP,174,2916,547,12,6,1/162.0,1/243.0,1/486.0,5.383697963171295
2023-05-22,アイムジャグラーEX-TP,175,1155,-1135,0,3,1/385.0,1/0.0,1/385.0,6.162220042473968
2023-05-22,アイムジャグラーEX-TP,176,2150,-196,7,5,1/179.2,1/307.1,1/430.0,5.724007017898837
2023-05-22,アイムジャグラーEX-TP,177,4134,319,18,12,1/137.8,1/229.7,1/344.5,6.4776251014459705
2023-05-22,アイムジャグラーEX-TP,178,2334,953,14,3,1/137.3,1/166.7,1/778.0,6.120263813263672
2023-05-22,マイジャグラーV,117,4844,1279,23,15,1/127.5,1/210.6,1/322.9,5.866726373889609
2023-05-22,マイジャグラーV,118,4006,697,18,8,1/154.1,1/222.6,1/500.8,5.5582889320894235
2023-05-22,マイジャグラーV,119,3929,-460,15,5,1/196.4,1/261.9,1/785.8,5.801989173741457
2023-05-22,マイジャグラーV,120,5455,2416,29,19,1/113.6,1/188.1,1/287.1,5.8404389274542465
2023-05-22,ファンキージャグラー2,113,4622,1113,23,14,1/124.9,1/201.0,1/330.1,6.199448615245781
2023-05-22,ファンキージャグラー2,114,1665,267,7,3,1/166.5,1/237.9,1/555.0,5.292465329286108
2023-05-22,ファンキージャグラー2,115,2581,-95,11,4,1/172.1,1/234.6,1/645.2,6.039502405607401
2023-05-22,ファンキージャグラー2,116,708,-202,2,1,1/236.0,1/354.0,1/708.0,5.582662835551155
2023-05-22,ハッピージャグラーVIII,109,4213,-219,15,13,1/150.5,1/280.9,1/324.1,6.252012765428818
2023-05-22,ハッピージャグラーVIII,110,2541,-301,10,3,1/195.5,1/254.1,1/847.0,6.127796941545647
2023-05-22,ハッピージャグラーVIII,111,3141,75,14,6,1/157.1,1/224.4,1/523.5,6.384759025275367
2023-05-22,ハッピージャグラーVIII,112,591,-70,3,0,1/197.0,1/197.0,1/0.0,6.986256372853309
2023-05-21,アイムジャグラーEX-TP,121,3975,-1245,12,5,1/233.8,1/331.2,1/795.0,5.984393154305884
2023-05-21,アイムジャグラーEX-TP,122,1917,-474,6,4,1/191.7,1/319.5,1/479.2,6.173193732208594
2023-05-21,アイムジャグラーEX-TP,123,6319,214,22,26,1/131.6,1/287.2,1/243.0,6.175078917684469
2023-05-21,アイムジャグラーEX-TP,124,1309,119,6,3,1/145.4,1/218.2,1/436.3,6.403636208693182
2023-05-21,アイムジャグラーEX-TP,125,4437,-1155,11,16,1/164.3,1/403.4,1/277.3,6.146061590019793
2023-05-21,アイムジャグラーEX-TP,126,2257,-997,6,5,1/205.2,1/376.2,1/451.4,6.624430565328082
2023-05-21,アイムジャグラーEX-TP,127,4620,438,19,12,1/149.0,1/243.2,1/385.0,5.959283005382509
2023-05-21,アイムジャグラーEX-TP,128,3030,-311,13,4,1/178.2,1/233.1,1/757.5,6.546822365803375
2023-05-21,アイムジャグラーEX-TP,129,3470,-62,14,6,1/173.5,1/247.9,1/578.3,6.005706632827019
2023-05-21,アイムジャグラーEX-TP,130,3035,-487,9,9,1/168.6,1/337.2,1/337.2,5.968606506390736
2023-05-21,アイムジャグラーEX-TP,131,4512,283,20,9,1/155.6,1/225.6,1/501.3,6.214309127143952
2023-05-21,アイムジャグラーEX-TP,132,4085,972,22,4,1/157.1,1/185.7,1/1021.2,6.061182481060845
2023-05-21,アイムジャグラーEX-TP,145,1356,-412,4,1,1/271.2,1/339.0,1/1356.0,5.661346517869
2023-05-21,アイムジャグラーEX-TP,146,2416,426,11,9,1/120.8,1/219.6,1/268.4,6.634125038538884
2023-05-21,アイムジャグラーEX-TP,147,3386,-320,10,10,1/169.3,1/338.6,1/338.6,5.671820619577222
2023-05-21,アイムジャグラーEX-TP,148,1016,-72,4,2,1/169.3,1/254.0,1/508.0,6.246190653657703
2023-05-21,アイムジャグラーEX-TP,149,5964,-37,20,21,1/145.5,1/298.2,1/284.0,5.951612848661951
2023-05-21,アイムジャグラーEX-TP,150,1811,139,6,8,1/129.4,1/301.8,1/226.4,5.9176056250125395
2023-05-21,アイムジャグラーEX-TP,151,3757,848,17,13,1/125.2,1/221.0,1/289.0,6.213257314948708
2023-05-21,アイムジャグラーEX-TP,152,2251,68,10,2,1/187.6,1/225.1,1/1125.5,5.8921913779571415
2023-05-21,アイムジャグラーEX-TP,153,3659,627,16,10,1/140.7,1/228.7,1/365.9,5.96703022552765
2023-05-21,アイムジャグラーEX-TP,154,1027,-822,2,0,1/513.5,1/513.5,1/0.0,6.458689729953818
2023-05-21,アイムジャグラーEX-TP,155,2891,-986,7,7,1/206.5,1/413.0,1/413.0,5.933492263083206
2023-05-21,アイムジャグラーEX-TP,156,2747,-1874,4,5,1/305.2,1/686.8,1/549.4,6.121371669476325
2023-05-21,アイムジャグラーEX-TP,157,2303,-446,8,5,1/177.2,1/287.9,1/460.6,6.37404777801331
2023-05-21,アイムジャグラーEX-TP,158,5284,1612,26,17,1/122.9,1/203.2,1/310.8,6.198337824919034
2023-05-21,アイムジャグラーEX-TP,159,1384,-578,3,3,1/230.7,1/461.3,1/461.3,5.884057036919822
2023-05-21,アイムジャグラーEX-TP,160,7556,652,28,32,1/125.9,1/269.9,1/236.1,6.24915620677343
2023-05-21,アイムジャグラーEX-TP,161,872,-672,2,0,1/436.0,1/436.0,1/0.0,6.7715332816978036
2023-05-21,アイムジャグラーEX-TP,162,3004,-674,8,7,1/200.3,1/375.5,1/429.1,5.662151163942442
2023-05-21,アイムジャグラーEX-TP,163,5880,-446,20,21,1/143.4,1/294.0,1/280.0,6.360821149557239
2023-05-21,アイムジャグラーEX-TP,164,709,-619,1,1,1/354.5,1/709.0,1/709.0,6.857870678550031
2023-05-21,アイムジャグラーEX-TP,165,2573,-1363,4,7,1/233.9,1/643.2,1/367.6,5.930933279259572
2023-05-21,アイムジャグラーEX-TP,166,3438,-419,13,6,1/180.9,1/264.5,1/573.0,6.20071967666367
2023-05-21,アイムジャグラーEX-TP,167,2596,-741,7,7,1/185.4,1/370.9,1/370.9,6.113595982773978
2023-05-21,アイムジャグラーEX-TP,168,5093,-1101,16,13,1/175.6,1/318.3,1/391.8,6.251492370423644
2023-05-21,アイムジャグラーEX-TP,169,3539,-1076,10,5,1/235.9,1/353.9,1/707.8,5.7981052565320805
2023-05-21,アイムジャグラーEX-TP,170,936,-323,2,2,1/234.0,1/468.0,1/468.0,5.544582232315152
2023-05-21,アイムジャグラーEX-TP,171,3839,-1035,12,8,1/191.9,1/319.9,1/479.9,6.275156610843981
2023-05-21,アイムジャグラーEX-TP,172,3787,-275,13,10,1/164.7,1/291.3,1/378.7,5.962608321045852
2023-05-21,アイムジャグラーEX-TP,173,2258,-394,7,8,1/150.5,1/322.6,1/282.2,6.464827943242476
2023-05-21,アイムジャグラーEX-TP,174,5800,114,19,22,1/141.5,1/305.3,1/263.6,5.866729649718308
2023-05-21,アイムジャグラーEX-TP,175,6019,-529,16,27,1/140.0,1/376.2,1/222.9,5.946741089553425
2023-05-21,アイムジャグラーEX-TP,176,3207,-65,12,11,1/139.4,1/267.2,1/291.5,6.4453044570295255
2023-05-21,アイムジャグラーEX-TP,177,3001,-60,13,5,1/166.7,1/230.8,1/600.2,6.342952202293717
2023-05-21,アイムジャグラーEX-TP,178,3970,170,17,8,1/158.8,1/233.5,1/496.2,6.138170211459964
2023-05-21,マイジャグラーV,117,5655,699,23,19,1/134.6,1/245.9,1/297.6,5.8778841121747405
2023-05-21,マイジャグラーV,118,3695,96,16,5,1/176.0,1/230.9,1/739.0,5.748670666096196
2023-05-21,マイジャグラーV,119,2494,-1055,5,6,1/226.7,1/498.8,1/415.7,5.719540988947737
2023-05-21,マイジャグラーV,120,5449,-1146,19,6,1/218.0,1/286.8,1/908.2,5.792488816023192
2023-05-21,ファンキージャグラー2,113,1964,399,11,2,1/151.1,1/178.5,1/982.0,6.178245529265506
2023-05-21,ファンキージャグラー2,114,1219,-323,4,1,1/243.8,1/304.8,1/1219.0,5.712159302235609
2023-05-21,ファンキージャグラー2,115,1367,-679,3,2,1/273.4,1/455.7,1/683.5,5.849745937767069
2023-05-21,ファンキージャグラー2,116,2520,-443,7,7,1/180.0,1/360.0,1/360.0,5.619004722639684
2023-05-21,ハッピージャグラーVIII,109,4945,331,20,18,1/130.1,1/247.2,1/274.7,6.507131732490105
2023-05-21,ハッピージャグラーVIII,110,1900,-597,5,4,1/211.1,1/380.0,1/475.0,5.997782398876205
2023-05-21,ハッピージャグラーVIII,111,883,-866,1,0,1/883.0,1/883.0,1/0.0,6.514171966578166
2023-05-21,ハッピージャグラーVIII,112,4025,-948,11,12,1/175.0,1/365.9,1/335.4,6.133207748603243
2023-05-20,アイムジャグラーEX-TP,121,4735,-2149,11,8,1/249.2,1/430.5,1/591.9,6.015710851522918
2023-05-20,アイムジャグラーEX-TP,122,6479,1139,30,16,1/140.8,1/216.0,1/404.9,6.127811101422168
2023-05-20,アイムジャグラーEX-TP,123,1656,286,8,2,1/165.6,1/207.0,1/828.0,5.829964850522306
2023-05-20,アイムジャグラーEX-TP,124,3355,-630,11,8,1/176.6,1/305.0,1/419.4,6.203250854749725
2023-05-20,アイムジャグラーEX-TP,125,3781,-110,15,9,1/157.5,1/252.1,1/420.1,6.270863765791515
2023-05-20,アイムジャグラーEX-TP,126,4179,-273,16,10,1/160.7,1/261.2,1/417.9,6.283797968993494
2023-05-20,アイムジャグラーEX-TP,127,3939,-1107,13,7,1/196.9,1/303.0,1/562.7,6.406111772159829
2023-05-20,アイムジャグラーEX-TP,128,3361,-143,12,9,1/160.0,1/280.1,1/373.4,5.998527335660296
2023-05-20,アイムジャグラーEX-TP,129,3425,17,13,8,1/163.1,1/263.5,1/428.1,5.8946966231993745
2023-05-20,アイムジャグラーEX-TP,130,3653,-114,14,7,1/174.0,1/260.9,1/521.9,5.918541523607567
2023-05-20,アイムジャグラーEX-TP,131,4340,81,17,11,1/155.0,1/255.3,1/394.5,6.054150329295559
2023-05-20,アイムジャグラーEX-TP,132,5563,54,21,16,1/150.4,1/264.9,1/347.7,6.080783121792293
2023-05-20,アイムジャグラーEX-TP,145,5355,-775,17,15,1/167.3,1/315.0,1/357.0,6.064420796286196
2023-05-20,アイムジャグラーEX-TP,146,2549,838,12,9,1/121.4,1/212.4,1/283.2,5.979291197603705
2023-05-20,アイムジャグラーEX-TP,147,2874,300,12,8,1/143.7,1/239.5,1/359.2,6.067464633267997
2023-05-20,アイムジャグラーEX-TP,148,2296,519,10,6,1/143.5,1/229.6,1/382.7,5.669096048807954
2023-05-20,アイムジャグラーEX-TP,149,3579,-410,11,12,1/155.6,1/325.4,1/298.2,6.050581338468725
2023-05-20,アイムジャグラーEX-TP,150,2932,-118,12,6,1/162.9,1/244.3,1/488.7,6.324870820122184
2023-05-20,アイムジャグラーEX-TP,151,1660,-511,6,2,1/207.5,1/276.7,1/830.0,6.680042848853166
2023-05-20,アイムジャグラーEX-TP,152,3962,209,15,10,1/158.5,1/264.1,1/396.2,5.757723120163347
2023-05-20,アイムジャグラーEX-TP,153,4849,1041,21,18,1/124.3,1/230.9,1/269.4,6.147630276165017
2023-05-20,アイムジャグラーEX-TP,154,3168,94,12,12,1/132.0,1/264.0,1/264.0,6.423165959037069
2023-05-20,アイムジャグラーEX-TP,155,3324,-645,9,9,1/184.7,1/369.3,1/369.3,5.730249438585534
2023-05-20,アイムジャグラーEX-TP,156,5180,-536,18,11,1/178.6,1/287.8,1/470.9,5.928089640497412
2023-05-20,アイムジャグラーEX-TP,157,4866,233,21,12,1/147.5,1/231.7,1/405.5,6.364366745051092
2023-05-20,アイムジャグラーEX-TP,158,2821,-736,7,9,1/176.3,1/403.0,1/313.4,5.969753306346071
2023-05-20,アイムジャグラーEX-TP,159,5687,-73,21,18,1/145.8,1/270.8,1/315.9,6.2197139603093
2023-05-20,アイムジャグラーEX-TP,160,2628,-211,9,7,1/164.2,1/292.0,1/375.4,5.997560991863309
2023-05-20,アイムジャグラーEX-TP,161,3922,152,14,14,1/140.1,1/280.1,1/280.1,6.014102503001378
2023-05-20,アイムジャグラーEX-TP,162,2092,-474,6,5,1/190.2,1/348.7,1/418.4,5.910657585237008
2023-05-20,アイムジャグラーEX-TP,163,4153,-116,12,20,1/129.8,1/346.1,1/207.7,6.080401383210057
2023-05-20,アイムジャグラーEX-TP,164,4963,556,20,17,1/134.1,1/248.2,1/291.9,6.146318264335203
2023-05-20,アイムジャグラーEX-TP,165,3603,1395,18,13,1/116.2,1/200.2,1/277.2,6.076158192399095
2023-05-20,アイムジャグラーEX-TP,166,4407,2445,26,11,1/119.1,1/169.5,1/400.6,5.869097706333443
2023-05-20,アイムジャグラーEX-TP,167,2308,-882,4,9,1/177.5,1/577.0,1/256.4,5.973253850063615
2023-05-20,アイムジャグラーEX-TP,168,6004,1526,29,15,1/136.5,1/207.0,1/400.3,6.0107370745426305
2023-05-20,アイムジャグラーEX-TP,169,4986,111,21,8,1/171.9,1/237.4,1/623.2,5.97219308093044
2023-05-20,アイムジャグラーEX-TP,170,5869,3748,33,26,1/99.5,1/177.8,1/225.7,6.004890614558553
2023-05-20,アイムジャグラーEX-TP,171,5689,-273,20,20,1/142.2,1/284.4,1/284.4,6.3381779934181885
2023-05-20,アイムジャグラーEX-TP,172,3879,720,20,3,1/168.7,1/193.9,1/1293.0,5.94869847952095
2023-05-20,アイムジャグラーEX-TP,173,1975,-151,8,4,1/164.6,1/246.9,1/493.8,6.445212430938325
2023-05-20,アイムジャグラーEX-TP,174,2098,-398,6,6,1/174.8,1/349.7,1/349.7,5.936163549737524
2023-05-20,アイムジャグラーEX-TP,175,3662,-1384,10,8,1/203.4,1/366.2,1/457.8,6.368407910891261
2023-05-20,アイムジャグラーEX-TP,176,3819,-369,12,16,1/136.4,1/318.2,1/238.7,6.435178192257849
2023-05-20,アイムジャグラーEX-TP,177,2381,-749,6,6,1/198.4,1/396.8,1/396.8,5.967549563243544
2023-05-20,アイムジャグラーEX-TP,178,4042,-1477,11,5,1/252.6,1/367.5,1/808.4,5.8766341826334605
2023-05-20,マイジャグラーV,117,5633,-1639,19,8,1/208.6,1/296.5,1/704.1,6.166624630559295
2023-05-20,マイジャグラーV,118,4780,2082,27,15,1/113.8,1/177.0,1/318.7,6.080038942776626
2023-05-20,マイジャグラーV,119,7817,1149,39,18,1/137.1,1/200.4,1/434.3,6.326415133940702
2023-05-20,マイジャグラーV,120,3468,-142,16,3,1/182.5,1/216.8,1/1156.0,6.137879226978712
2023-05-20,ファンキージャグラー2,113,3832,845,19,10,1/132.1,1/201.7,1/383.2,6.08649058781887
2023-05-20,ファンキージャグラー2,114,3471,-552,11,8,1/182.7,1/315.5,1/433.9,5.747440833368986
2023-05-20,ファンキージャグラー2,115,3745,3,15,7,1/170.2,1/249.7,1/535.0,5.742234064461944
2023-05-20,ファンキージャグラー2,116,3576,-19,16,3,1/188.2,1/223.5,1/1192.0,5.826617556449228
2023-05-20,ハッピージャグラーVIII,109,6442,-266,25,16,1/157.1,1/257.7,1/402.6,6.293787134730202
2023-05-20,ハッピージャグラーVIII,110,1314,-251,6,1,1/187.7,1/219.0,1/1314.0,7.130578446469989
2023-05-20,ハッピージャグラーVIII,111,2995,-821,8,9,1/176.2,1/374.4,1/332.8,6.258164704395094
2023-05-20,ハッピージャグラーVIII,112,5906,-225,18,25,1/137.3,1/328.1,1/236.2,6.122942115155633
2023-05-19,アイムジャグラーEX-TP,121,5162,-197,16,22,1/135.8,1/322.6,1/234.6,6.1281960198352206
2023-05-19,アイムジャグラーEX-TP,122,1944,36,7,5,1/162.0,1/277.7,1/388.8,5.725953733586925
2023-05-19,アイムジャグラーEX-TP,123,4012,541,18,9,1/148.6,1/222.9,1/445.8,6.050289822002494
2023-05-19,アイムジャグラーEX-TP,124,3158,-614,7,10,1/185.8,1/451.1,1/315.8,5.422408079065235
2023-05-19,アイムジャグラーEX-TP,125,409,-493,0,0,1/0.0,1/0.0,1/0.0,6.0471327423998344
2023-05-19,アイムジャグラーEX-TP,126,6476,958,25,26,1/127.0,1/259.0,1/249.1,6.04270037455878
2023-05-19,アイムジャグラーEX-TP,127,4763,-19,16,20,1/132.3,1/297.7,1/238.2,6.248208379048145
2023-05-19,アイムジャグラーEX-TP,128,1675,468,6,9,1/111.7,1/279.2,1/186.1,5.730938428337182
2023-05-19,アイムジャグラーEX-TP,129,860,105,4,2,1/143.3,1/215.0,1/430.0,6.3477113917061985
2023-05-19,アイムジャグラーEX-TP,130,5984,1025,23,25,1/124.7,1/260.2,1/239.4,5.9881416382827
2023-05-19,アイムジャグラーEX-TP,131,892,404,6,1,1/127.4,1/148.7,1/892.0,6.75430452508872
2023-05-19,アイムジャグラーEX-TP,132,6657,1291,30,21,1/130.5,1/221.9,1/317.0,6.203901005869774
2023-05-19,アイムジャグラーEX-TP,145,4457,1640,21,19,1/111.4,1/212.2,1/234.6,6.1235962373503146
2023-05-19,アイムジャグラーEX-TP,146,1869,-462,6,5,1/169.9,1/311.5,1/373.8,6.558815042152757
2023-05-19,アイムジャグラーEX-TP,147,2698,-225,9,9,1/149.9,1/299.8,1/299.8,6.206030743728608
2023-05-19,アイムジャグラーEX-TP,148,1152,-701,1,3,1/288.0,1/1152.0,1/384.0,5.503322822241526
2023-05-19,アイムジャグラーEX-TP,149,5308,2247,26,25,1/104.1,1/204.2,1/212.3,6.287635117967844
2023-05-19,アイムジャグラーEX-TP,150,238,-269,0,1,1/238.0,1/0.0,1/238.0,8.017174269451838
2023-05-19,アイムジャグラーEX-TP,151,4632,1564,24,13,1/125.2,1/193.0,1/356.3,6.168876756882983
2023-05-19,アイムジャグラーEX-TP,152,831,-152,3,1,1/207.8,1/277.0,1/831.0,6.043450005614372
2023-05-19,アイムジャグラーEX-TP,153,709,-534,1,2,1/236.3,1/709.0,1/354.5,6.943926860176638
2023-05-19,アイムジャグラーEX-TP,154,5222,1006,22,17,1/133.9,1/237.4,1/307.2,5.9154898529128515
2023-05-19,アイムジャグラーEX-TP,155,1984,337,9,6,1/132.3,1/220.4,1/330.7,6.297320962864184
2023-05-19,アイムジャグラーEX-TP,156,3234,-220,11,9,1/161.7,1/294.0,1/359.3,5.96735821841033
2023-05-19,アイムジャグラーEX-TP,157,3074,-577,9,8,1/180.8,1/341.6,1/384.2,5.894809558819143
2023-05-19,アイムジャグラーEX-TP,158,1675,-582,4,4,1/209.4,1/418.8,1/418.8,5.911062332593422
2023-05-19,アイムジャグラーEX-TP,159,3095,-832,9,6,1/206.3,1/343.9,1/515.8,5.951350259460605
2023-05-19,アイムジャグラーEX-TP,160,1094,-814,1,1,1/547.0,1/1094.0,1/1094.0,5.451322134968956
2023-05-19,アイムジャグラーEX-TP,161,3167,-261,12,8,1/158.3,1/263.9,1/395.9,6.383167239304154
2023-05-19,アイムジャグラーEX-TP,162,5103,-307,18,18,1/141.8,1/283.5,1/283.5,6.420869943700183
2023-05-19,アイムジャグラーEX-TP,163,5320,-74,19,17,1/147.8,1/280.0,1/312.9,6.094223569570031
2023-05-19,アイムジャグラーEX-TP,164,981,-402,2,2,1/245.2,1/490.5,1/490.5,5.665272813204695
2023-05-19,アイムジャグラーEX-TP,165,6804,1665,33,19,1/130.8,1/206.2,1/358.1,6.2089573682255566
2023-05-19,アイムジャグラーEX-TP,166,4895,936,21,18,1/125.5,1/233.1,1/271.9,6.194853386676989
2023-05-19,アイムジャグラーEX-TP,167,1466,844,9,3,1/122.2,1/162.9,1/488.7,5.8537059069402915
2023-05-19,アイムジャグラーEX-TP,168,3436,-732,10,9,1/180.8,1/343.6,1/381.8,5.994472837841537
2023-05-19,アイムジャグラーEX-TP,169,3949,-1225,11,8,1/207.8,1/359.0,1/493.6,6.03639682841688
2023-05-19,アイムジャグラーEX-TP,170,933,-110,3,1,1/233.2,1/311.0,1/933.0,5.331723491905152
2023-05-19,アイムジャグラーEX-TP,171,2762,-248,9,9,1/153.4,1/306.9,1/306.9,6.109403265252639
2023-05-19,アイムジャグラーEX-TP,172,2874,-1201,7,6,1/221.1,1/410.6,1/479.0,6.1555897927813
2023-05-19,アイムジャグラーEX-TP,173,1302,-218,4,2,1/217.0,1/325.5,1/651.0,5.5452255735581835
2023-05-19,アイムジャグラーEX-TP,174,3010,16,10,9,1/158.4,1/301.0,1/334.4,5.6572391564022695
2023-05-19,アイムジャグラーEX-TP,175,4306,-2185,8,11,1/226.6,1/538.2,1/391.5,6.103260852078997
2023-05-19,アイムジャグラーEX-TP,176,859,-722,1,1,1/429.5,1/859.0,1/859.0,6.228435221300871
2023-05-19,アイムジャグラーEX-TP,177,6714,-533,21,25,1/146.0,1/319.7,1/268.6,6.114308277303569
2023-05-19,アイムジャグラーEX-TP,178,3656,-449,13,10,1/159.0,1/281.2,1/365.6,6.391904631803827
2023-05-19,マイジャグラーV,117,5909,-663,18,23,1/144.1,1/328.3,1/256.9,6.066227696967909
2023-05-19,マイジャグラーV,118,3191,103,14,6,1/159.6,1/227.9,1/531.8,5.99682226208353
2023-05-19,マイジャグラーV,119,2683,-1476,4,6,1/268.3,1/670.8,1/447.2,5.670937674828206
2023-05-19,マイジャグラーV,120,7113,1865,30,26,1/127.0,1/237.1,1/273.6,5.572999258914694
2023-05-19,ファンキージャグラー2,113,2601,-47,10,6,1/162.6,1/260.1,1/433.5,5.834866055921897
2023-05-19,ファンキージャグラー2,114,1271,-617,4,1,1/254.2,1/317.8,1/1271.0,6.582389893053642
2023-05-19,ファンキージャグラー2,115,1814,-726,4,5,1/201.6,1/453.5,1/362.8,5.977399071872045
2023-05-19,ファンキージャグラー2,116,2108,-873,4,8,1/175.7,1/527.0,1/263.5,6.158116656288721
2023-05-19,ハッピージャグラーVIII,109,4267,-1350,8,13,1/203.2,1/533.4,1/328.2,5.622111526150468
2023-05-19,ハッピージャグラーVIII,110,6446,1209,26,24,1/128.9,1/247.9,1/268.6,5.949229107134094
2023-05-19,ハッピージャグラーVIII,111,1081,-391,2,3,1/216.2,1/540.5,1/360.3,5.675641920811013
2023-05-19,ハッピージャグラーVIII,112,4213,-247,16,11,1/156.0,1/263.3,1/383.0,6.341770832629689
2023-05-18,アイムジャグラーEX-TP,121,6400,-138,23,19,1/152.4,1/278.3,1/336.8,6.05576890050419
2023-05-18,アイムジャグラーEX-TP,122,5051,100,18,19,1/136.5,1/280.6,1/265.8,6.180205115024555
2023-05-18,アイムジャグラーEX-TP,123,2702,-975,6,9,1/180.1,1/450.3,1/300.2,6.190555517128695
2023-05-18,アイムジャグラーEX-TP,124,4615,-273,18,7,1/184.6,1/256.4,1/659.3,5.949132532041686
2023-05-18,アイムジャグラーEX-TP,125,2135,-561,8,2,1/213.5,1/266.9,1/1067.5,6.478376030433498
2023-05-18,アイムジャグラーEX-TP,126,2308,-1031,6,6,1/192.3,1/384.7,1/384.7,6.77487842204745
2023-05-18,アイムジャグラーEX-TP,127,5417,-193,21,12,1/164.2,1/258.0,1/451.4,6.1177418772125485
2023-05-18,アイムジャグラーEX-TP,128,6409,-20,22,22,1/145.7,1/291.3,1/291.3,5.98901795954074
2023-05-18,アイムジャグラーEX-TP,129,3341,-839,10,7,1/196.5,1/334.1,1/477.3,6.034951890812204
2023-05-18,アイムジャグラーEX-TP,130,4019,676,14,19,1/121.8,1/287.1,1/211.5,5.835136614137806
2023-05-18,アイムジャグラーEX-TP,131,6180,361,24,21,1/137.3,1/257.5,1/294.3,6.214359504417901
2023-05-18,アイムジャグラーEX-TP,132,4084,-1021,11,10,1/194.5,1/371.3,1/408.4,5.846386816277479
2023-05-18,アイムジャグラーEX-TP,145,4412,411,18,14,1/137.9,1/245.1,1/315.1,6.181492544071997
2023-05-18,アイムジャグラーEX-TP,146,4721,983,19,18,1/127.6,1/248.5,1/262.3,5.872850436910341
2023-05-18,アイムジャグラーEX-TP,147,1245,-481,3,4,1/177.9,1/415.0,1/311.2,6.501269836379486
2023-05-18,アイムジャグラーEX-TP,148,2371,907,13,7,1/118.5,1/182.4,1/338.7,6.389443335312056
2023-05-18,アイムジャグラーEX-TP,149,1142,521,6,4,1/114.2,1/190.3,1/285.5,6.0111533739993295
2023-05-18,アイムジャグラーEX-TP,150,5245,-66,18,17,1/149.9,1/291.4,1/308.5,5.948998200612356
2023-05-18,アイムジャグラーEX-TP,151,5464,20,15,27,1/130.1,1/364.3,1/202.4,5.832745842177725
2023-05-18,アイムジャグラーEX-TP,152,3239,693,15,8,1/140.8,1/215.9,1/404.9,5.954757703409347
2023-05-18,アイムジャグラーEX-TP,153,8874,3372,40,38,1/113.8,1/221.8,1/233.5,5.848348410987129
2023-05-18,アイムジャグラーEX-TP,154,4536,28,17,13,1/151.2,1/266.8,1/348.9,6.061173435159622
2023-05-18,アイムジャグラーEX-TP,155,1701,-284,6,4,1/170.1,1/283.5,1/425.2,6.394219054592345
2023-05-18,アイムジャグラーEX-TP,156,4319,170,17,11,1/154.2,1/254.1,1/392.6,5.987370156274381
2023-05-18,アイムジャグラーEX-TP,157,7368,1638,30,29,1/124.9,1/245.6,1/254.1,5.9139682801807005
2023-05-18,アイムジャグラーEX-TP,158,3786,-786,10,15,1/151.4,1/378.6,1/252.4,6.251432516751932
2023-05-18,アイムジャグラーEX-TP,159,2102,-318,7,4,1/191.1,1/300.3,1/525.5,5.886350368399562
2023-05-18,アイムジャグラーEX-TP,160,5436,2053,26,23,1/110.9,1/209.1,1/236.3,6.147845575392939
2023-05-18,アイムジャグラーEX-TP,161,5195,-824,15,17,1/162.3,1/346.3,1/305.6,6.0035052612431965
2023-05-18,アイムジャグラーEX-TP,162,3330,-908,9,11,1/166.5,1/370.0,1/302.7,6.339377126689692
2023-05-18,アイムジャグラーEX-TP,163,1867,-208,7,3,1/186.7,1/266.7,1/622.3,6.052174215222317
2023-05-18,アイムジャグラーEX-TP,164,4602,832,18,19,1/124.4,1/255.7,1/242.2,6.000901074024375
2023-05-18,アイムジャグラーEX-TP,165,2459,-890,7,3,1/245.9,1/351.3,1/819.7,5.992739597357111
2023-05-18,アイムジャグラーEX-TP,166,4534,450,18,11,1/156.3,1/251.9,1/412.2,5.718291941908864
2023-05-18,アイムジャグラーEX-TP,167,4015,-1652,9,10,1/211.3,1/446.1,1/401.5,6.077055090888299
2023-05-18,アイムジャグラーEX-TP,168,6975,2432,36,21,1/122.4,1/193.8,1/332.1,6.1850308508895475
2023-05-18,アイムジャグラーEX-TP,169,5691,2,18,22,1/142.3,1/316.2,1/258.7,5.857447332069115
2023-05-18,アイムジャグラーEX-TP,170,7582,1259,34,22,1/135.4,1/223.0,1/344.6,6.195252864205449
2023-05-18,アイムジャグラーEX-TP,171,5308,-320,17,19,1/147.4,1/312.2,1/279.4,6.049586642731517
2023-05-18,アイムジャグラーEX-TP,172,7102,1981,32,28,1/118.4,1/221.9,1/253.6,6.155493841524619
2023-05-18,アイムジャグラーEX-TP,173,5823,1239,22,25,1/123.9,1/264.7,1/232.9,5.784922655643702
2023-05-18,アイムジャグラーEX-TP,174,6078,2973,32,24,1/108.5,1/189.9,1/253.2,6.067284447591422
2023-05-18,アイムジャグラーEX-TP,175,1839,-805,4,6,1/183.9,1/459.8,1/306.5,6.486542311761353
2023-05-18,アイムジャグラーEX-TP,176,5179,261,20,20,1/129.5,1/258.9,1/258.9,6.448390415014871
2023-05-18,アイムジャグラーEX-TP,177,2621,-1649,4,9,1/201.6,1/655.2,1/291.2,6.730270159104253
2023-05-18,アイムジャグラーEX-TP,178,5852,-249,21,14,1/167.2,1/278.7,1/418.0,5.898466169993372
2023-05-18,マイジャグラーV,117,5982,-598,19,20,1/153.4,1/314.8,1/299.1,5.916269901212015
2023-05-18,マイジャグラーV,118,6714,4391,40,29,1/97.3,1/167.8,1/231.5,5.935861648945367
2023-05-18,マイジャグラーV,119,9093,1646,35,39,1/122.9,1/259.8,1/233.2,5.78821304206856
2023-05-18,マイジャグラーV,120,9383,1326,37,34,1/132.2,1/253.6,1/276.0,5.7834015096164935
2023-05-18,ファンキージャグラー2,113,4169,-755,12,12,1/173.7,1/347.4,1/347.4,5.777088464161412
2023-05-18,ファンキージャグラー2,114,2430,-600,9,2,1/220.9,1/270.0,1/1215.0,6.073119230888184
2023-05-18,ファンキージャグラー2,115,2953,-792,6,12,1/164.1,1/492.2,1/246.1,5.766520694898942
2023-05-18,ファンキージャグラー2,116,1623,-641,5,2,1/231.9,1/324.6,1/811.5,6.253340930712318
2023-05-18,ハッピージャグラーVIII,109,5607,403,22,16,1/147.6,1/254.9,1/350.4,5.97646339847189
2023-05-18,ハッピージャグラーVIII,110,6380,894,22,28,1/127.6,1/290.0,1/227.9,5.8229516934590135
2023-05-18,ハッピージャグラーVIII,111,3496,-948,10,8,1/194.2,1/349.6,1/437.0,6.132622164341995
2023-05-18,ハッピージャグラーVIII,112,3154,-1515,4,15,1/166.0,1/788.5,1/210.3,6.447316516582754
2023-05-17,アイムジャグラーEX-TP,121,5786,-127,20,18,1/152.3,1/289.3,1/321.4,5.963135291625864
2023-05-17,アイムジャグラーEX-TP,122,3443,452,18,7,1/137.7,1/191.3,1/491.9,6.941959552470034
2023-05-17,アイムジャグラーEX-TP,123,2425,-99,9,7,1/151.6,1/269.4,1/346.4,6.249645638649355
2023-05-17,アイムジャグラーEX-TP,124,2377,-215,8,6,1/169.8,1/297.1,1/396.2,5.917873067124813
2023-05-17,アイムジャグラーEX-TP,125,4848,-159,19,11,1/161.6,1/255.2,1/440.7,6.17894925285568
2023-05-17,アイムジャグラーEX-TP,126,296,-236,0,1,1/296.0,1/0.0,1/296.0,5.676850284005531
2023-05-17,アイムジャグラーEX-TP,127,5918,446,20,25,1/131.5,1/295.9,1/236.7,5.916263754076091
2023-05-17,アイムジャグラーEX-TP,128,982,-447,3,1,1/245.5,1/327.3,1/982.0,6.619423843191645
2023-05-17,アイムジャグラーEX-TP,129,7144,5642,48,27,1/95.3,1/148.8,1/264.6,6.299429168901868
2023-05-17,アイムジャグラーEX-TP,130,482,-460,0,2,1/241.0,1/0.0,1/241.0,6.786937201681021
2023-05-17,アイムジャグラーEX-TP,131,4864,-1255,14,15,1/167.7,1/347.4,1/324.3,6.382680177425386
2023-05-17,アイムジャグラーEX-TP,132,4431,-346,14,15,1/152.8,1/316.5,1/295.4,5.9972227620685175
2023-05-17,アイムジャグラーEX-TP,145,2585,-282,7,11,1/143.6,1/369.3,1/235.0,5.999059180428725
2023-05-17,アイムジャグラーEX-TP,146,723,-486,0,3,1/241.0,1/0.0,1/241.0,5.476104076879957
2023-05-17,アイムジャグラーEX-TP,147,768,170,4,1,1/153.6,1/192.0,1/768.0,6.074148747202865
2023-05-17,アイムジャグラーEX-TP,148,1667,660,10,3,1/128.2,1/166.7,1/555.7,6.422470741831586
2023-05-17,アイムジャグラーEX-TP,149,981,-150,3,4,1/140.1,1/327.0,1/245.2,6.564442043504786
2023-05-17,アイムジャグラーEX-TP,150,3148,-661,8,12,1/157.4,1/393.5,1/262.3,6.075532064527553
2023-05-17,アイムジャグラーEX-TP,151,837,-418,2,1,1/279.0,1/418.5,1/837.0,6.084762264994232
2023-05-17,アイムジャグラーEX-TP,152,6101,1121,24,24,1/127.1,1/254.2,1/254.2,5.930296187044089
2023-05-17,アイムジャグラーEX-TP,153,376,-301,0,1,1/376.0,1/0.0,1/376.0,5.425701867206235
2023-05-17,アイムジャグラーEX-TP,154,3458,-810,8,12,1/172.9,1/432.2,1/288.2,5.787531775357004
2023-05-17,アイムジャグラーEX-TP,155,1067,370,5,3,1/133.4,1/213.4,1/355.7,5.594744987643322
2023-05-17,アイムジャグラーEX-TP,156,4930,-198,19,10,1/170.0,1/259.5,1/493.0,6.03024209220289
2023-05-17,アイムジャグラーEX-TP,157,1137,-103,4,2,1/189.5,1/284.2,1/568.5,5.770841849596939
2023-05-17,アイムジャグラーEX-TP,158,7026,-1027,19,25,1/159.7,1/369.8,1/281.0,5.86601324433246
2023-05-17,アイムジャグラーEX-TP,159,1706,-435,5,3,1/213.2,1/341.2,1/568.7,5.841680727562501
2023-05-17,アイムジャグラーEX-TP,160,1709,-1005,3,3,1/284.8,1/569.7,1/569.7,6.005977300428121
2023-05-17,アイムジャグラーEX-TP,161,3854,-149,11,20,1/124.3,1/350.4,1/192.7,6.2585314916102295
2023-05-17,アイムジャグラーEX-TP,162,2256,-329,9,2,1/205.1,1/250.7,1/1128.0,6.174182726087228
2023-05-17,アイムジャグラーEX-TP,163,2420,1337,13,10,1/105.2,1/186.2,1/242.0,5.981244842875539
2023-05-17,アイムジャグラーEX-TP,164,5083,1927,26,19,1/113.0,1/195.5,1/267.5,6.318013185095648
2023-05-17,アイムジャグラーEX-TP,165,1104,698,7,3,1/110.4,1/157.7,1/368.0,6.113103714673985
2023-05-17,アイムジャグラーEX-TP,166,2233,-1375,5,2,1/319.0,1/446.6,1/1116.5,6.325804662608124
2023-05-17,アイムジャグラーEX-TP,167,5992,411,24,20,1/136.2,1/249.7,1/299.6,6.286116846574938
2023-05-17,アイムジャグラーEX-TP,168,5643,-665,21,11,1/176.3,1/268.7,1/513.0,6.202538980698727
2023-05-17,アイムジャグラーEX-TP,169,1625,-1308,2,2,1/406.2,1/812.5,1/812.5,6.168387488612208
2023-05-17,アイムジャグラーEX-TP,170,1837,-735,4,6,1/183.7,1/459.2,1/306.2,6.299121229725626
2023-05-17,アイムジャグラーEX-TP,171,4665,319,19,15,1/137.2,1/245.5,1/311.0,6.313532030720171
2023-05-17,アイムジャグラーEX-TP,172,1825,-162,7,3,1/182.5,1/260.7,1/608.3,6.063918687003776
2023-05-17,アイムジャグラーEX-TP,173,4130,909,19,10,1/142.4,1/217.4,1/413.0,5.874078948332214
2023-05-17,アイムジャグラーEX-TP,174,634,-412,1,2,1/211.3,1/634.0,1/317.0,6.769843784252982
2023-05-17,アイムジャグラーEX-TP,175,1601,-61,6,4,1/160.1,1/266.8,1/400.2,6.103871654146167
2023-05-17,アイムジャグラーEX-TP,176,6182,722,25,22,1/131.5,1/247.3,1/281.0,6.201127190786164
2023-05-17,アイムジャグラーEX-TP,177,1714,1893,14,5,1/90.2,1/122.4,1/342.8,6.141194224368063
2023-05-17,アイムジャグラーEX-TP,178,4880,-248,18,11,1/168.3,1/271.1,1/443.6,5.98777451047336
2023-05-17,マイジャグラーV,117,5606,-413,18,19,1/151.5,1/311.4,1/295.1,5.857199792148812
2023-05-17,マイジャグラーV,118,2073,-983,5,4,1/230.3,1/414.6,1/518.2,6.175297366503402
2023-05-17,マイジャグラーV,119,4110,165,16,12,1/146.8,1/256.9,1/342.5,5.8772236188671965
2023-05-17,マイジャグラーV,120,5811,1079,26,22,1/121.1,1/223.5,1/264.1,6.225034990814826
2023-05-17,ファンキージャグラー2,113,674,287,4,1,1/134.8,1/168.5,1/674.0,5.741705461158407
2023-05-17,ファンキージャグラー2,114,2706,-253,9,9,1/150.3,1/300.7,1/300.7,6.048342821680448
2023-05-17,ファンキージャグラー2,115,1996,163,8,5,1/153.5,1/249.5,1/399.2,5.662340668655483
2023-05-17,ファンキージャグラー2,116,2108,-54,9,1,1/210.8,1/234.2,1/2108.0,5.569353443771921
2023-05-17,ハッピージャグラーVIII,109,6947,3092,38,24,1/112.0,1/182.8,1/289.5,6.232418825453036
2023-05-17,ハッピージャグラーVIII,110,571,-134,2,1,1/190.3,1/285.5,1/571.0,6.4597208546459575
2023-05-17,ハッピージャグラーVIII,111,959,823,7,2,1/106.6,1/137.0,1/479.5,5.758429527953641
2023-05-17,ハッピージャグラーVIII,112,6312,1640,28,21,1/128.8,1/225.4,1/300.6,5.889190294181476
2023-05-16,アイムジャグラーEX-TP,121,3703,-1671,8,7,1/246.9,1/462.9,1/529.0,5.907527618010682
2023-05-16,アイムジャグラーEX-TP,122,1054,103,5,1,1/175.7,1/210.8,1/1054.0,5.953333770890185
2023-05-16,アイムジャグラーEX-TP,123,2944,-551,9,9,1/163.6,1/327.1,1/327.1,6.24080175987218
2023-05-16,アイムジャグラーEX-TP,124,3637,219,15,8,1/158.1,1/242.5,1/454.6,5.957717113536675
2023-05-16,アイムジャグラーEX-TP,125,3939,867,17,12,1/135.8,1/231.7,1/328.2,5.822828921871516
2023-05-16,アイムジャグラーEX-TP,126,897,-187,2,4,1/149.5,1/448.5,1/224.2,5.992969585245081
2023-05-16,アイムジャグラーEX-TP,127,3242,-1434,8,5,1/249.4,1/405.2,1/648.4,6.0646826275071
2023-05-16,アイムジャグラーEX-TP,128,2421,-59,9,6,1/161.4,1/269.0,1/403.5,5.997560991863309
2023-05-16,アイムジャグラーEX-TP,129,3126,-31,12,10,1/142.1,1/260.5,1/312.6,6.40405086742111
2023-05-16,アイムジャグラーEX-TP,130,2510,1322,15,7,1/114.1,1/167.3,1/358.6,6.211750404444347
2023-05-16,アイムジャグラーEX-TP,131,4072,-351,13,10,1/177.0,1/313.2,1/407.2,5.689565486402728
2023-05-16,アイムジャグラーEX-TP,132,2498,-413,10,4,1/178.4,1/249.8,1/624.5,6.640872009766602
2023-05-16,アイムジャグラーEX-TP,145,1868,-631,6,2,1/233.5,1/311.3,1/934.0,6.242528515455873
2023-05-16,アイムジャグラーEX-TP,146,2030,-479,6,6,1/169.2,1/338.3,1/338.3,6.30804645705308
2023-05-16,アイムジャグラーEX-TP,147,1453,-614,3,4,1/207.6,1/484.3,1/363.2,6.038758522681108
2023-05-16,アイムジャグラーEX-TP,148,1532,-379,3,5,1/191.5,1/510.7,1/306.4,5.412504184798438
2023-05-16,アイムジャグラーEX-TP,149,4307,-270,15,10,1/172.3,1/287.1,1/430.7,5.841758230609421
2023-05-16,アイムジャグラーEX-TP,150,1175,-845,2,1,1/391.7,1/587.5,1/1175.0,6.151727784736647
2023-05-16,アイムジャグラーEX-TP,151,267,-275,0,1,1/267.0,1/0.0,1/267.0,7.007611000427019
2023-05-16,アイムジャグラーEX-TP,152,4119,2089,25,9,1/121.1,1/164.8,1/457.7,6.142432313124884
2023-05-16,アイムジャグラーEX-TP,153,1465,579,7,7,1/104.6,1/209.3,1/209.3,6.309593899031854
2023-05-16,アイムジャグラーEX-TP,154,1447,992,10,5,1/96.5,1/144.7,1/289.4,6.966238009537344
2023-05-16,アイムジャグラーEX-TP,155,1700,-1032,2,4,1/283.3,1/850.0,1/425.0,5.7079446195067325
2023-05-16,アイムジャグラーEX-TP,156,6166,902,26,21,1/131.2,1/237.2,1/293.6,6.197863900075315
2023-05-16,アイムジャグラーEX-TP,157,5952,931,24,22,1/129.4,1/248.0,1/270.5,6.062596430373372
2023-05-16,アイムジャグラーEX-TP,158,3474,1239,15,14,1/119.8,1/231.6,1/248.1,5.648627010475862
2023-05-16,アイムジャグラーEX-TP,159,3682,358,14,16,1/122.7,1/263.0,1/230.1,6.367798874680922
2023-05-16,アイムジャグラーEX-TP,160,1426,241,7,5,1/118.8,1/203.7,1/285.2,7.079627037701349
2023-05-16,アイムジャグラーEX-TP,161,4405,42,17,10,1/163.1,1/259.1,1/440.5,5.917219774475344
2023-05-16,アイムジャグラーEX-TP,162,1981,-1041,5,3,1/247.6,1/396.2,1/660.3,6.533635989206341
2023-05-16,アイムジャグラーEX-TP,163,967,-108,3,2,1/193.4,1/322.3,1/483.5,5.554935468251475
2023-05-16,アイムジャグラーEX-TP,164,4198,233,16,13,1/144.8,1/262.4,1/322.9,6.009336057546593
2023-05-16,アイムジャグラーEX-TP,165,2363,-1162,4,8,1/196.9,1/590.8,1/295.4,6.207353667744815
2023-05-16,アイムジャグラーEX-TP,166,3487,-686,9,11,1/174.3,1/387.4,1/317.0,5.786049127025067
2023-05-16,アイムジャグラーEX-TP,167,1909,-246,6,6,1/159.1,1/318.2,1/318.2,6.1049834573816515
2023-05-16,アイムジャグラーEX-TP,168,6646,737,25,26,1/130.3,1/265.8,1/255.6,6.053881421114323
2023-05-16,アイムジャグラーEX-TP,169,6667,1411,31,21,1/128.2,1/215.1,1/317.5,6.290876781208872
2023-05-16,アイムジャグラーEX-TP,170,1800,-720,5,4,1/200.0,1/360.0,1/450.0,6.564174377292334
2023-05-16,アイムジャグラーEX-TP,171,3052,-829,8,9,1/179.5,1/381.5,1/339.1,6.073355911014032
2023-05-16,アイムジャグラーEX-TP,172,6094,70,20,23,1/141.7,1/304.7,1/265.0,5.900870355137985
2023-05-16,アイムジャグラーEX-TP,173,1818,-279,6,3,1/202.0,1/303.0,1/606.0,5.761743903033843
2023-05-16,アイムジャグラーEX-TP,174,4982,1952,26,16,1/118.6,1/191.6,1/311.4,6.139635825196507
2023-05-16,アイムジャグラーEX-TP,175,981,-841,1,1,1/490.5,1/981.0,1/981.0,6.070629453109927
2023-05-16,アイムジャグラーEX-TP,176,1703,-545,4,7,1/154.8,1/425.8,1/243.3,6.521846443106349
2023-05-16,アイムジャグラーEX-TP,177,3716,529,16,10,1/142.9,1/232.2,1/371.6,6.003549719941515
2023-05-16,アイムジャグラーEX-TP,178,6025,970,28,15,1/140.1,1/215.2,1/401.7,6.227890665115465
2023-05-16,マイジャグラーV,117,5464,872,23,21,1/124.2,1/237.6,1/260.2,6.074641220116147
2023-05-16,マイジャグラーV,118,4252,-204,14,17,1/137.2,1/303.7,1/250.1,6.0883502818070685
2023-05-16,マイジャグラーV,119,6191,-1067,16,21,1/167.3,1/386.9,1/294.8,5.646622384315876
2023-05-16,マイジャグラーV,120,3799,699,18,8,1/146.1,1/211.1,1/474.9,5.795594164983132
2023-05-16,ファンキージャグラー2,113,3528,-976,11,8,1/185.7,1/320.7,1/441.0,6.201027721915896
2023-05-16,ファンキージャグラー2,114,1657,584,9,3,1/138.1,1/184.1,1/552.3,5.676951887961226
2023-05-16,ファンキージャグラー2,115,1615,575,9,4,1/124.2,1/179.4,1/403.8,6.081143254931927
2023-05-16,ファンキージャグラー2,116,1584,-610,3,5,1/198.0,1/528.0,1/316.8,5.756177897875811
2023-05-16,ハッピージャグラーVIII,109,4009,-962,10,15,1/160.4,1/400.9,1/267.3,6.228754827590874
2023-05-16,ハッピージャグラーVIII,110,2140,684,11,7,1/118.9,1/194.5,1/305.7,6.375589239256647
2023-05-16,ハッピージャグラーVIII,111,6895,-35,26,22,1/143.6,1/265.2,1/313.4,6.31911640972917
2023-05-16,ハッピージャグラーVIII,112,1527,-685,4,3,1/218.1,1/381.8,1/509.0,6.580059736557375
2023-05-15,アイムジャグラーEX-TP,121,5407,1231,24,20,1/122.9,1/225.3,1/270.4,6.209031245517199
2023-05-15,アイムジャグラーEX-TP,122,4271,388,18,10,1/152.5,1/237.3,1/427.1,5.982363806606523
2023-05-15,アイムジャグラーEX-TP,123,1936,-409,6,4,1/193.6,1/322.7,1/484.0,5.963052360835879
2023-05-15,アイムジャグラーEX-TP,124,2604,-1382,5,6,1/236.7,1/520.8,1/434.0,6.174282496328804
2023-05-15,アイムジャグラーEX-TP,125,738,-202,3,0,1/246.0,1/246.0,1/0.0,6.486841687749635
2023-05-15,アイムジャグラーEX-TP,126,6671,1681,30,23,1/125.9,1/222.4,1/290.0,6.051361243778883
2023-05-15,アイムジャグラーEX-TP,127,373,-247,1,0,1/373.0,1/373.0,1/0.0,6.708431599266713
2023-05-15,アイムジャグラーEX-TP,128,3997,572,19,8,1/148.0,1/210.4,1/499.6,6.218658455361475
2023-05-15,アイムジャグラーEX-TP,129,1738,-714,4,5,1/193.1,1/434.5,1/347.6,6.322959834980208
2023-05-15,アイムジャグラーEX-TP,130,6391,1408,30,16,1/138.9,1/213.0,1/399.4,6.011527496685383
2023-05-15,アイムジャグラーEX-TP,131,693,-552,1,1,1/346.5,1/693.0,1/693.0,6.4946493648457855
2023-05-15,アイムジャグラーEX-TP,132,5731,589,25,13,1/150.8,1/229.2,1/440.8,6.065110308492612
2023-05-15,アイムジャグラーEX-TP,145,4281,623,18,17,1/122.3,1/237.8,1/251.8,6.455811118981775
2023-05-15,アイムジャグラーEX-TP,146,1182,-725,3,2,1/236.4,1/394.0,1/591.0,7.167848886706326
2023-05-15,アイムジャグラーEX-TP,147,2129,206,9,3,1/177.4,1/236.6,1/709.7,5.599328564497322
2023-05-15,アイムジャグラーEX-TP,148,4114,1475,21,14,1/117.5,1/195.9,1/293.9,6.249004985700426
2023-05-15,アイムジャグラーEX-TP,149,3782,1416,20,13,1/114.6,1/189.1,1/290.9,6.417162785009962
2023-05-15,アイムジャグラーEX-TP,150,3916,-721,11,16,1/145.0,1/356.0,1/244.8,6.403726956006215
2023-05-15,アイムジャグラーEX-TP,151,1395,992,9,4,1/107.3,1/155.0,1/348.8,5.946429701798272
2023-05-15,アイムジャグラーEX-TP,152,3832,503,16,14,1/127.7,1/239.5,1/273.7,6.336473558666402
2023-05-15,アイムジャグラーEX-TP,153,2014,-917,4,5,1/223.8,1/503.5,1/402.8,5.981171900454411
2023-05-15,アイムジャグラーEX-TP,154,1320,374,7,2,1/146.7,1/188.6,1/660.0,5.992739251602207
2023-05-15,アイムジャグラーEX-TP,155,2243,-52,8,6,1/160.2,1/280.4,1/373.8,5.907447392245183
2023-05-15,アイムジャグラーEX-TP,156,2081,-1202,4,5,1/231.2,1/520.2,1/416.2,6.457258487594633
2023-05-15,アイムジャグラーEX-TP,157,5613,-77,21,15,1/155.9,1/267.3,1/374.2,6.060360543189694
2023-05-15,アイムジャグラーEX-TP,158,3957,-537,13,10,1/172.0,1/304.4,1/395.7,6.031078756972263
2023-05-15,アイムジャグラーEX-TP,159,6184,605,26,19,1/137.4,1/237.8,1/325.5,6.263958744335986
2023-05-15,アイムジャグラーEX-TP,160,3317,-410,13,3,1/207.3,1/255.2,1/1105.7,5.99759864612302
2023-05-15,アイムジャグラーEX-TP,161,3246,-719,10,10,1/162.3,1/324.6,1/324.6,6.455001994170055
2023-05-15,アイムジャグラーEX-TP,162,589,-645,0,1,1/589.0,1/0.0,1/589.0,6.291638711245936
2023-05-15,アイムジャグラーEX-TP,163,5622,2358,26,29,1/102.2,1/216.2,1/193.9,6.180173968929158
2023-05-15,アイムジャグラーEX-TP,164,2276,-41,9,4,1/175.1,1/252.9,1/569.0,5.928615046611391
2023-05-15,アイムジャグラーEX-TP,165,2404,-231,5,13,1/133.6,1/480.8,1/184.9,5.736475388301398
2023-05-15,アイムジャグラーEX-TP,166,1487,-735,2,5,1/212.4,1/743.5,1/297.4,5.814664395910527
2023-05-15,アイムジャグラーEX-TP,167,3624,-231,14,9,1/157.6,1/258.9,1/402.7,6.362245508204636
2023-05-15,アイムジャグラーEX-TP,168,6716,1681,30,25,1/122.1,1/223.9,1/268.6,6.145647695950833
2023-05-15,アイムジャグラーEX-TP,169,7456,-887,24,26,1/149.1,1/310.7,1/286.8,6.30684951094087
2023-05-15,アイムジャグラーEX-TP,170,2835,-149,9,9,1/157.5,1/315.0,1/315.0,5.814956396031553
2023-05-15,アイムジャグラーEX-TP,171,1692,-433,7,0,1/241.7,1/241.7,1/0.0,6.48845329500493
2023-05-15,アイムジャグラーEX-TP,172,3661,-1246,9,9,1/203.4,1/406.8,1/406.8,5.987309651062342
2023-05-15,アイムジャグラーEX-TP,173,1736,-1258,2,4,1/289.3,1/868.0,1/434.0,6.178860793184915
2023-05-15,アイムジャグラーEX-TP,174,1009,-351,2,4,1/168.2,1/504.5,1/252.2,6.131060316143963
2023-05-15,アイムジャグラーEX-TP,175,6196,1724,26,30,1/110.6,1/238.3,1/206.5,6.196409954482589
2023-05-15,アイムジャグラーEX-TP,176,1406,-59,6,2,1/175.8,1/234.3,1/703.0,6.2564734030462885
2023-05-15,アイムジャグラーEX-TP,177,3331,990,17,8,1/133.2,1/195.9,1/416.4,6.085985900208577
2023-05-15,アイムジャグラーEX-TP,178,5367,1195,23,17,1/134.2,1/233.3,1/315.7,5.828553347629127
2023-05-15,マイジャグラーV,117,5503,1428,27,14,1/134.2,1/203.8,1/393.1,5.823082785077802
2023-05-15,マイジャグラーV,118,7539,1119,30,29,1/127.8,1/251.3,1/260.0,5.8801302399710575
2023-05-15,マイジャグラーV,119,9629,2185,38,43,1/118.9,1/253.4,1/223.9,5.764046130276555
2023-05-15,マイジャグラーV,120,1721,-569,5,3,1/215.1,1/344.2,1/573.7,5.975585177342222
2023-05-15,ファンキージャグラー2,113,842,-495,3,0,1/280.7,1/280.7,1/0.0,7.350378441916187
2023-05-15,ファンキージャグラー2,114,3880,74,15,9,1/161.7,1/258.7,1/431.1,5.706557908693603
2023-05-15,ファンキージャグラー2,115,2332,-123,10,3,1/179.4,1/233.2,1/777.3,6.026465798256047
2023-05-15,ファンキージャグラー2,116,3891,1157,20,10,1/129.7,1/194.6,1/389.1,5.919365531033246
2023-05-15,ハッピージャグラーVIII,109,4345,-543,13,14,1/160.9,1/334.2,1/310.4,6.015918820402237
2023-05-15,ハッピージャグラーVIII,110,4729,591,21,9,1/157.6,1/225.2,1/525.4,5.887938638938987
2023-05-15,ハッピージャグラーVIII,111,2326,-2023,2,2,1/581.5,1/1163.0,1/1163.0,6.05063872152553
2023-05-15,ハッピージャグラーVIII,112,2365,-289,8,8,1/147.8,1/295.6,1/295.6,6.538320449927679
2023-05-14,アイムジャグラーEX-TP,121,2818,-1223,7,5,1/234.8,1/402.6,1/563.6,6.148130409831144
2023-05-14,アイムジャグラーEX-TP,122,4481,-486,15,13,1/160.0,1/298.7,1/344.7,6.14214039597876
2023-05-14,アイムジャグラーEX-TP,123,3223,-299,11,10,1/153.5,1/293.0,1/322.3,6.2377747211885985
2023-05-14,アイムジャグラーEX-TP,124,5289,-536,15,20,1/151.1,1/352.6,1/264.4,5.907406116947587
2023-05-14,アイムジャグラーEX-TP,125,2706,362,13,5,1/150.3,1/208.2,1/541.2,6.254597626202224
2023-05-14,アイムジャグラーEX-TP,126,3788,-1347,9,12,1/180.4,1/420.9,1/315.7,6.279286310375078
2023-05-14,アイムジャグラーEX-TP,127,658,-635,0,1,1/658.0,1/0.0,1/658.0,5.639690461560667
2023-05-14,アイムジャグラーEX-TP,128,8250,-541,27,29,1/147.3,1/305.6,1/284.5,6.127200686246478
2023-05-14,アイムジャグラーEX-TP,129,4479,2173,22,22,1/101.8,1/203.6,1/203.6,6.09974359559607
2023-05-14,アイムジャグラーEX-TP,130,2450,-431,8,5,1/188.5,1/306.2,1/490.0,5.980835693627419
2023-05-14,アイムジャグラーEX-TP,131,3397,-845,11,6,1/199.8,1/308.8,1/566.2,6.16452069545012
2023-05-14,アイムジャグラーEX-TP,132,3066,-1447,7,6,1/235.8,1/438.0,1/511.0,6.171219457319546
2023-05-14,アイムジャグラーEX-TP,145,6477,999,27,25,1/124.6,1/239.9,1/259.1,6.31138250673029
2023-05-14,アイムジャグラーEX-TP,146,3814,461,17,7,1/158.9,1/224.4,1/544.9,5.906296223271996
2023-05-14,アイムジャグラーEX-TP,147,3414,1794,20,11,1/110.1,1/170.7,1/310.4,6.274388030761263
2023-05-14,アイムジャグラーEX-TP,148,2410,1017,13,6,1/126.8,1/185.4,1/401.7,5.891518084088098
2023-05-14,アイムジャグラーEX-TP,149,3388,1369,17,10,1/125.5,1/199.3,1/338.8,5.753101245055674
2023-05-14,アイムジャグラーEX-TP,150,1784,185,6,7,1/137.2,1/297.3,1/254.9,5.660632814961306
2023-05-14,アイムジャグラーEX-TP,151,4494,-978,11,17,1/160.5,1/408.5,1/264.4,5.990731881875244
2023-05-14,アイムジャグラーEX-TP,152,2907,-1013,8,4,1/242.2,1/363.4,1/726.8,5.893822633203432
2023-05-14,アイムジャグラーEX-TP,153,2136,-652,6,6,1/178.0,1/356.0,1/356.0,6.4012190606246975
2023-05-14,アイムジャグラーEX-TP,154,1968,-51,7,6,1/151.4,1/281.1,1/328.0,6.068259220863267
2023-05-14,アイムジャグラーEX-TP,155,2857,-123,10,10,1/142.8,1/285.7,1/285.7,6.2870483634881325
2023-05-14,アイムジャグラーEX-TP,156,4269,-532,14,12,1/164.2,1/304.9,1/355.8,6.097593548783163
2023-05-14,アイムジャグラーEX-TP,157,4409,-504,16,9,1/176.4,1/275.6,1/489.9,6.117119233364714
2023-05-14,アイムジャグラーEX-TP,158,3015,-400,9,10,1/158.7,1/335.0,1/301.5,6.016260665518156
2023-05-14,アイムジャグラーEX-TP,159,2909,605,12,9,1/138.5,1/242.4,1/323.2,5.693270575707865
2023-05-14,アイムジャグラーEX-TP,160,4190,-2420,6,13,1/220.5,1/698.3,1/322.3,6.175488366536901
2023-05-14,アイムジャグラーEX-TP,161,1582,-279,6,2,1/197.8,1/263.7,1/791.0,6.256666988859969
2023-05-14,アイムジャグラーEX-TP,162,4035,-368,14,14,1/144.1,1/288.2,1/288.2,6.478322745383132
2023-05-14,アイムジャグラーEX-TP,163,2995,-148,10,10,1/149.8,1/299.5,1/299.5,6.051546650049665
2023-05-14,アイムジャグラーEX-TP,164,1842,-1359,2,6,1/230.2,1/921.0,1/307.0,6.625406426601071
2023-05-14,アイムジャグラーEX-TP,165,6144,780,29,15,1/139.6,1/211.9,1/409.6,6.468221136858083
2023-05-14,アイムジャグラーEX-TP,166,5053,985,22,17,1/129.6,1/229.7,1/297.2,6.112021611082691
2023-05-14,アイムジャグラーEX-TP,167,5715,-365,19,17,1/158.8,1/300.8,1/336.2,5.944340997771419
2023-05-14,アイムジャグラーEX-TP,168,4537,-523,14,15,1/156.4,1/324.1,1/302.5,6.0475817117663375
2023-05-14,アイムジャグラーEX-TP,169,4452,-729,15,9,1/185.5,1/296.8,1/494.7,6.03550471054061
2023-05-14,アイムジャグラーEX-TP,170,4899,-427,16,17,1/148.5,1/306.2,1/288.2,6.201275948918954
2023-05-14,アイムジャグラーEX-TP,171,3950,245,15,13,1/141.1,1/263.3,1/303.8,6.048004311691175
2023-05-14,アイムジャグラーEX-TP,172,6552,58,23,23,1/142.4,1/284.9,1/284.9,6.056815480613947
2023-05-14,アイムジャグラーEX-TP,173,1935,-1158,4,2,1/322.5,1/483.8,1/967.5,6.097370757009848
2023-05-14,アイムジャグラーEX-TP,174,5303,1233,25,15,1/132.6,1/212.1,1/353.5,6.121187837796533
2023-05-14,アイムジャグラーEX-TP,175,3757,632,18,5,1/163.3,1/208.7,1/751.4,5.856416961174918
2023-05-14,アイムジャグラーEX-TP,176,2878,430,13,6,1/151.5,1/221.4,1/479.7,5.95126862208921
2023-05-14,アイムジャグラーEX-TP,177,5213,789,22,13,1/148.9,1/237.0,1/401.0,5.789502635523088
2023-05-14,アイムジャグラーEX-TP,178,5078,504,19,16,1/145.1,1/267.3,1/317.4,5.766310861364318
2023-05-14,マイジャグラーV,117,4319,-2601,6,10,1/269.9,1/719.8,1/431.9,5.816483413350299
2023-05-14,マイジャグラーV,118,3961,487,18,12,1/132.0,1/220.1,1/330.1,6.261300629542676
2023-05-14,マイジャグラーV,119,5475,-162,20,18,1/144.1,1/273.8,1/304.2,6.089124979185932
2023-05-14,マイジャグラーV,120,5803,-407,24,7,1/187.2,1/241.8,1/829.0,5.899669334234146
2023-05-14,ファンキージャグラー2,113,6945,1279,31,18,1/141.7,1/224.0,1/385.8,5.722188667131191
2023-05-14,ファンキージャグラー2,114,2946,1353,18,11,1/101.6,1/163.7,1/267.8,6.834671760886712
2023-05-14,ファンキージャグラー2,115,6420,1726,28,23,1/125.9,1/229.3,1/279.1,5.662309393171537
2023-05-14,ファンキージャグラー2,116,2187,-579,7,5,1/182.2,1/312.4,1/437.4,6.247975862586527
2023-05-14,ハッピージャグラーVIII,109,6156,403,23,24,1/131.0,1/267.7,1/256.5,6.264192948132614
2023-05-14,ハッピージャグラーVIII,110,3860,778,19,7,1/148.5,1/203.2,1/551.4,6.022125069084773
2023-05-14,ハッピージャグラーVIII,111,1145,-915,2,1,1/381.7,1/572.5,1/1145.0,6.785971855255813
2023-05-14,ハッピージャグラーVIII,112,4513,497,17,16,1/136.8,1/265.5,1/282.1,5.933772075932231
2023-05-13,アイムジャグラーEX-TP,121,4354,-529,16,10,1/167.5,1/272.1,1/435.4,6.325264509806673
2023-05-13,アイムジャグラーEX-TP,122,5908,215,19,26,1/131.3,1/310.9,1/227.2,5.981221697333234
2023-05-13,アイムジャグラーEX-TP,123,4631,590,17,15,1/144.7,1/272.4,1/308.7,5.614481818123184
2023-05-13,アイムジャグラーEX-TP,124,2618,-539,5,12,1/154.0,1/523.6,1/218.2,5.689925530437222
2023-05-13,アイムジャグラーEX-TP,125,4118,-1444,10,11,1/196.1,1/411.8,1/374.4,6.092423724904019
2023-05-13,アイムジャグラーEX-TP,126,3243,-603,10,11,1/154.4,1/324.3,1/294.8,6.4280005368361595
2023-05-13,アイムジャグラーEX-TP,127,7625,1497,29,33,1/123.0,1/262.9,1/231.1,5.896032646622733
2023-05-13,アイムジャグラーEX-TP,128,4847,1366,23,18,1/118.2,1/210.7,1/269.3,6.328174976401208
2023-05-13,アイムジャグラーEX-TP,129,6112,706,26,20,1/132.9,1/235.1,1/305.6,6.332373040841795
2023-05-13,アイムジャグラーEX-TP,130,5449,-622,19,15,1/160.3,1/286.8,1/363.3,6.270141058957208
2023-05-13,アイムジャグラーEX-TP,131,5161,436,19,17,1/143.4,1/271.6,1/303.6,5.822050520552911
2023-05-13,アイムジャグラーEX-TP,132,5868,-1009,17,18,1/167.7,1/345.2,1/326.0,5.986661803201104
2023-05-13,アイムジャグラーEX-TP,145,3284,-1485,7,9,1/205.2,1/469.1,1/364.9,6.252256542956011
2023-05-13,アイムジャグラーEX-TP,146,5331,1494,24,20,1/121.2,1/222.1,1/266.6,6.06012902993465
2023-05-13,アイムジャグラーEX-TP,147,3358,322,15,6,1/159.9,1/223.9,1/559.7,6.007359068528027
2023-05-13,アイムジャグラーEX-TP,148,1368,-517,4,2,1/228.0,1/342.0,1/684.0,6.267173452546457
2023-05-13,アイムジャグラーEX-TP,149,3361,-358,9,15,1/140.0,1/373.4,1/224.1,6.042676940763644
2023-05-13,アイムジャグラーEX-TP,150,7052,1700,31,26,1/123.7,1/227.5,1/271.2,6.0895059100805
2023-05-13,アイムジャグラーEX-TP,151,1217,-178,3,4,1/173.9,1/405.7,1/304.2,5.518600381368389
2023-05-13,アイムジャグラーEX-TP,152,4791,1644,22,20,1/114.1,1/217.8,1/239.6,6.060068369106964
2023-05-13,アイムジャグラーEX-TP,153,3666,739,16,11,1/135.8,1/229.1,1/333.3,5.936756635195972
2023-05-13,アイムジャグラーEX-TP,154,4614,1047,20,16,1/128.2,1/230.7,1/288.4,5.988641361840408
2023-05-13,アイムジャグラーEX-TP,155,2028,23,8,8,1/126.8,1/253.5,1/253.5,6.821298002866559
2023-05-13,アイムジャグラーEX-TP,156,6208,350,28,10,1/163.4,1/221.7,1/620.8,6.163078430672942
2023-05-13,アイムジャグラーEX-TP,157,5051,-652,17,14,1/162.9,1/297.1,1/360.8,6.203450403082423
2023-05-13,アイムジャグラーEX-TP,158,4395,-616,15,8,1/191.1,1/293.0,1/549.4,5.894170075707564
2023-05-13,アイムジャグラーEX-TP,159,4792,638,24,9,1/145.2,1/199.7,1/532.4,6.534776280665806
2023-05-13,アイムジャグラーEX-TP,160,3462,-482,12,7,1/182.2,1/288.5,1/494.6,6.0349153847163555
2023-05-13,アイムジャグラーEX-TP,161,5854,1255,27,14,1/142.8,1/216.8,1/418.1,5.8993250452620005
2023-05-13,アイムジャグラーEX-TP,162,2667,-304,10,5,1/177.8,1/266.7,1/533.4,6.183846952408005
2023-05-13,アイムジャグラーEX-TP,163,3741,1282,20,6,1/143.9,1/187.1,1/623.5,5.818102507283359
2023-05-13,アイムジャグラーEX-TP,164,5411,1644,25,23,1/112.7,1/216.4,1/235.3,6.316889745139474
2023-05-13,アイムジャグラーEX-TP,165,3227,-266,11,7,1/179.3,1/293.4,1/461.0,5.785242407752276
2023-05-13,アイムジャグラーEX-TP,166,5652,379,24,16,1/141.3,1/235.5,1/353.2,6.354966860849207
2023-05-13,アイムジャグラーEX-TP,167,4564,-1007,17,6,1/198.4,1/268.5,1/760.7,6.417432829733119
2023-05-13,アイムジャグラーEX-TP,168,5701,100,23,13,1/158.4,1/247.9,1/438.5,6.0835387572532955
2023-05-13,アイムジャグラーEX-TP,169,5050,-1279,17,9,1/194.2,1/297.1,1/561.1,6.351685932399195
2023-05-13,アイムジャグラーEX-TP,170,3890,-540,13,11,1/162.1,1/299.2,1/353.6,6.247534713165884
2023-05-13,アイムジャグラーEX-TP,171,2979,-228,12,4,1/186.2,1/248.2,1/744.8,6.09847021133748
2023-05-13,アイムジャグラーEX-TP,172,4855,-187,16,17,1/147.1,1/303.4,1/285.6,6.022878627086368
2023-05-13,アイムジャグラーEX-TP,173,3635,-1455,7,13,1/181.8,1/519.3,1/279.6,6.13703673814218
2023-05-13,アイムジャグラーEX-TP,174,3741,102,13,13,1/143.9,1/287.8,1/287.8,5.919368048836732
2023-05-13,アイムジャグラーEX-TP,175,6138,1157,28,17,1/136.4,1/219.2,1/361.1,6.121488692195204
2023-05-13,アイムジャグラーEX-TP,176,4462,-312,14,16,1/148.7,1/318.7,1/278.9,6.02173075554313
2023-05-13,アイムジャグラーEX-TP,177,4269,98,14,18,1/133.4,1/304.9,1/237.2,6.0345640149773665
2023-05-13,アイムジャグラーEX-TP,178,6720,-1353,18,24,1/160.0,1/373.3,1/280.0,6.08915556732309
2023-05-13,マイジャグラーV,117,5864,-359,21,15,1/162.9,1/279.2,1/390.9,5.844255242107093
2023-05-13,マイジャグラーV,118,2978,-1110,8,7,1/198.5,1/372.2,1/425.4,6.195827566810768
2023-05-13,マイジャグラーV,119,7084,2427,33,23,1/126.5,1/214.7,1/308.0,5.519673199504555
2023-05-13,マイジャグラーV,120,5014,-240,20,10,1/167.1,1/250.7,1/501.4,5.977428988517653
2023-05-13,ファンキージャグラー2,113,3368,-1452,9,4,1/259.1,1/374.2,1/842.0,5.947362486887505
2023-05-13,ファンキージャグラー2,114,3741,-256,14,9,1/162.7,1/267.2,1/415.7,5.989053647676468
2023-05-13,ファンキージャグラー2,115,777,-550,1,1,1/388.5,1/777.0,1/777.0,5.753957766727554
2023-05-13,ファンキージャグラー2,116,3064,-925,9,4,1/235.7,1/340.4,1/766.0,5.715502470359925
2023-05-13,ハッピージャグラーVIII,109,2983,-695,9,7,1/186.4,1/331.4,1/426.1,6.156013196218096
2023-05-13,ハッピージャグラーVIII,110,4589,-778,16,10,1/176.5,1/286.8,1/458.9,6.31669864331897
2023-05-13,ハッピージャグラーVIII,111,3208,-1235,6,12,1/178.2,1/534.7,1/267.3,6.206225842778578
2023-05-13,ハッピージャグラーVIII,112,1912,-1240,3,4,1/273.1,1/637.3,1/478.0,6.372182092435301
2023-05-12,アイムジャグラーEX-TP,121,2815,251,10,11,1/134.0,1/281.5,1/255.9,5.9139108944848005
2023-05-12,アイムジャグラーEX-TP,122,4496,-94,16,16,1/140.5,1/281.0,1/281.0,6.2778755267076125
2023-05-12,アイムジャグラーEX-TP,123,1455,-235,4,4,1/181.9,1/363.8,1/363.8,5.6567858881270485
2023-05-12,アイムジャグラーEX-TP,124,4292,-90,14,15,1/148.0,1/306.6,1/286.1,5.904425103860171
2023-05-12,アイムジャグラーEX-TP,125,4032,1376,20,11,1/130.1,1/201.6,1/366.5,5.867462320945445
2023-05-12,アイムジャグラーEX-TP,126,796,-802,1,0,1/796.0,1/796.0,1/0.0,6.638224044898413
2023-05-12,アイムジャグラーEX-TP,127,4264,1233,21,13,1/125.4,1/203.0,1/328.0,6.203020376310945
2023-05-12,アイムジャグラーEX-TP,128,1555,-846,4,2,1/259.2,1/388.8,1/777.5,6.581879640912965
2023-05-12,アイムジャグラーEX-TP,129,3152,23,13,7,1/157.6,1/242.5,1/450.3,6.211962568668595
2023-05-12,アイムジャグラーEX-TP,130,6012,-1637,15,17,1/187.9,1/400.8,1/353.6,5.8831157591683345
2023-05-12,アイムジャグラーEX-TP,131,1689,-904,2,6,1/211.1,1/844.5,1/281.5,5.89443290530002
2023-05-12,アイムジャグラーEX-TP,132,5570,-944,18,12,1/185.7,1/309.4,1/464.2,5.962606003519972
2023-05-12,アイムジャグラーEX-TP,145,3362,-1373,9,7,1/210.1,1/373.6,1/480.3,6.405011469961944
2023-05-12,アイムジャグラーEX-TP,146,1095,-508,4,0,1/273.8,1/273.8,1/0.0,6.977242084175488
2023-05-12,アイムジャグラーEX-TP,147,1917,-1077,4,4,1/239.6,1/479.2,1/479.2,6.433454122525183
2023-05-12,アイムジャグラーEX-TP,148,2285,-58,9,5,1/163.2,1/253.9,1/457.0,6.130707762710219
2023-05-12,アイムジャグラーEX-TP,149,1788,-1073,2,6,1/223.5,1/894.0,1/298.0,6.026197376433632
2023-05-12,アイムジャグラーEX-TP,150,1789,520,8,6,1/127.8,1/223.6,1/298.2,5.813952354709201
2023-05-12,アイムジャグラーEX-TP,151,4532,2857,28,16,1/103.0,1/161.9,1/283.2,6.29843975472886
2023-05-12,アイムジャグラーEX-TP,152,1629,-355,5,4,1/181.0,1/325.8,1/407.2,6.128716361990959
2023-05-12,アイムジャグラーEX-TP,153,3765,-458,12,13,1/150.6,1/313.8,1/289.6,6.2647222011688
2023-05-12,アイムジャグラーEX-TP,154,3576,1222,20,7,1/132.4,1/178.8,1/510.9,6.257871666696795
2023-05-12,アイムジャグラーEX-TP,155,3167,987,16,8,1/132.0,1/197.9,1/395.9,6.014924153078927
2023-05-12,アイムジャグラーEX-TP,156,2706,-1160,6,6,1/225.5,1/451.0,1/451.0,6.008936928012935
2023-05-12,アイムジャグラーEX-TP,157,5967,1454,30,14,1/135.6,1/198.9,1/426.2,6.22414637506633
2023-05-12,アイムジャグラーEX-TP,158,1940,-878,5,4,1/215.6,1/388.0,1/485.0,6.494564066614811
2023-05-12,アイムジャグラーEX-TP,159,4295,-128,14,15,1/148.1,1/306.8,1/286.3,5.939617393218782
2023-05-12,アイムジャグラーEX-TP,160,3654,434,15,12,1/135.3,1/243.6,1/304.5,6.140233145022208
2023-05-12,アイムジャグラーEX-TP,161,3702,-97,13,12,1/148.1,1/284.8,1/308.5,6.101874302279436
2023-05-12,アイムジャグラーEX-TP,162,3832,1886,23,8,1/123.6,1/166.6,1/479.0,6.090064972824436
2023-05-12,アイムジャグラーEX-TP,163,3872,678,18,13,1/124.9,1/215.1,1/297.8,6.580969817058386
2023-05-12,アイムジャグラーEX-TP,164,958,-97,4,1,1/191.6,1/239.5,1/958.0,6.256936594699486
2023-05-12,アイムジャグラーEX-TP,165,7999,97,24,37,1/131.1,1/333.3,1/216.2,5.943465921564038
2023-05-12,アイムジャグラーEX-TP,166,1462,-258,4,4,1/182.8,1/365.5,1/365.5,5.6986835495299015
2023-05-12,アイムジャグラーEX-TP,167,2948,519,14,7,1/140.4,1/210.6,1/421.1,6.225586667040314
2023-05-12,アイムジャグラーEX-TP,168,5520,-165,19,17,1/153.3,1/290.5,1/324.7,5.968917510857591
2023-05-12,アイムジャグラーEX-TP,169,4443,-841,13,12,1/177.7,1/341.8,1/370.2,5.940757133250808
2023-05-12,アイムジャグラーEX-TP,170,4350,484,19,9,1/155.4,1/228.9,1/483.3,5.947506080812252
2023-05-12,アイムジャグラーEX-TP,171,2784,-1528,6,4,1/278.4,1/464.0,1/696.0,6.148506847038179
2023-05-12,アイムジャグラーEX-TP,172,1810,-1225,4,1,1/362.0,1/452.5,1/1810.0,6.432670288508815
2023-05-12,アイムジャグラーEX-TP,173,4820,-447,16,12,1/172.1,1/301.2,1/401.7,5.8632990082996095
2023-05-12,アイムジャグラーEX-TP,174,2394,-1418,4,6,1/239.4,1/598.5,1/399.0,6.262306517878729
2023-05-12,アイムジャグラーEX-TP,175,4789,316,18,16,1/140.9,1/266.1,1/299.3,6.007252405679426
2023-05-12,アイムジャグラーEX-TP,176,1353,-222,4,4,1/169.1,1/338.2,1/338.2,5.97081792526919
2023-05-12,アイムジャグラーEX-TP,177,7973,1301,35,24,1/135.1,1/227.8,1/332.2,6.1451631827542785
2023-05-12,アイムジャグラーEX-TP,178,2996,-1114,7,9,1/187.2,1/428.0,1/332.9,6.233798573899975
2023-05-12,マイジャグラーV,117,3843,-1483,10,7,1/226.1,1/384.3,1/549.0,5.932184171264349
2023-05-12,マイジャグラーV,118,6070,-1689,16,16,1/189.7,1/379.4,1/379.4,5.8370175600110255
2023-05-12,マイジャグラーV,119,2097,-431,8,2,1/209.7,1/262.1,1/1048.5,6.054085305677953
2023-05-12,マイジャグラーV,120,7842,2119,35,32,1/117.0,1/224.1,1/245.1,5.951241336300852
2023-05-12,ファンキージャグラー2,113,1814,-1065,4,1,1/362.8,1/453.5,1/1814.0,5.875751342673154
2023-05-12,ファンキージャグラー2,114,2384,-138,9,6,1/158.9,1/264.9,1/397.3,6.024631493584235
2023-05-12,ファンキージャグラー2,115,4456,1929,27,4,1/143.7,1/165.0,1/1114.0,5.608437778844673
2023-05-12,ファンキージャグラー2,116,4530,383,20,9,1/156.2,1/226.5,1/503.3,5.84916041790508
2023-05-12,ハッピージャグラーVIII,109,5122,1454,24,19,1/119.1,1/213.4,1/269.6,6.22074102786086
2023-05-12,ハッピージャグラーVIII,110,1417,-455,3,5,1/177.1,1/472.3,1/283.4,6.088126054284753
2023-05-12,ハッピージャグラーVIII,111,5120,1438,26,15,1/124.9,1/196.9,1/341.3,6.331309251687474
2023-05-12,ハッピージャグラーVIII,112,2453,1733,17,7,1/102.2,1/144.3,1/350.4,6.387239269778153
2023-05-11,アイムジャグラーEX-TP,121,4975,2512,29,15,1/113.1,1/171.6,1/331.7,6.242753386772139
2023-05-11,アイムジャグラーEX-TP,122,3960,1265,19,12,1/127.7,1/208.4,1/330.0,5.910009803004896
2023-05-11,アイムジャグラーEX-TP,123,5163,1468,26,12,1/135.9,1/198.6,1/430.2,6.033113625790045
2023-05-11,アイムジャグラーEX-TP,124,5543,698,24,15,1/142.1,1/231.0,1/369.5,6.11327050961725
2023-05-11,アイムジャグラーEX-TP,125,784,45,3,1,1/196.0,1/261.3,1/784.0,5.323361626819313
2023-05-11,アイムジャグラーEX-TP,126,5741,385,24,13,1/155.2,1/239.2,1/441.6,6.0179497169220815
2023-05-11,アイムジャグラーEX-TP,127,2709,-293,11,5,1/169.3,1/246.3,1/541.8,6.535153674777944
2023-05-11,アイムジャグラーEX-TP,128,3846,619,16,16,1/120.2,1/240.4,1/240.4,6.41144428468253
2023-05-11,アイムジャグラーEX-TP,129,5566,831,26,12,1/146.5,1/214.1,1/463.8,6.160376946891065
2023-05-11,アイムジャグラーEX-TP,130,2118,-121,8,5,1/162.9,1/264.8,1/423.6,6.1665407979998745
2023-05-11,アイムジャグラーEX-TP,131,3774,-4,14,9,1/164.1,1/269.6,1/419.3,5.847616052905338
2023-05-11,アイムジャグラーEX-TP,132,7166,-527,27,17,1/162.9,1/265.4,1/421.5,6.239482736258544
2023-05-11,アイムジャグラーEX-TP,145,1430,-170,6,1,1/204.3,1/238.3,1/1430.0,6.208120960244365
2023-05-11,アイムジャグラーEX-TP,146,3577,1881,20,12,1/111.8,1/178.8,1/298.1,6.015808137799106
2023-05-11,アイムジャグラーEX-TP,147,1582,328,8,3,1/143.8,1/197.8,1/527.3,6.228186338359096
2023-05-11,アイムジャグラーEX-TP,148,1970,560,11,2,1/151.5,1/179.1,1/985.0,6.093080935445664
2023-05-11,アイムジャグラーEX-TP,149,2015,-931,4,4,1/251.9,1/503.8,1/503.8,5.803644977067681
2023-05-11,アイムジャグラーEX-TP,150,847,-617,1,2,1/282.3,1/847.0,1/423.5,6.258213905751298
2023-05-11,アイムジャグラーEX-TP,151,2911,-619,11,4,1/194.1,1/264.6,1/727.8,6.475743247258003
2023-05-11,アイムジャグラーEX-TP,152,2332,-375,6,9,1/155.5,1/388.7,1/259.1,5.910732778026917
2023-05-11,アイムジャグラーEX-TP,153,1542,-761,4,2,1/257.0,1/385.5,1/771.0,6.351660028179621
2023-05-11,アイムジャグラーEX-TP,154,1839,393,9,3,1/153.2,1/204.3,1/613.0,5.8952216199415055
2023-05-11,アイムジャグラーEX-TP,155,4920,-543,17,18,1/140.6,1/289.4,1/273.3,6.6592399898730825
2023-05-11,アイムジャグラーEX-TP,156,5027,193,19,16,1/143.6,1/264.6,1/314.2,6.0886149888232675
2023-05-11,アイムジャグラーEX-TP,157,4389,-20,14,20,1/129.1,1/313.5,1/219.4,6.209791107381055
2023-05-11,アイムジャグラーEX-TP,158,3019,-843,9,6,1/201.3,1/335.4,1/503.2,6.103231213141433
2023-05-11,アイムジャグラーEX-TP,159,6967,1011,31,23,1/129.0,1/224.7,1/302.9,6.446221497352052
2023-05-11,アイムジャグラーEX-TP,160,2612,259,11,7,1/145.1,1/237.5,1/373.1,6.087741130601671
2023-05-11,アイムジャグラーEX-TP,161,3368,-2164,6,6,1/280.7,1/561.3,1/561.3,6.306552530549142
2023-05-11,アイムジャグラーEX-TP,162,4491,-413,16,12,1/160.4,1/280.7,1/374.2,6.217331322596792
2023-05-11,アイムジャグラーEX-TP,163,5698,195,19,24,1/132.5,1/299.9,1/237.4,6.04432681002527
2023-05-11,アイムジャグラーEX-TP,164,3837,1618,23,8,1/123.8,1/166.8,1/479.6,6.423888978188627
2023-05-11,アイムジャグラーEX-TP,165,1321,-546,4,2,1/220.2,1/330.2,1/660.5,6.611567269769062
2023-05-11,アイムジャグラーEX-TP,166,6124,2471,30,22,1/117.8,1/204.1,1/278.4,5.887448444448444
2023-05-11,アイムジャグラーEX-TP,167,2958,-1801,6,4,1/295.8,1/493.0,1/739.5,6.245001412620162
2023-05-11,アイムジャグラーEX-TP,168,6804,-1151,21,22,1/158.2,1/324.0,1/309.3,6.271011610118084
2023-05-11,アイムジャグラーEX-TP,169,6577,-755,24,16,1/164.4,1/274.0,1/411.1,6.324220404494715
2023-05-11,アイムジャグラーEX-TP,170,1452,-391,5,3,1/181.5,1/290.4,1/484.0,6.683080410344819
2023-05-11,アイムジャグラーEX-TP,171,4765,596,18,18,1/132.4,1/264.7,1/264.7,5.950258090103267
2023-05-11,アイムジャグラーEX-TP,172,5648,2756,33,15,1/117.7,1/171.2,1/376.5,6.176093549096532
2023-05-11,アイムジャグラーEX-TP,173,1306,-451,5,0,1/261.2,1/261.2,1/0.0,6.5515549433413405
2023-05-11,アイムジャグラーEX-TP,174,1413,-424,5,2,1/201.9,1/282.6,1/706.5,6.642510743074125
2023-05-11,アイムジャグラーEX-TP,175,7466,1295,31,26,1/131.0,1/240.8,1/287.2,6.029363192566062
2023-05-11,アイムジャグラーEX-TP,176,1842,-106,7,3,1/184.2,1/263.1,1/614.0,5.8787262810788175
2023-05-11,アイムジャグラーEX-TP,177,6217,224,23,21,1/141.3,1/270.3,1/296.0,6.092436003060937
2023-05-11,アイムジャグラーEX-TP,178,2668,-1347,6,5,1/242.5,1/444.7,1/533.6,6.2504250605310805
2023-05-11,マイジャグラーV,117,6359,260,24,19,1/147.9,1/265.0,1/334.7,5.780981175802774
2023-05-11,マイジャグラーV,118,2768,-19,9,10,1/145.7,1/307.6,1/276.8,5.7075738948849235
2023-05-11,マイジャグラーV,119,8229,2392,37,31,1/121.0,1/222.4,1/265.5,5.769305916102729
2023-05-11,マイジャグラーV,120,4908,-216,17,16,1/148.7,1/288.7,1/306.8,5.937763060642473
2023-05-11,ファンキージャグラー2,113,1762,69,6,8,1/125.9,1/293.7,1/220.2,6.057404218370109
2023-05-11,ファンキージャグラー2,114,2093,-338,7,5,1/174.4,1/299.0,1/418.6,5.972387126110071
2023-05-11,ファンキージャグラー2,115,3652,233,18,4,1/166.0,1/202.9,1/913.0,6.111734454844415
2023-05-11,ファンキージャグラー2,116,1735,-274,7,2,1/192.8,1/247.9,1/867.5,6.174255002514408
2023-05-11,ハッピージャグラーVIII,109,3506,-649,12,8,1/175.3,1/292.2,1/438.2,6.367408457947067
2023-05-11,ハッピージャグラーVIII,110,2936,-749,8,5,1/225.8,1/367.0,1/587.2,5.677460674496251
2023-05-11,ハッピージャグラーVIII,111,1750,473,9,4,1/134.6,1/194.4,1/437.5,6.158109460395658
2023-05-11,ハッピージャグラーVIII,112,8691,1208,39,21,1/144.8,1/222.8,1/413.9,6.095585546052307
2023-05-09,アイムジャグラーEX-TP,121,4887,-204,17,12,1/168.5,1/287.5,1/407.2,5.802616777128328
2023-05-09,アイムジャグラーEX-TP,122,3019,-54,10,12,1/137.2,1/301.9,1/251.6,6.155731316172838
2023-05-09,アイムジャグラーEX-TP,123,2524,-915,6,8,1/180.3,1/420.7,1/315.5,6.315961320091968
2023-05-09,アイムジャグラーEX-TP,124,3362,236,11,15,1/129.3,1/305.6,1/224.1,5.919389465508006
2023-05-09,アイムジャグラーEX-TP,125,4915,99,20,11,1/158.5,1/245.8,1/446.8,6.0933439546372545
2023-05-09,アイムジャグラーEX-TP,126,1594,-385,6,1,1/227.7,1/265.7,1/1594.0,6.243659150891341
2023-05-09,アイムジャグラーEX-TP,127,5314,-383,19,11,1/177.1,1/279.7,1/483.1,5.8791376311872465
2023-05-09,アイムジャグラーEX-TP,128,4524,-1345,12,12,1/188.5,1/377.0,1/377.0,6.097939376346324
2023-05-09,アイムジャグラーEX-TP,129,1828,1264,9,10,1/96.2,1/203.1,1/182.8,5.473015056749448
2023-05-09,アイムジャグラーEX-TP,130,2039,-183,10,1,1/185.4,1/203.9,1/2039.0,6.898726191993479
2023-05-09,アイムジャグラーEX-TP,131,6141,859,24,20,1/139.6,1/255.9,1/307.1,5.813680266557194
2023-05-09,アイムジャグラーEX-TP,132,4905,-276,18,11,1/169.1,1/272.5,1/445.9,5.9861242737705425
2023-05-09,アイムジャグラーEX-TP,145,2316,468,12,4,1/144.8,1/193.0,1/579.0,6.328756953434778
2023-05-09,アイムジャグラーEX-TP,146,2530,-233,8,8,1/158.1,1/316.2,1/316.2,5.967597596166773
2023-05-09,アイムジャグラーEX-TP,147,4323,1811,22,14,1/120.1,1/196.5,1/308.8,5.881705314128235
2023-05-09,アイムジャグラーEX-TP,148,2460,86,9,9,1/136.7,1/273.3,1/273.3,6.174762340676697
2023-05-09,アイムジャグラーEX-TP,149,1392,-445,4,3,1/198.9,1/348.0,1/464.0,6.24330229787163
2023-05-09,アイムジャグラーEX-TP,150,1388,-199,5,4,1/154.2,1/277.6,1/347.0,6.636947994682982
2023-05-09,アイムジャグラーEX-TP,151,4961,1516,25,17,1/118.1,1/198.4,1/291.8,6.444431090533618
2023-05-09,アイムジャグラーEX-TP,152,4137,-529,14,9,1/179.9,1/295.5,1/459.7,5.956900121330983
2023-05-09,アイムジャグラーEX-TP,153,3448,165,14,7,1/164.2,1/246.3,1/492.6,5.870938085151657
2023-05-09,アイムジャグラーEX-TP,154,2032,1167,11,8,1/106.9,1/184.7,1/254.0,5.850015113018867
2023-05-09,アイムジャグラーEX-TP,155,5377,208,21,16,1/145.3,1/256.0,1/336.1,6.1429255769314715
2023-05-09,アイムジャグラーEX-TP,156,3821,837,20,6,1/147.0,1/191.1,1/636.8,6.236826316253548
2023-05-09,アイムジャグラーEX-TP,157,7005,941,31,16,1/149.0,1/226.0,1/437.8,6.000557910544916
2023-05-09,アイムジャグラーEX-TP,158,3215,-404,10,10,1/160.8,1/321.5,1/321.5,6.0381982241875
2023-05-09,アイムジャグラーEX-TP,159,1349,-174,5,4,1/149.9,1/269.8,1/337.2,6.747303866905354
2023-05-09,アイムジャグラーEX-TP,160,4897,-450,17,16,1/148.4,1/288.1,1/306.1,6.38468505842756
2023-05-09,アイムジャグラーEX-TP,161,3426,155,13,10,1/149.0,1/263.5,1/342.6,5.960496937033544
2023-05-09,アイムジャグラーEX-TP,162,4040,771,17,10,1/149.6,1/237.6,1/404.0,5.609491759913475
2023-05-09,アイムジャグラーEX-TP,163,2904,-886,8,8,1/181.5,1/363.0,1/363.0,6.305775934414371
2023-05-09,アイムジャグラーEX-TP,164,4543,-624,14,14,1/162.2,1/324.5,1/324.5,6.046089863394302
2023-05-09,アイムジャグラーEX-TP,165,2601,-303,10,4,1/185.8,1/260.1,1/650.2,6.156831761127994
2023-05-09,アイムジャグラーEX-TP,166,5772,2393,29,19,1/120.2,1/199.0,1/303.8,5.852128039370424
2023-05-09,アイムジャグラーEX-TP,167,6442,236,25,18,1/149.8,1/257.7,1/357.9,6.043373465854889
2023-05-09,アイムジャグラーEX-TP,168,5743,-1391,17,12,1/198.0,1/337.8,1/478.6,5.955235851552634
2023-05-09,アイムジャグラーEX-TP,169,4006,-468,14,9,1/174.2,1/286.1,1/445.1,6.0631516137980075
2023-05-09,アイムジャグラーEX-TP,170,4022,124,13,14,1/149.0,1/309.4,1/287.3,5.651701223194239
2023-05-09,アイムジャグラーEX-TP,171,5663,54,21,18,1/145.2,1/269.7,1/314.6,6.13781677998036
2023-05-09,アイムジャグラーEX-TP,172,3099,872,16,9,1/124.0,1/193.7,1/344.3,6.4730839290370366
2023-05-09,アイムジャグラーEX-TP,173,3009,697,15,8,1/130.8,1/200.6,1/376.1,6.378437734693493
2023-05-09,アイムジャグラーEX-TP,174,4121,1580,20,12,1/128.8,1/206.1,1/343.4,5.653718275314376
2023-05-09,アイムジャグラーEX-TP,175,1976,-737,5,5,1/197.6,1/395.2,1/395.2,6.256975371772314
2023-05-09,アイムジャグラーEX-TP,176,4493,3148,28,16,1/102.1,1/160.5,1/280.8,6.042286159014574
2023-05-09,アイムジャグラーEX-TP,177,3888,-196,13,13,1/149.5,1/299.1,1/299.1,6.063621046641504
2023-05-09,アイムジャグラーEX-TP,178,5729,-254,21,18,1/146.9,1/272.8,1/318.3,6.330390867326642
2023-05-09,マイジャグラーV,117,5290,-492,17,16,1/160.3,1/311.2,1/330.6,5.794677514763044
2023-05-09,マイジャグラーV,118,6325,-1467,19,17,1/175.7,1/332.9,1/372.1,6.042799560965533
2023-05-09,マイジャグラーV,119,2957,-584,9,7,1/184.8,1/328.6,1/422.4,5.799777428882908
2023-05-09,マイジャグラーV,120,6855,2088,27,42,1/99.3,1/253.9,1/163.2,6.110624261274247
2023-05-09,ファンキージャグラー2,113,2330,-416,7,8,1/155.3,1/332.9,1/291.2,6.13335237392654
2023-05-09,ファンキージャグラー2,114,1730,-89,8,2,1/173.0,1/216.2,1/865.0,6.3452736651428525
2023-05-09,ファンキージャグラー2,115,3026,297,16,4,1/151.3,1/189.1,1/756.5,6.47299346160278
2023-05-09,ファンキージャグラー2,116,2044,-602,6,5,1/185.8,1/340.7,1/408.8,6.159147675208014
2023-05-09,ハッピージャグラーVIII,109,5024,-1721,15,9,1/209.3,1/334.9,1/558.2,6.396712822990072
2023-05-09,ハッピージャグラーVIII,110,3947,-1658,10,9,1/207.7,1/394.7,1/438.6,6.479196098709739
2023-05-09,ハッピージャグラーVIII,111,3554,63,15,9,1/148.1,1/236.9,1/394.9,6.430853330719255
2023-05-09,ハッピージャグラーVIII,112,5517,-407,18,16,1/162.3,1/306.5,1/344.8,5.939430805355246
2023-05-08,アイムジャグラーEX-TP,121,5169,-283,18,16,1/152.0,1/287.2,1/323.1,6.135870464925197
2023-05-08,アイムジャグラーEX-TP,122,4718,608,17,19,1/131.1,1/277.5,1/248.3,5.846694273109672
2023-05-08,アイムジャグラーEX-TP,123,6333,246,25,22,1/134.7,1/253.3,1/287.9,6.428543781961335
2023-05-08,アイムジャグラーEX-TP,124,5362,-1263,15,16,1/173.0,1/357.5,1/335.1,6.127035569589713
2023-05-08,アイムジャグラーEX-TP,125,3146,-433,13,4,1/185.1,1/242.0,1/786.5,6.4969047081474125
2023-05-08,アイムジャグラーEX-TP,126,7187,447,26,28,1/133.1,1/276.4,1/256.7,6.1045581793953225
2023-05-08,アイムジャグラーEX-TP,127,4463,-319,17,9,1/171.7,1/262.5,1/495.9,6.11747789065634
2023-05-08,アイムジャグラーEX-TP,128,4681,-400,17,10,1/173.4,1/275.4,1/468.1,6.028996187332877
2023-05-08,アイムジャグラーEX-TP,129,5909,-105,21,13,1/173.8,1/281.4,1/454.5,5.681496626014047
2023-05-08,アイムジャグラーEX-TP,130,6558,-402,21,25,1/142.6,1/312.3,1/262.3,6.1568630123891515
2023-05-08,アイムジャグラーEX-TP,131,4617,-1315,13,13,1/177.6,1/355.2,1/355.2,6.3097977013531334
2023-05-08,アイムジャグラーEX-TP,132,7606,-769,24,20,1/172.9,1/316.9,1/380.3,5.780512701532871
2023-05-08,アイムジャグラーEX-TP,145,6543,1795,32,19,1/128.3,1/204.5,1/344.4,6.166789052091761
2023-05-08,アイムジャグラーEX-TP,146,2669,-44,10,8,1/148.3,1/266.9,1/333.6,6.2258241962540275
2023-05-08,アイムジャグラーEX-TP,147,5152,1721,25,15,1/128.8,1/206.1,1/343.5,5.857120724034708
2023-05-08,アイムジャグラーEX-TP,148,5105,1568,26,15,1/124.5,1/196.3,1/340.3,6.269743012383692
2023-05-08,アイムジャグラーEX-TP,149,6854,332,25,26,1/134.4,1/274.2,1/263.6,6.158577106674776
2023-05-08,アイムジャグラーEX-TP,150,6053,-97,21,24,1/134.5,1/288.2,1/252.2,6.334347188175119
2023-05-08,アイムジャグラーEX-TP,151,2358,-1239,5,5,1/235.8,1/471.6,1/471.6,6.308442381367974
2023-05-08,アイムジャグラーEX-TP,152,7243,1521,32,23,1/131.7,1/226.3,1/314.9,6.034028304049746
2023-05-08,アイムジャグラーEX-TP,153,5308,382,20,17,1/143.5,1/265.4,1/312.2,5.9323232118787015
2023-05-08,アイムジャグラーEX-TP,154,4252,-152,15,13,1/151.9,1/283.5,1/327.1,6.083610324556319
2023-05-08,アイムジャグラーEX-TP,155,3746,719,19,6,1/149.8,1/197.2,1/624.3,6.185554174878364
2023-05-08,アイムジャグラーEX-TP,156,7540,1247,31,25,1/134.6,1/243.2,1/301.6,5.948405393452304
2023-05-08,アイムジャグラーEX-TP,157,7258,-300,26,18,1/165.0,1/279.2,1/403.2,5.922754550573584
2023-05-08,アイムジャグラーEX-TP,158,5425,1877,27,16,1/126.2,1/200.9,1/339.1,5.957131166420008
2023-05-08,アイムジャグラーEX-TP,159,6551,1309,30,20,1/131.0,1/218.4,1/327.6,6.217195420583352
2023-05-08,アイムジャグラーEX-TP,160,4436,164,17,14,1/143.1,1/260.9,1/316.9,6.14523855737117
2023-05-08,アイムジャグラーEX-TP,161,5333,507,22,17,1/136.7,1/242.4,1/313.7,6.233981295274025
2023-05-08,アイムジャグラーEX-TP,162,5968,-401,19,23,1/142.1,1/314.1,1/259.5,6.181642382417404
2023-05-08,アイムジャグラーEX-TP,163,4970,-584,17,14,1/160.3,1/292.4,1/355.0,6.234906304851416
2023-05-08,アイムジャグラーEX-TP,164,4144,-1676,9,11,1/207.2,1/460.4,1/376.7,6.036023055510612
2023-05-08,アイムジャグラーEX-TP,165,6091,-535,20,17,1/164.6,1/304.6,1/358.3,5.927441787067159
2023-05-08,アイムジャグラーEX-TP,166,5570,537,26,12,1/146.6,1/214.2,1/464.2,6.416826693722559
2023-05-08,アイムジャグラーEX-TP,167,5847,-711,18,19,1/158.0,1/324.8,1/307.7,6.0435380949571
2023-05-08,アイムジャグラーEX-TP,168,5781,122,24,14,1/152.1,1/240.9,1/412.9,6.271155114228424
2023-05-08,アイムジャグラーEX-TP,169,7068,1379,32,19,1/138.6,1/220.9,1/372.0,6.0156930434578415
2023-05-08,アイムジャグラーEX-TP,170,4178,-412,17,5,1/189.9,1/245.8,1/835.6,6.185253036214582
2023-05-08,アイムジャグラーEX-TP,171,5114,-948,15,14,1/176.3,1/340.9,1/365.3,5.946875977785196
2023-05-08,アイムジャグラーEX-TP,172,5014,-17,16,19,1/143.3,1/313.4,1/263.9,5.872701683234132
2023-05-08,アイムジャグラーEX-TP,173,7649,3075,38,33,1/107.7,1/201.3,1/231.8,6.293291524836892
2023-05-08,アイムジャグラーEX-TP,174,4812,-669,16,14,1/160.4,1/300.8,1/343.7,6.265853605752647
2023-05-08,アイムジャグラーEX-TP,175,5740,-508,21,15,1/159.4,1/273.3,1/382.7,6.290792887590107
2023-05-08,アイムジャグラーEX-TP,176,4478,-1490,13,12,1/179.1,1/344.5,1/373.2,6.606465215507454
2023-05-08,アイムジャグラーEX-TP,177,4858,72,18,16,1/142.9,1/269.9,1/303.6,6.160988584771208
2023-05-08,アイムジャグラーEX-TP,178,4860,165,19,12,1/156.8,1/255.8,1/405.0,5.948696895716589
2023-05-08,マイジャグラーV,117,7515,-877,23,18,1/183.3,1/326.7,1/417.5,5.504142185139596
2023-05-08,マイジャグラーV,118,5306,-2455,10,16,1/204.1,1/530.6,1/331.6,6.016306009143644
2023-05-08,マイジャグラーV,119,7005,340,26,21,1/149.0,1/269.4,1/333.6,5.691875355262936
2023-05-08,マイジャグラーV,120,8505,3424,41,32,1/116.5,1/207.4,1/265.8,5.6283000888008266
2023-05-08,ファンキージャグラー2,113,4280,-1133,11,12,1/186.1,1/389.1,1/356.7,5.78858870352857
2023-05-08,ファンキージャグラー2,114,6547,-755,24,14,1/172.3,1/272.8,1/467.6,6.003049502384492
2023-05-08,ファンキージャグラー2,115,7374,1582,37,19,1/131.7,1/199.3,1/388.1,6.166432334851158
2023-05-08,ファンキージャグラー2,116,5447,-531,18,15,1/165.1,1/302.6,1/363.1,5.804268004429498
2023-05-08,ハッピージャグラーVIII,109,6341,504,26,18,1/144.1,1/243.9,1/352.3,6.128951827088651
2023-05-08,ハッピージャグラーVIII,110,6276,-276,26,12,1/165.2,1/241.4,1/523.0,6.347598691581497
2023-05-08,ハッピージャグラーVIII,111,4686,-709,16,8,1/195.2,1/292.9,1/585.8,5.938330137383445
2023-05-08,ハッピージャグラーVIII,112,5046,-1194,14,14,1/180.2,1/360.4,1/360.4,6.092369117520152
2023-05-07,アイムジャグラーEX-TP,121,4874,263,18,16,1/143.4,1/270.8,1/304.6,5.9625064772222345
2023-05-07,アイムジャグラーEX-TP,122,4464,2017,27,7,1/131.3,1/165.3,1/637.7,6.10156931433314
2023-05-07,アイムジャグラーEX-TP,123,3401,-1278,9,10,1/179.0,1/377.9,1/340.1,6.624679973514525
2023-05-07,アイムジャグラーEX-TP,124,3652,136,16,8,1/152.2,1/228.2,1/456.5,6.368714974683486
2023-05-07,アイムジャグラーEX-TP,125,7958,684,26,33,1/134.9,1/306.1,1/241.2,5.720744961763706
2023-05-07,アイムジャグラーEX-TP,126,3389,989,15,15,1/113.0,1/225.9,1/225.9,6.218382168887296
2023-05-07,アイムジャグラーEX-TP,127,2367,-1059,6,4,1/236.7,1/394.5,1/591.8,6.235031774954707
2023-05-07,アイムジャグラーEX-TP,128,5740,-441,19,16,1/164.0,1/302.1,1/358.8,5.9070158522591525
2023-05-07,アイムジャグラーEX-TP,129,5121,-1024,15,15,1/170.7,1/341.4,1/341.4,6.0909659900964535
2023-05-07,アイムジャグラーEX-TP,130,5244,-1122,17,8,1/209.8,1/308.5,1/655.5,5.906020549370058
2023-05-07,アイムジャグラーEX-TP,131,1432,-602,2,6,1/179.0,1/716.0,1/238.7,5.891324481645727
2023-05-07,アイムジャグラーEX-TP,132,6658,699,28,15,1/154.8,1/237.8,1/443.9,5.873320970542561
2023-05-07,アイムジャグラーEX-TP,145,4126,167,15,17,1/128.9,1/275.1,1/242.7,6.334477223854407
2023-05-07,アイムジャグラーEX-TP,146,3581,260,13,15,1/127.9,1/275.5,1/238.7,6.202323857120074
2023-05-07,アイムジャグラーEX-TP,147,2699,-551,9,7,1/168.7,1/299.9,1/385.6,6.45513159762761
2023-05-07,アイムジャグラーEX-TP,148,4143,-1085,10,14,1/172.6,1/414.3,1/295.9,5.97853856176132
2023-05-07,アイムジャグラーEX-TP,149,3904,-751,12,10,1/177.5,1/325.3,1/390.4,6.062039696857022
2023-05-07,アイムジャグラーEX-TP,150,6643,2748,30,33,1/105.4,1/221.4,1/201.3,5.9962451752814925
2023-05-07,アイムジャグラーEX-TP,151,3199,-364,10,11,1/152.3,1/319.9,1/290.8,6.1462412314954
2023-05-07,アイムジャグラーEX-TP,152,3700,438,15,11,1/142.3,1/246.7,1/336.4,5.948213566589044
2023-05-07,アイムジャグラーEX-TP,153,4245,548,18,14,1/132.7,1/235.8,1/303.2,6.260232789226441
2023-05-07,アイムジャグラーEX-TP,154,2765,-118,10,8,1/153.6,1/276.5,1/345.6,6.147339158150249
2023-05-07,アイムジャグラーEX-TP,155,4351,24,17,11,1/155.4,1/255.9,1/395.5,6.100544374386721
2023-05-07,アイムジャグラーEX-TP,156,5899,-1351,15,19,1/173.5,1/393.3,1/310.5,5.910037230930251
2023-05-07,アイムジャグラーEX-TP,157,6305,-1685,18,17,1/180.1,1/350.3,1/370.9,6.2161804169218335
2023-05-07,アイムジャグラーEX-TP,158,3335,-199,12,11,1/145.0,1/277.9,1/303.2,6.39777898273012
2023-05-07,アイムジャグラーEX-TP,159,5719,1010,25,18,1/133.0,1/228.8,1/317.7,6.121723650879525
2023-05-07,アイムジャグラーEX-TP,160,4457,10,17,13,1/148.6,1/262.2,1/342.8,6.180382470410778
2023-05-07,アイムジャグラーEX-TP,161,3206,-423,10,7,1/188.6,1/320.6,1/458.0,5.695070472411425
2023-05-07,アイムジャグラーEX-TP,162,2752,-402,9,8,1/161.9,1/305.8,1/344.0,6.2320840322254005
2023-05-07,アイムジャグラーEX-TP,163,5405,179,24,9,1/163.8,1/225.2,1/600.6,6.21503718184802
2023-05-07,アイムジャグラーEX-TP,164,4368,161,18,12,1/145.6,1/242.7,1/364.0,6.308490196609122
2023-05-07,アイムジャグラーEX-TP,165,2786,-207,11,3,1/199.0,1/253.3,1/928.7,5.884776581478787
2023-05-07,アイムジャグラーEX-TP,166,2266,-1081,6,3,1/251.8,1/377.7,1/755.3,6.349733158488696
2023-05-07,アイムジャグラーEX-TP,167,5602,1191,24,23,1/119.2,1/233.4,1/243.6,6.282118973307981
2023-05-07,アイムジャグラーEX-TP,168,2533,-328,10,5,1/168.9,1/253.3,1/506.6,6.563271688069592
2023-05-07,アイムジャグラーEX-TP,169,5512,-1441,15,10,1/220.5,1/367.5,1/551.2,5.67235036790986
2023-05-07,アイムジャグラーEX-TP,170,2975,-255,10,8,1/165.3,1/297.5,1/371.9,5.9615475175414785
2023-05-07,アイムジャグラーEX-TP,171,5613,-587,17,18,1/160.4,1/330.2,1/311.8,5.893911050161278
2023-05-07,アイムジャグラーEX-TP,172,3219,-238,12,7,1/169.4,1/268.2,1/459.9,6.103943270607336
2023-05-07,アイムジャグラーEX-TP,173,6732,-620,21,20,1/164.2,1/320.6,1/336.6,5.841594745646924
2023-05-07,アイムジャグラーEX-TP,174,3447,41,12,11,1/149.9,1/287.2,1/313.4,5.875523481102606
2023-05-07,アイムジャグラーEX-TP,175,4127,309,18,10,1/147.4,1/229.3,1/412.7,6.266826055929062
2023-05-07,アイムジャグラーEX-TP,176,3827,521,17,8,1/153.1,1/225.1,1/478.4,5.929161501760706
2023-05-07,アイムジャグラーEX-TP,177,4135,-52,15,12,1/153.1,1/275.7,1/344.6,6.024564634144653
2023-05-07,アイムジャグラーEX-TP,178,4835,-543,17,15,1/151.1,1/284.4,1/322.3,6.466684071654337
2023-05-07,マイジャグラーV,117,3213,-1958,4,7,1/292.1,1/803.2,1/459.0,5.650667789935476
2023-05-07,マイジャグラーV,118,6971,-1033,23,18,1/170.0,1/303.1,1/387.3,5.939036929677736
2023-05-07,マイジャグラーV,119,2570,-1486,6,1,1/367.1,1/428.3,1/2570.0,5.8966726848482836
2023-05-07,マイジャグラーV,120,6433,157,25,18,1/149.6,1/257.3,1/357.4,5.888228806484636
2023-05-07,ファンキージャグラー2,113,4106,294,15,13,1/146.6,1/273.7,1/315.8,5.6151942013068314
2023-05-07,ファンキージャグラー2,114,3515,-997,11,9,1/175.8,1/319.5,1/390.6,6.38745333348628
2023-05-07,ファンキージャグラー2,115,3331,-20,14,7,1/158.6,1/237.9,1/475.9,6.074518577648102
2023-05-07,ファンキージャグラー2,116,2598,-466,8,6,1/185.6,1/324.8,1/433.0,5.744510888230624
2023-05-07,ハッピージャグラーVIII,109,5091,1876,25,18,1/118.4,1/203.6,1/282.8,5.999905157657128
2023-05-07,ハッピージャグラーVIII,110,2315,-1029,6,5,1/210.5,1/385.8,1/463.0,6.623287471597559
2023-05-07,ハッピージャグラーVIII,111,2851,-553,9,8,1/167.7,1/316.8,1/356.4,6.343599062956299
2023-05-07,ハッピージャグラーVIII,112,4629,400,20,11,1/149.3,1/231.4,1/420.8,6.136603355906075
2023-05-06,アイムジャグラーEX-TP,121,4210,-675,15,7,1/191.4,1/280.7,1/601.4,6.086313759738644
2023-05-06,アイムジャグラーEX-TP,122,5558,-1363,14,22,1/154.4,1/397.0,1/252.6,6.283418675378468
2023-05-06,アイムジャグラーEX-TP,123,4703,-945,12,22,1/138.3,1/391.9,1/213.8,6.4477774855126535
2023-05-06,アイムジャグラーEX-TP,124,3540,-2464,5,6,1/321.8,1/708.0,1/590.0,6.079206392234003
2023-05-06,アイムジャグラーEX-TP,125,5397,-179,16,24,1/134.9,1/337.3,1/224.9,6.029878702571211
2023-05-06,アイムジャグラーEX-TP,126,5636,295,22,15,1/152.3,1/256.2,1/375.7,5.941730620129971
2023-05-06,アイムジャグラーEX-TP,127,3287,-1957,4,11,1/219.1,1/821.8,1/298.8,6.114157514945972
2023-05-06,アイムジャグラーEX-TP,128,3559,-788,12,8,1/177.9,1/296.6,1/444.9,6.42231713882036
2023-05-06,アイムジャグラーEX-TP,129,4906,-1461,15,9,1/204.4,1/327.1,1/545.1,6.213136886423604
2023-05-06,アイムジャグラーEX-TP,130,3255,-713,9,6,1/217.0,1/361.7,1/542.5,5.559432165918051
2023-05-06,アイムジャグラーEX-TP,131,6316,167,22,21,1/146.9,1/287.1,1/300.8,5.869807247741711
2023-05-06,アイムジャグラーEX-TP,132,4965,-733,15,16,1/160.2,1/331.0,1/310.3,6.085156526097508
2023-05-06,アイムジャグラーEX-TP,145,3650,170,16,8,1/152.1,1/228.1,1/456.2,6.325318952041951
2023-05-06,アイムジャグラーEX-TP,146,3350,-591,12,8,1/167.5,1/279.2,1/418.8,6.533602218694295
2023-05-06,アイムジャグラーEX-TP,147,3921,-900,11,13,1/163.4,1/356.5,1/301.6,6.259150475724169
2023-05-06,アイムジャグラーEX-TP,148,3376,667,17,7,1/140.7,1/198.6,1/482.3,6.333055224166518
2023-05-06,アイムジャグラーEX-TP,149,5653,-246,21,16,1/152.8,1/269.2,1/353.3,6.240941154681423
2023-05-06,アイムジャグラーEX-TP,150,932,-647,2,1,1/310.7,1/466.0,1/932.0,6.707181786863754
2023-05-06,アイムジャグラーEX-TP,151,5235,-20,17,24,1/127.7,1/307.9,1/218.1,6.2896999765052355
2023-05-06,アイムジャグラーEX-TP,152,6643,-227,23,19,1/158.2,1/288.8,1/349.6,5.917954575302261
2023-05-06,アイムジャグラーEX-TP,153,2219,274,9,5,1/158.5,1/246.6,1/443.8,5.64121095012178
2023-05-06,アイムジャグラーEX-TP,154,2953,-602,9,7,1/184.6,1/328.1,1/421.9,6.00183587480833
2023-05-06,アイムジャグラーEX-TP,155,2887,-1569,5,6,1/262.5,1/577.4,1/481.2,5.918242604610574
2023-05-06,アイムジャグラーEX-TP,156,6821,856,27,21,1/142.1,1/252.6,1/324.8,5.856399269709329
2023-05-06,アイムジャグラーEX-TP,157,6253,-451,22,14,1/173.7,1/284.2,1/446.6,5.886849055993434
2023-05-06,アイムジャグラーEX-TP,158,5679,-1736,14,18,1/177.5,1/405.6,1/315.5,6.147493336047942
2023-05-06,アイムジャグラーEX-TP,159,2798,-378,10,6,1/174.9,1/279.8,1/466.3,6.196710065193465
2023-05-06,アイムジャグラーEX-TP,160,6247,315,21,24,1/138.8,1/297.5,1/260.3,5.847084941745784
2023-05-06,アイムジャグラーEX-TP,161,3237,573,17,7,1/134.9,1/190.4,1/462.4,6.7805275816026125
2023-05-06,アイムジャグラーEX-TP,162,7398,1328,31,28,1/125.4,1/238.6,1/264.2,6.17995977713284
2023-05-06,アイムジャグラーEX-TP,163,2721,-549,8,7,1/181.4,1/340.1,1/388.7,5.957618930856348
2023-05-06,アイムジャグラーEX-TP,164,4603,-490,16,8,1/191.8,1/287.7,1/575.4,5.784610026801482
2023-05-06,アイムジャグラーEX-TP,165,3482,-51,13,9,1/158.3,1/267.8,1/386.9,6.017571100229404
2023-05-06,アイムジャグラーEX-TP,166,1581,-1050,2,4,1/263.5,1/790.5,1/395.2,6.1285782698523485
2023-05-06,アイムジャグラーEX-TP,167,3761,214,14,12,1/144.7,1/268.6,1/313.4,5.943295117677085
2023-05-06,アイムジャグラーEX-TP,168,5744,3910,38,14,1/110.5,1/151.2,1/410.3,6.085011595209943
2023-05-06,アイムジャグラーEX-TP,169,4699,-69,16,15,1/151.6,1/293.7,1/313.3,5.908066932929082
2023-05-06,アイムジャグラーEX-TP,170,2622,-757,7,6,1/201.7,1/374.6,1/437.0,5.92206949541777
2023-05-06,アイムジャグラーEX-TP,171,7441,1205,31,24,1/135.3,1/240.0,1/310.0,5.986636999143213
2023-05-06,アイムジャグラーEX-TP,172,2571,-564,8,7,1/171.4,1/321.4,1/367.3,6.310052723914283
2023-05-06,アイムジャグラーEX-TP,173,2439,-629,6,8,1/174.2,1/406.5,1/304.9,5.970491817243906
2023-05-06,アイムジャグラーEX-TP,174,3868,-458,13,11,1/161.2,1/297.5,1/351.6,6.179479170234618
2023-05-06,アイムジャグラーEX-TP,175,2864,-115,11,8,1/150.7,1/260.4,1/358.0,6.36381075031173
2023-05-06,アイムジャグラーEX-TP,176,4675,645,21,9,1/155.8,1/222.6,1/519.4,5.907070099548346
2023-05-06,アイムジャグラーEX-TP,177,2825,-269,10,6,1/176.6,1/282.5,1/470.8,5.963841178159464
2023-05-06,アイムジャグラーEX-TP,178,6877,-76,23,32,1/125.0,1/299.0,1/214.9,6.484289816054644
2023-05-06,マイジャグラーV,117,5578,469,24,12,1/154.9,1/232.4,1/464.8,5.7958543260850774
2023-05-06,マイジャグラーV,118,5364,-1394,16,12,1/191.6,1/335.2,1/447.0,5.952755067162063
2023-05-06,マイジャグラーV,119,3062,-1437,9,3,1/255.2,1/340.2,1/1020.7,6.32565743622168
2023-05-06,マイジャグラーV,120,7737,-548,25,25,1/154.7,1/309.5,1/309.5,5.801910204320572
2023-05-06,ファンキージャグラー2,113,3398,206,17,5,1/154.5,1/199.9,1/679.6,6.388685221084372
2023-05-06,ファンキージャグラー2,114,2051,-1688,3,0,1/683.7,1/683.7,1/0.0,5.90085562766234
2023-05-06,ファンキージャグラー2,115,5022,962,23,16,1/128.8,1/218.3,1/313.9,6.0557266122806865
2023-05-06,ファンキージャグラー2,116,2890,147,13,6,1/152.1,1/222.3,1/481.7,6.1274363649036765
2023-05-06,ハッピージャグラーVIII,109,5709,-1237,17,15,1/178.4,1/335.8,1/380.6,6.1613736776678545
2023-05-06,ハッピージャグラーVIII,110,4744,229,20,12,1/148.2,1/237.2,1/395.3,6.269800456728001
2023-05-06,ハッピージャグラーVIII,111,4349,-2014,10,7,1/255.8,1/434.9,1/621.3,6.097521756640076
2023-05-06,ハッピージャグラーVIII,112,3986,-412,15,10,1/159.4,1/265.7,1/398.6,6.47869906227495
2023-05-05,アイムジャグラーEX-TP,121,6917,92,27,19,1/150.4,1/256.2,1/364.1,6.157414127484803
2023-05-05,アイムジャグラーEX-TP,122,4184,135,15,16,1/135.0,1/278.9,1/261.5,6.17480169980012
2023-05-05,アイムジャグラーEX-TP,123,7064,-105,29,15,1/160.5,1/243.6,1/470.9,6.251291142946993
2023-05-05,アイムジャグラーEX-TP,124,4966,276,20,16,1/137.9,1/248.3,1/310.4,6.323459280105613
2023-05-05,アイムジャグラーEX-TP,125,4836,-506,14,19,1/146.5,1/345.4,1/254.5,6.050951186128446
2023-05-05,アイムジャグラーEX-TP,126,5982,436,21,24,1/132.9,1/284.9,1/249.2,5.983375996978024
2023-05-05,アイムジャグラーEX-TP,127,4714,965,20,16,1/130.9,1/235.7,1/294.6,5.95342918025953
2023-05-05,アイムジャグラーEX-TP,128,5044,-869,15,18,1/152.8,1/336.3,1/280.2,6.304412822750721
2023-05-05,アイムジャグラーEX-TP,129,2110,-918,5,4,1/234.4,1/422.0,1/527.5,6.073023356819048
2023-05-05,アイムジャグラーEX-TP,130,7044,1224,32,19,1/138.1,1/220.1,1/370.7,6.136064833431058
2023-05-05,アイムジャグラーEX-TP,131,3472,-60,12,12,1/144.7,1/289.3,1/289.3,6.090791242901737
2023-05-05,アイムジャグラーEX-TP,132,5914,1294,26,22,1/123.2,1/227.5,1/268.8,6.2101590052723985
2023-05-05,アイムジャグラーEX-TP,145,5948,167,23,19,1/141.6,1/258.6,1/313.1,6.24712207542419
2023-05-05,アイムジャグラーEX-TP,146,3528,-235,10,13,1/153.4,1/352.8,1/271.4,5.72011914255868
2023-05-05,アイムジャグラーEX-TP,147,5833,-95,19,24,1/135.7,1/307.0,1/243.0,6.145708586977269
2023-05-05,アイムジャグラーEX-TP,148,2158,-79,8,5,1/166.0,1/269.8,1/431.6,5.971915889411298
2023-05-05,アイムジャグラーEX-TP,149,4781,345,19,14,1/144.9,1/251.6,1/341.5,6.046495233961742
2023-05-05,アイムジャグラーEX-TP,150,5933,1597,27,18,1/131.8,1/219.7,1/329.6,5.860279382917817
2023-05-05,アイムジャグラーEX-TP,151,5642,308,20,22,1/134.3,1/282.1,1/256.5,6.056668734722398
2023-05-05,アイムジャグラーEX-TP,152,4453,-1096,12,14,1/171.3,1/371.1,1/318.1,6.127164152768132
2023-05-05,アイムジャグラーEX-TP,153,2977,-1169,7,7,1/212.6,1/425.3,1/425.3,6.056493063067399
2023-05-05,アイムジャグラーEX-TP,154,4426,-390,14,16,1/147.5,1/316.1,1/276.6,6.148455841570656
2023-05-05,アイムジャグラーEX-TP,155,7162,1291,29,30,1/121.4,1/247.0,1/238.7,6.190763707288279
2023-05-05,アイムジャグラーEX-TP,156,5523,-978,17,18,1/157.8,1/324.9,1/306.8,6.311854502736777
2023-05-05,アイムジャグラーEX-TP,157,6743,-3152,15,11,1/259.3,1/449.5,1/613.0,5.940994183217794
2023-05-05,アイムジャグラーEX-TP,158,4880,1050,23,14,1/131.9,1/212.2,1/348.6,6.220570598409331
2023-05-05,アイムジャグラーEX-TP,159,3594,-687,11,9,1/179.7,1/326.7,1/399.3,6.016595759897049
2023-05-05,アイムジャグラーEX-TP,160,4229,955,19,12,1/136.4,1/222.6,1/352.4,5.9038320895987555
2023-05-05,アイムジャグラーEX-TP,161,7482,-75,27,21,1/155.9,1/277.1,1/356.3,5.951148657593622
2023-05-05,アイムジャグラーEX-TP,162,5574,-684,16,22,1/146.7,1/348.4,1/253.4,6.114058049065284
2023-05-05,アイムジャグラーEX-TP,163,5294,432,23,14,1/143.1,1/230.2,1/378.1,6.316785403896797
2023-05-05,アイムジャグラーEX-TP,164,4280,-477,15,10,1/171.2,1/285.3,1/428.0,6.089319937493415
2023-05-05,アイムジャグラーEX-TP,165,4051,418,16,15,1/130.7,1/253.2,1/270.1,6.218585760967542
2023-05-05,アイムジャグラーEX-TP,166,6411,922,24,27,1/125.7,1/267.1,1/237.4,6.013147943539515
2023-05-05,アイムジャグラーEX-TP,167,5420,-326,19,18,1/146.5,1/285.3,1/301.1,6.293868744154293
2023-05-05,アイムジャグラーEX-TP,168,6750,-2103,20,9,1/232.8,1/337.5,1/750.0,5.946540600005947
2023-05-05,アイムジャグラーEX-TP,169,5298,-196,17,21,1/139.4,1/311.6,1/252.3,6.118189705962204
2023-05-05,アイムジャグラーEX-TP,170,6170,-1120,18,21,1/158.2,1/342.8,1/293.8,6.203355130368233
2023-05-05,アイムジャグラーEX-TP,171,4969,-687,15,18,1/150.6,1/331.3,1/276.1,6.218078149341769
2023-05-05,アイムジャグラーEX-TP,172,6141,368,23,22,1/136.5,1/267.0,1/279.1,6.12556119681516
2023-05-05,アイムジャグラーEX-TP,173,8214,1427,32,32,1/128.3,1/256.7,1/256.7,5.916471182060234
2023-05-05,アイムジャグラーEX-TP,174,8388,1850,37,28,1/129.0,1/226.7,1/299.6,6.04851240089621
2023-05-05,アイムジャグラーEX-TP,175,2137,-1195,3,4,1/305.3,1/712.3,1/534.2,5.562804729180564
2023-05-05,アイムジャグラーEX-TP,176,4157,-1402,11,10,1/198.0,1/377.9,1/415.7,6.167682964418997
2023-05-05,アイムジャグラーEX-TP,177,5601,851,24,12,1/155.6,1/233.4,1/466.8,5.715947475086082
2023-05-05,アイムジャグラーEX-TP,178,4957,-66,20,12,1/154.9,1/247.8,1/413.1,6.295720175267159
2023-05-05,マイジャグラーV,117,6388,666,25,22,1/135.9,1/255.5,1/290.4,5.837604629045014
2023-05-05,マイジャグラーV,118,5948,-98,24,14,1/156.5,1/247.8,1/424.9,6.0400408299854895
2023-05-05,マイジャグラーV,119,6608,7,26,16,1/157.3,1/254.2,1/413.0,5.88407999114681
2023-05-05,マイジャグラーV,120,7887,-102,28,32,1/131.4,1/281.7,1/246.5,6.241387804034442
2023-05-05,ファンキージャグラー2,113,4216,987,22,7,1/145.4,1/191.6,1/602.3,5.898824663383277
2023-05-05,ファンキージャグラー2,114,4871,725,19,16,1/139.2,1/256.4,1/304.4,5.588774960980187
2023-05-05,ファンキージャグラー2,115,6300,1718,32,15,1/134.0,1/196.9,1/420.0,5.885059189216329
2023-05-05,ファンキージャグラー2,116,4138,-267,14,13,1/153.3,1/295.6,1/318.3,5.901932151813012
2023-05-05,ハッピージャグラーVIII,109,6999,-171,24,24,1/145.8,1/291.6,1/291.6,6.12669649896914
2023-05-05,ハッピージャグラーVIII,110,5497,856,24,15,1/140.9,1/229.0,1/366.5,6.022534572499676
2023-05-05,ハッピージャグラーVIII,111,4281,-1007,12,11,1/186.1,1/356.8,1/389.2,6.027386912886571
2023-05-05,ハッピージャグラーVIII,112,4985,507,20,13,1/151.1,1/249.2,1/383.5,5.8362152817082436
2023-05-04,アイムジャグラーEX-TP,121,7442,-523,27,19,1/161.8,1/275.6,1/391.7,6.1382018539349135
2023-05-04,アイムジャグラーEX-TP,122,5053,-181,18,18,1/140.4,1/280.7,1/280.7,6.358373269152143
2023-05-04,アイムジャグラーEX-TP,123,4070,-650,13,11,1/169.6,1/313.1,1/370.0,6.1131047542832295
2023-05-04,アイムジャグラーEX-TP,124,3584,-305,14,7,1/170.7,1/256.0,1/512.0,6.2708747385597245
2023-05-04,アイムジャグラーEX-TP,125,7209,-437,23,28,1/141.4,1/313.4,1/257.5,6.172149230119632
2023-05-04,アイムジャグラーEX-TP,126,4412,119,17,11,1/157.6,1/259.5,1/401.1,5.927171983424124
2023-05-04,アイムジャグラーEX-TP,127,5185,-268,15,25,1/129.6,1/345.7,1/207.4,6.199058030117499
2023-05-04,アイムジャグラーEX-TP,128,6356,491,24,25,1/129.7,1/264.8,1/254.2,6.239208321816009
2023-05-04,アイムジャグラーEX-TP,129,4038,253,16,12,1/144.2,1/252.4,1/336.5,6.095834857040446
2023-05-04,アイムジャグラーEX-TP,130,5485,32,20,18,1/144.3,1/274.2,1/304.7,6.128204724270449
2023-05-04,アイムジャグラーEX-TP,131,4266,-1286,9,12,1/203.1,1/474.0,1/355.5,5.59882644607903
2023-05-04,アイムジャグラーEX-TP,132,6053,-1335,19,11,1/201.8,1/318.6,1/550.3,5.943475884913647
2023-05-04,アイムジャグラーEX-TP,145,4199,1138,21,9,1/140.0,1/200.0,1/466.6,5.9762504745490155
2023-05-04,アイムジャグラーEX-TP,146,2385,-365,8,6,1/170.4,1/298.1,1/397.5,6.187686944032436
2023-05-04,アイムジャグラーEX-TP,147,4157,-1019,11,14,1/166.3,1/377.9,1/296.9,6.1653960863572514
2023-05-04,アイムジャグラーEX-TP,148,5697,1333,27,13,1/142.4,1/211.0,1/438.2,5.90757626487046
2023-05-04,アイムジャグラーEX-TP,149,2538,141,10,8,1/141.0,1/253.8,1/317.2,6.183878730483321
2023-05-04,アイムジャグラーEX-TP,150,2857,-718,8,6,1/204.1,1/357.1,1/476.2,5.824801945520548
2023-05-04,アイムジャグラーEX-TP,151,3906,-308,13,14,1/144.7,1/300.5,1/279.0,6.290022299948748
2023-05-04,アイムジャグラーEX-TP,152,2349,-830,5,9,1/167.8,1/469.8,1/261.0,6.273360523058859
2023-05-04,アイムジャグラーEX-TP,153,4084,-2,15,13,1/145.9,1/272.3,1/314.2,6.145212761891543
2023-05-04,アイムジャグラーEX-TP,154,3211,58,12,11,1/139.6,1/267.6,1/291.9,6.244522065459198
2023-05-04,アイムジャグラーEX-TP,155,3860,422,15,13,1/137.9,1/257.3,1/296.9,5.967939486948921
2023-05-04,アイムジャグラーEX-TP,156,5131,-624,20,8,1/183.2,1/256.6,1/641.4,6.255591140317579
2023-05-04,アイムジャグラーEX-TP,157,4769,-413,15,17,1/149.0,1/317.9,1/280.5,6.097921494880457
2023-05-04,アイムジャグラーEX-TP,158,5359,-441,19,14,1/162.4,1/282.1,1/382.8,6.123681850057187
2023-05-04,アイムジャグラーEX-TP,159,3914,-1231,13,3,1/244.6,1/301.1,1/1304.7,6.124183929803396
2023-05-04,アイムジャグラーEX-TP,160,5052,-207,22,6,1/180.4,1/229.6,1/842.0,6.24950456718544
2023-05-04,アイムジャグラーEX-TP,161,5327,-962,15,18,1/161.4,1/355.1,1/295.9,6.067966487282906
2023-05-04,アイムジャグラーEX-TP,162,5028,1102,25,12,1/135.9,1/201.1,1/419.0,6.294694852961474
2023-05-04,アイムジャグラーEX-TP,163,6632,2485,33,25,1/114.3,1/201.0,1/265.3,6.183453633766385
2023-05-04,アイムジャグラーEX-TP,164,2859,-235,11,5,1/178.7,1/259.9,1/571.8,6.093566489655558
2023-05-04,アイムジャグラーEX-TP,165,5385,2091,26,18,1/122.4,1/207.1,1/299.2,5.775570655339041
2023-05-04,アイムジャグラーEX-TP,166,6979,-483,23,26,1/142.4,1/303.4,1/268.4,6.268401979011478
2023-05-04,アイムジャグラーEX-TP,167,2484,-841,6,8,1/177.4,1/414.0,1/310.5,6.26907253009016
2023-05-04,アイムジャグラーEX-TP,168,6461,638,26,23,1/131.9,1/248.5,1/280.9,6.265040861573927
2023-05-04,アイムジャグラーEX-TP,169,6045,1872,25,28,1/114.1,1/241.8,1/215.9,5.892211709652276
2023-05-04,アイムジャグラーEX-TP,170,6570,4760,41,21,1/106.0,1/160.2,1/312.9,5.795207936382907
2023-05-04,アイムジャグラーEX-TP,171,2998,-1481,4,12,1/187.4,1/749.5,1/249.8,6.0705104161292365
2023-05-04,アイムジャグラーEX-TP,172,5686,3332,32,23,1/103.4,1/177.7,1/247.2,6.083497620401283
2023-05-04,アイムジャグラーEX-TP,173,4810,969,21,18,1/123.3,1/229.0,1/267.2,6.267642811857416
2023-05-04,アイムジャグラーEX-TP,174,3676,-459,12,12,1/153.2,1/306.3,1/306.3,6.287651073816545
2023-05-04,アイムジャグラーEX-TP,175,5806,1468,28,19,1/123.5,1/207.4,1/305.6,6.360408226906501
2023-05-04,アイムジャグラーEX-TP,176,2536,-894,6,7,1/195.1,1/422.7,1/362.3,6.067766762032215
2023-05-04,アイムジャグラーEX-TP,177,3395,-603,11,6,1/199.7,1/308.6,1/565.8,5.846648522825738
2023-05-04,アイムジャグラーEX-TP,178,6254,1230,27,21,1/130.3,1/231.6,1/297.8,6.058526724399693
2023-05-04,マイジャグラーV,117,4502,-333,18,11,1/155.2,1/250.1,1/409.3,6.312841771120483
2023-05-04,マイジャグラーV,118,6304,-987,18,18,1/175.1,1/350.2,1/350.2,5.638349736602131
2023-05-04,マイジャグラーV,119,4268,-1737,9,13,1/194.0,1/474.2,1/328.3,6.019956225411563
2023-05-04,マイジャグラーV,120,6241,-491,22,15,1/168.7,1/283.7,1/416.1,5.7989815272716365
2023-05-04,ファンキージャグラー2,113,7230,2719,33,31,1/113.0,1/219.1,1/233.2,5.696557276155287
2023-05-04,ファンキージャグラー2,114,7570,1066,36,18,1/140.2,1/210.3,1/420.6,6.129083808237809
2023-05-04,ファンキージャグラー2,115,2725,-710,10,3,1/209.6,1/272.5,1/908.3,6.2242011501924
2023-05-04,ファンキージャグラー2,116,3966,-1607,10,7,1/233.3,1/396.6,1/566.6,5.916561490188798
2023-05-04,ハッピージャグラーVIII,109,7052,2135,34,28,1/113.7,1/207.4,1/251.9,6.413331872781576
2023-05-04,ハッピージャグラーVIII,110,5255,-249,20,13,1/159.2,1/262.8,1/404.2,6.231031500280168
2023-05-04,ハッピージャグラーVIII,111,3370,-1887,6,5,1/306.4,1/561.7,1/674.0,5.91888623070791
2023-05-04,ハッピージャグラーVIII,112,5499,1225,25,19,1/125.0,1/220.0,1/289.4,6.237018881911151
2023-05-03,アイムジャグラーEX-TP,121,6081,-817,19,18,1/164.4,1/320.1,1/337.8,6.0286532639952615
2023-05-03,アイムジャグラーEX-TP,122,3949,-839,12,14,1/151.9,1/329.1,1/282.1,6.5860083829263045
2023-05-03,アイムジャグラーEX-TP,123,4870,-618,15,15,1/162.3,1/324.7,1/324.7,5.996227670977753
2023-05-03,アイムジャグラーEX-TP,124,3842,-552,12,11,1/167.0,1/320.2,1/349.3,6.027783059365991
2023-05-03,アイムジャグラーEX-TP,125,6437,683,24,24,1/134.1,1/268.2,1/268.2,5.958946607097813
2023-05-03,アイムジャグラーEX-TP,126,3706,-1019,9,12,1/176.5,1/411.8,1/308.8,5.993485860378723
2023-05-03,アイムジャグラーEX-TP,127,3528,-966,11,5,1/220.5,1/320.7,1/705.6,5.987382507800907
2023-05-03,アイムジャグラーEX-TP,128,4384,-740,17,8,1/175.4,1/257.9,1/548.0,6.603771069611023
2023-05-03,アイムジャグラーEX-TP,129,7071,998,30,21,1/138.6,1/235.7,1/336.7,6.057827761658172
2023-05-03,アイムジャグラーEX-TP,130,3516,-779,10,9,1/185.1,1/351.6,1/390.7,5.933146900447954
2023-05-03,アイムジャグラーEX-TP,131,3666,-1528,8,10,1/203.7,1/458.2,1/366.6,6.137720605935333
2023-05-03,アイムジャグラーEX-TP,132,5876,-1178,19,9,1/209.9,1/309.3,1/652.9,5.8413837263821105
2023-05-03,アイムジャグラーEX-TP,145,6477,-167,24,19,1/150.6,1/269.9,1/340.9,6.191288563533398
2023-05-03,アイムジャグラーEX-TP,146,5596,-316,20,16,1/155.4,1/279.8,1/349.8,6.146513461633345
2023-05-03,アイムジャグラーEX-TP,147,1191,-456,4,1,1/238.2,1/297.8,1/1191.0,6.548547583280783
2023-05-03,アイムジャグラーEX-TP,148,8069,1481,35,27,1/130.1,1/230.5,1/298.9,6.1381556197184315
2023-05-03,アイムジャグラーEX-TP,149,2298,-674,7,4,1/208.9,1/328.3,1/574.5,6.135507079235109
2023-05-03,アイムジャグラーEX-TP,150,5817,1012,24,16,1/145.4,1/242.4,1/363.6,5.699283130705873
2023-05-03,アイムジャグラーEX-TP,151,3963,-301,14,9,1/172.3,1/283.1,1/440.3,5.932654535658105
2023-05-03,アイムジャグラーEX-TP,152,5900,-1430,18,10,1/210.7,1/327.8,1/590.0,5.891098550090813
2023-05-03,アイムジャグラーEX-TP,153,3260,536,14,10,1/135.8,1/232.9,1/326.0,6.053399150741522
2023-05-03,アイムジャグラーEX-TP,154,6083,-256,24,12,1/169.0,1/253.5,1/506.9,6.120664611405916
2023-05-03,アイムジャグラーEX-TP,155,5190,439,19,17,1/144.2,1/273.2,1/305.3,5.792426229713116
2023-05-03,アイムジャグラーEX-TP,156,5714,-477,18,18,1/158.7,1/317.4,1/317.4,5.91142651225753
2023-05-03,アイムジャグラーEX-TP,157,6213,733,25,17,1/147.9,1/248.5,1/365.5,5.819491675972576
2023-05-03,アイムジャグラーEX-TP,158,5860,332,23,15,1/154.2,1/254.8,1/390.7,5.903943642928682
2023-05-03,アイムジャグラーEX-TP,159,3222,-1440,7,8,1/214.8,1/460.3,1/402.8,6.158408369104951
2023-05-03,アイムジャグラーEX-TP,160,7555,196,29,24,1/142.5,1/260.5,1/314.8,6.214777358583071
2023-05-03,アイムジャグラーEX-TP,161,6364,2425,29,31,1/106.1,1/219.4,1/205.3,6.15159430687926
2023-05-03,アイムジャグラーEX-TP,162,3936,-1695,8,10,1/218.7,1/492.0,1/393.6,5.947901999972981
2023-05-03,アイムジャグラーEX-TP,163,6027,52,24,15,1/154.5,1/251.1,1/401.8,6.156726349183961
2023-05-03,アイムジャグラーEX-TP,164,2985,-1387,7,7,1/213.2,1/426.4,1/426.4,6.394370041016081
2023-05-03,アイムジャグラーEX-TP,165,3363,-511,11,7,1/186.8,1/305.7,1/480.4,5.898395843291883
2023-05-03,アイムジャグラーEX-TP,166,7848,432,29,32,1/128.7,1/270.6,1/245.2,6.316294380750716
2023-05-03,アイムジャグラーEX-TP,167,4396,-280,16,10,1/169.1,1/274.8,1/439.6,5.9993230427201745
2023-05-03,アイムジャグラーEX-TP,168,6058,-615,20,20,1/151.4,1/302.9,1/302.9,6.236068953422926
2023-05-03,アイムジャグラーEX-TP,169,6841,366,26,23,1/139.6,1/263.1,1/297.4,6.12239387587349
2023-05-03,アイムジャグラーEX-TP,170,3831,-1500,9,11,1/191.6,1/425.7,1/348.3,6.284198935396663
2023-05-03,アイムジャグラーEX-TP,171,3901,-638,11,16,1/144.5,1/354.6,1/243.8,6.320957958435253
2023-05-03,アイムジャグラーEX-TP,172,5750,760,22,22,1/130.7,1/261.4,1/261.4,5.993610290247093
2023-05-03,アイムジャグラーEX-TP,173,4285,-784,14,10,1/178.5,1/306.1,1/428.5,6.143533003173991
2023-05-03,アイムジャグラーEX-TP,174,5679,-288,20,13,1/172.1,1/283.9,1/436.8,5.819333757297262
2023-05-03,アイムジャグラーEX-TP,175,4627,-57,19,7,1/178.0,1/243.5,1/661.0,5.969324509587158
2023-05-03,アイムジャグラーEX-TP,176,4651,-729,14,12,1/178.9,1/332.2,1/387.6,5.841390437306005
2023-05-03,アイムジャグラーEX-TP,177,6425,357,24,25,1/131.1,1/267.7,1/257.0,6.275788423392525
2023-05-03,アイムジャグラーEX-TP,178,7411,1738,34,27,1/121.5,1/218.0,1/274.5,6.333423746924078
2023-05-03,マイジャグラーV,117,4715,810,24,6,1/157.2,1/196.5,1/785.8,5.868123765979815
2023-05-03,マイジャグラーV,118,3487,-1418,8,8,1/217.9,1/435.9,1/435.9,5.8977266502683685
2023-05-03,マイジャグラーV,119,5308,514,22,13,1/151.7,1/241.3,1/408.3,5.7042275994119755
2023-05-03,マイジャグラーV,120,6515,3043,37,17,1/120.6,1/176.1,1/383.2,5.754091238082872
2023-05-03,ファンキージャグラー2,113,5445,-244,19,18,1/147.2,1/286.6,1/302.5,5.996265548942213
2023-05-03,ファンキージャグラー2,114,3547,-1339,10,8,1/197.1,1/354.7,1/443.4,6.339873759743764
2023-05-03,ファンキージャグラー2,115,2048,-661,6,3,1/227.6,1/341.3,1/682.7,5.858694189179467
2023-05-03,ファンキージャグラー2,116,4009,-18,16,8,1/167.0,1/250.6,1/501.1,5.800101610285942
2023-05-03,ハッピージャグラーVIII,109,7151,-839,23,18,1/174.4,1/310.9,1/397.3,5.920973121164577
2023-05-03,ハッピージャグラーVIII,110,5220,104,19,18,1/141.1,1/274.7,1/290.0,6.164505497717391
2023-05-03,ハッピージャグラーVIII,111,7849,2350,31,43,1/106.1,1/253.2,1/182.5,6.112883894818249
2023-05-03,ハッピージャグラーVIII,112,2020,-1125,2,6,1/252.5,1/1010.0,1/336.7,5.707008672816769
2023-05-02,アイムジャグラーEX-TP,121,3434,-2064,5,10,1/228.9,1/686.8,1/343.4,6.23018358485961
2023-05-02,アイムジャグラーEX-TP,122,6221,-371,23,17,1/155.5,1/270.5,1/365.9,6.252513669295436
2023-05-02,アイムジャグラーEX-TP,123,5115,-1342,13,16,1/176.4,1/393.5,1/319.7,6.01755254785116
2023-05-02,アイムジャグラーEX-TP,124,4899,1197,23,16,1/125.6,1/213.0,1/306.2,6.240277748533773
2023-05-02,アイムジャグラーEX-TP,125,4814,-749,16,11,1/178.3,1/300.9,1/437.6,6.060508321547508
2023-05-02,アイムジャグラーEX-TP,126,7768,1234,33,25,1/133.9,1/235.4,1/310.7,6.091659302905579
2023-05-02,アイムジャグラーEX-TP,127,4085,-894,14,8,1/185.7,1/291.8,1/510.6,6.339860932783661
2023-05-02,アイムジャグラーEX-TP,128,5998,-476,17,24,1/146.3,1/352.8,1/249.9,5.900920011278058
2023-05-02,アイムジャグラーEX-TP,129,6639,-990,22,18,1/166.0,1/301.8,1/368.8,6.209376006252812
2023-05-02,アイムジャグラーEX-TP,130,4297,279,16,13,1/148.2,1/268.6,1/330.5,5.841349941545039
2023-05-02,アイムジャグラーEX-TP,131,7040,229,27,23,1/140.8,1/260.7,1/306.1,6.220542440136779
2023-05-02,アイムジャグラーEX-TP,132,5483,-1438,17,13,1/182.8,1/322.5,1/421.8,6.343056121227314
2023-05-02,アイムジャグラーEX-TP,145,4877,-1379,13,11,1/203.2,1/375.2,1/443.4,5.878013467195357
2023-05-02,アイムジャグラーEX-TP,146,4504,-668,13,14,1/166.8,1/346.5,1/321.7,5.887770954624542
2023-05-02,アイムジャグラーEX-TP,147,4772,222,16,17,1/144.6,1/298.2,1/280.7,5.74257133354841
2023-05-02,アイムジャグラーEX-TP,148,4247,359,18,14,1/132.7,1/235.9,1/303.4,6.483010573947475
2023-05-02,アイムジャグラーEX-TP,149,4549,-508,14,15,1/156.9,1/324.9,1/303.3,6.018113529509017
2023-05-02,アイムジャグラーEX-TP,150,4882,-473,14,22,1/135.6,1/348.7,1/221.9,6.241711385720274
2023-05-02,アイムジャグラーEX-TP,151,5755,736,21,22,1/133.8,1/274.0,1/261.6,5.817000793810873
2023-05-02,アイムジャグラーEX-TP,152,3708,-415,11,15,1/142.6,1/337.1,1/247.2,6.222115216457957
2023-05-02,アイムジャグラーEX-TP,153,3798,-653,12,10,1/172.6,1/316.5,1/379.8,6.098682854714119
2023-05-02,アイムジャグラーEX-TP,154,4700,-150,17,9,1/180.8,1/276.5,1/522.2,5.692998399298428
2023-05-02,アイムジャグラーEX-TP,155,4039,1186,20,9,1/139.3,1/201.9,1/448.8,5.858256220053219
2023-05-02,アイムジャグラーEX-TP,156,5657,-774,17,20,1/152.9,1/332.8,1/282.9,6.155221945258392
2023-05-02,アイムジャグラーEX-TP,157,4925,-81,20,8,1/175.9,1/246.2,1/615.6,5.98422594493054
2023-05-02,アイムジャグラーEX-TP,158,4476,-92,17,13,1/149.2,1/263.3,1/344.3,6.265331410136014
2023-05-02,アイムジャグラーEX-TP,159,4685,-610,13,15,1/167.3,1/360.4,1/312.3,5.730729824650676
2023-05-02,アイムジャグラーEX-TP,160,4967,351,18,16,1/146.1,1/275.9,1/310.4,5.790170065466574
2023-05-02,アイムジャグラーEX-TP,161,5653,-216,19,17,1/157.0,1/297.5,1/332.5,5.885788098801111
2023-05-02,アイムジャグラーEX-TP,162,5517,-736,15,21,1/153.2,1/367.8,1/262.7,5.929276339829451
2023-05-02,アイムジャグラーEX-TP,163,3305,-870,11,7,1/183.6,1/300.5,1/472.1,6.519384467531986
2023-05-02,アイムジャグラーEX-TP,164,6405,593,24,25,1/130.7,1/266.9,1/256.2,6.117741742373919
2023-05-02,アイムジャグラーEX-TP,165,5753,1180,25,18,1/133.8,1/230.1,1/319.6,5.954196035171963
2023-05-02,アイムジャグラーEX-TP,166,3183,-927,10,5,1/212.2,1/318.3,1/636.6,6.162793352013005
2023-05-02,アイムジャグラーEX-TP,167,5757,719,22,21,1/133.9,1/261.7,1/274.1,5.9451734800485525
2023-05-02,アイムジャグラーEX-TP,168,7613,1661,35,23,1/131.3,1/217.5,1/331.0,6.136670396603665
2023-05-02,アイムジャグラーEX-TP,169,5948,631,25,18,1/138.3,1/237.9,1/330.4,6.200922158858764
2023-05-02,アイムジャグラーEX-TP,170,4117,-262,13,16,1/142.0,1/316.7,1/257.3,6.14839697461832
2023-05-02,アイムジャグラーEX-TP,171,7424,-14,29,21,1/148.5,1/256.0,1/353.5,6.271761614666379
2023-05-02,アイムジャグラーEX-TP,172,3308,-1383,9,5,1/236.3,1/367.6,1/661.6,6.236828047294765
2023-05-02,アイムジャグラーEX-TP,173,4174,-1105,11,12,1/181.5,1/379.5,1/347.8,6.025851306329926
2023-05-02,アイムジャグラーEX-TP,174,4704,-419,16,15,1/151.7,1/294.0,1/313.6,6.245490723169274
2023-05-02,アイムジャグラーEX-TP,175,4832,1370,21,19,1/120.8,1/230.1,1/254.3,5.946306428134457
2023-05-02,アイムジャグラーEX-TP,176,6455,747,26,24,1/129.1,1/248.3,1/269.0,6.260300279109498
2023-05-02,アイムジャグラーEX-TP,177,6508,2616,35,18,1/122.8,1/185.9,1/361.6,6.080782068554801
2023-05-02,アイムジャグラーEX-TP,178,6111,-896,20,16,1/169.8,1/305.6,1/381.9,6.106753119610497
2023-05-02,マイジャグラーV,117,5922,580,25,16,1/144.4,1/236.9,1/370.1,5.877515538749939
2023-05-02,マイジャグラーV,118,5421,-1899,12,19,1/174.9,1/451.8,1/285.3,6.075435993960051
2023-05-02,マイジャグラーV,119,5784,-1163,20,7,1/214.2,1/289.2,1/826.3,5.768255891639124
2023-05-02,マイジャグラーV,120,5014,-2625,10,15,1/200.6,1/501.4,1/334.3,6.426323142397936
2023-05-02,ファンキージャグラー2,113,3766,-789,14,2,1/235.4,1/269.0,1/1883.0,5.8004450524695
2023-05-02,ファンキージャグラー2,114,4366,-638,13,14,1/161.7,1/335.8,1/311.9,5.861824668809759
2023-05-02,ファンキージャグラー2,115,4822,-169,18,12,1/160.7,1/267.9,1/401.8,5.867169152025841
2023-05-02,ファンキージャグラー2,116,2864,-396,10,6,1/179.0,1/286.4,1/477.3,5.901813117768786
2023-05-02,ハッピージャグラーVIII,109,6747,-516,24,19,1/156.9,1/281.1,1/355.1,6.241815466304239
2023-05-02,ハッピージャグラーVIII,110,3695,-849,12,7,1/194.5,1/307.9,1/527.9,6.197833546864354
2023-05-02,ハッピージャグラーVIII,111,4025,-1135,12,5,1/236.8,1/335.4,1/805.0,5.861678050973843
2023-05-02,ハッピージャグラーVIII,112,5348,1855,27,17,1/121.5,1/198.1,1/314.6,6.093853895978666
2023-05-01,アイムジャグラーEX-TP,121,5495,-517,16,18,1/161.6,1/343.4,1/305.3,5.752708091259831
2023-05-01,アイムジャグラーEX-TP,122,5050,-913,16,13,1/174.1,1/315.6,1/388.5,6.124212985575053
2023-05-01,アイムジャグラーEX-TP,123,4623,-1103,13,12,1/184.9,1/355.6,1/385.2,5.988173881181341
2023-05-01,アイムジャグラーEX-TP,124,2210,-799,6,4,1/221.0,1/368.3,1/552.5,6.096368412646351
2023-05-01,アイムジャグラーEX-TP,125,2732,-1962,4,5,1/303.6,1/683.0,1/546.4,6.309249819804176
2023-05-01,アイムジャグラーEX-TP,126,4973,-1035,15,15,1/165.8,1/331.5,1/331.5,6.274252167304341
2023-05-01,アイムジャグラーEX-TP,127,4003,-1984,7,13,1/200.2,1/571.9,1/307.9,6.230513884940666
2023-05-01,アイムジャグラーEX-TP,128,5435,-1175,16,18,1/159.9,1/339.7,1/301.9,6.364243886256734
2023-05-01,アイムジャグラーEX-TP,129,3239,-170,13,5,1/179.9,1/249.2,1/647.8,6.058836823795743
2023-05-01,アイムジャグラーEX-TP,130,6097,605,24,19,1/141.8,1/254.0,1/320.9,5.962532198725164
2023-05-01,アイムジャグラーEX-TP,131,3779,-1688,7,10,1/222.3,1/539.9,1/377.9,5.864288872107619
2023-05-01,アイムジャグラーEX-TP,132,6667,362,28,16,1/151.5,1/238.1,1/416.7,6.159382612385312
2023-05-01,アイムジャグラーEX-TP,145,4036,-1138,11,12,1/175.5,1/366.9,1/336.3,6.257910671240151
2023-05-01,アイムジャグラーEX-TP,146,4309,1220,20,15,1/123.1,1/215.4,1/287.3,6.089619211687275
2023-05-01,アイムジャグラーEX-TP,147,4515,-1286,13,11,1/188.1,1/347.3,1/410.5,6.211132274969233
2023-05-01,アイムジャグラーEX-TP,148,1795,-800,4,4,1/224.4,1/448.8,1/448.8,6.104574247606973
2023-05-01,アイムジャグラーEX-TP,149,5585,682,25,14,1/143.2,1/223.4,1/398.9,6.2159870177692085
2023-05-01,アイムジャグラーEX-TP,150,4714,-1340,12,15,1/174.6,1/392.8,1/314.3,6.147275284128589
2023-05-01,アイムジャグラーEX-TP,151,3477,375,14,11,1/139.1,1/248.4,1/316.1,6.046011976946281
2023-05-01,アイムジャグラーEX-TP,152,3704,-962,11,8,1/194.9,1/336.7,1/463.0,6.0756828323626095
2023-05-01,アイムジャグラーEX-TP,153,8366,879,33,26,1/141.8,1/253.5,1/321.8,5.942196519803378
2023-05-01,アイムジャグラーEX-TP,154,4381,-517,11,19,1/146.0,1/398.3,1/230.6,5.854926599320444
2023-05-01,アイムジャグラーEX-TP,155,4532,873,21,10,1/146.2,1/215.8,1/453.2,5.941077956682908
2023-05-01,アイムジャグラーEX-TP,156,5880,-658,20,11,1/189.7,1/294.0,1/534.5,5.781873227611257
2023-05-01,アイムジャグラーEX-TP,157,7323,-614,28,20,1/152.6,1/261.5,1/366.1,6.537745386858652
2023-05-01,アイムジャグラーEX-TP,158,2389,-1011,6,4,1/238.9,1/398.2,1/597.2,6.085351938904188
2023-05-01,アイムジャグラーEX-TP,159,4340,-118,15,15,1/144.7,1/289.3,1/289.3,6.137085232377055
2023-05-01,アイムジャグラーEX-TP,160,4553,134,17,14,1/146.9,1/267.8,1/325.2,6.029773786010731
2023-05-01,アイムジャグラーEX-TP,161,7149,2602,38,17,1/130.0,1/188.1,1/420.5,6.013747532851452
2023-05-01,アイムジャグラーEX-TP,162,7808,5014,44,35,1/98.8,1/177.5,1/223.1,6.025637187787895
2023-05-01,アイムジャグラーEX-TP,163,4066,-27,17,7,1/169.4,1/239.2,1/580.9,6.119865927675045
2023-05-01,アイムジャグラーEX-TP,164,4333,1675,24,9,1/131.3,1/180.5,1/481.4,6.035911206048747
2023-05-01,アイムジャグラーEX-TP,165,5588,-2498,10,16,1/214.9,1/558.8,1/349.2,5.886944827548862
2023-05-01,アイムジャグラーEX-TP,166,3288,-1070,8,13,1/156.6,1/411.0,1/252.9,6.58445087932558
2023-05-01,アイムジャグラーEX-TP,167,5001,-83,19,14,1/151.5,1/263.2,1/357.2,6.199063263405313
2023-05-01,アイムジャグラーEX-TP,168,6296,-121,23,21,1/143.1,1/273.7,1/299.8,6.281628638735155
2023-05-01,アイムジャグラーEX-TP,169,6864,554,27,21,1/143.0,1/254.2,1/326.9,6.018156736789882
2023-05-01,アイムジャグラーEX-TP,170,5341,-304,16,18,1/157.1,1/333.8,1/296.7,5.723580489348236
2023-05-01,アイムジャグラーEX-TP,171,5175,560,21,14,1/147.9,1/246.4,1/369.6,5.885442003802507
2023-05-01,アイムジャグラーEX-TP,172,4301,962,23,6,1/148.3,1/187.0,1/716.8,6.2719029001521065
2023-05-01,アイムジャグラーEX-TP,173,6687,847,26,25,1/131.1,1/257.2,1/267.5,6.051497565559542
2023-05-01,アイムジャグラーEX-TP,174,2872,-662,11,3,1/205.1,1/261.1,1/957.3,6.47241343361127
2023-05-01,アイムジャグラーEX-TP,175,6906,2648,37,20,1/121.2,1/186.6,1/345.3,6.202533520288315
2023-05-01,アイムジャグラーEX-TP,176,4020,-400,14,10,1/167.5,1/287.1,1/402.0,6.074977921535464
2023-05-01,アイムジャグラーEX-TP,177,7297,34,27,24,1/143.1,1/270.3,1/304.0,6.201371826393577
2023-05-01,アイムジャグラーEX-TP,178,4734,-1590,12,12,1/197.2,1/394.5,1/394.5,6.08770179304036
2023-05-01,マイジャグラーV,117,7437,-1402,23,22,1/165.3,1/323.3,1/338.0,6.059086721545362
2023-05-01,マイジャグラーV,118,7157,2034,36,21,1/125.6,1/198.8,1/340.8,6.006869747732379
2023-05-01,マイジャグラーV,119,7384,-928,28,14,1/175.8,1/263.7,1/527.4,6.074283168981499
2023-05-01,マイジャグラーV,120,8212,563,34,21,1/149.3,1/241.5,1/391.0,5.861024231327689
2023-05-01,ファンキージャグラー2,113,4840,-1032,10,24,1/142.4,1/484.0,1/201.7,5.93100186140327
2023-05-01,ファンキージャグラー2,114,4256,-301,15,12,1/157.6,1/283.7,1/354.7,5.9426845113828035
2023-05-01,ファンキージャグラー2,115,3791,-876,12,9,1/180.5,1/315.9,1/421.2,6.087451882524624
2023-05-01,ファンキージャグラー2,116,2729,-353,10,5,1/181.9,1/272.9,1/545.8,5.9341046382806875
2023-05-01,ハッピージャグラーVIII,109,6787,-1751,17,26,1/157.8,1/399.2,1/261.0,6.3729972715810845
2023-05-01,ハッピージャグラーVIII,110,3898,-1198,12,9,1/185.6,1/324.8,1/433.1,6.589316019108171
2023-05-01,ハッピージャグラーVIII,111,3105,-1364,7,7,1/221.8,1/443.6,1/443.6,6.226294992281675
2023-05-01,ハッピージャグラーVIII,112,5107,-635,19,10,1/176.1,1/268.8,1/510.7,6.265688663457419
2023-04-30,アイムジャグラーEX-TP,121,7088,2095,33,23,1/126.6,1/214.8,1/308.2,5.9477232051797015
2023-04-30,アイムジャグラーEX-TP,122,4436,-587,15,11,1/170.6,1/295.7,1/403.3,6.105853644449976
2023-04-30,アイムジャグラーEX-TP,123,3619,-530,11,12,1/157.3,1/329.0,1/301.6,6.142695790705403
2023-04-30,アイムジャグラーEX-TP,124,6430,2154,30,23,1/121.3,1/214.3,1/279.6,5.924323720711163
2023-04-30,アイムジャグラーEX-TP,125,3504,-25,12,11,1/152.3,1/292.0,1/318.5,5.874902699019833
2023-04-30,アイムジャグラーEX-TP,126,3905,-1063,10,14,1/162.7,1/390.5,1/278.9,6.29319825331114
2023-04-30,アイムジャグラーEX-TP,127,5742,1718,27,20,1/122.2,1/212.7,1/287.1,6.0867670874405
2023-04-30,アイムジャグラーEX-TP,128,3916,-77,13,14,1/145.0,1/301.2,1/279.7,5.996763738335348
2023-04-30,アイムジャグラーEX-TP,129,3615,-1630,8,4,1/301.2,1/451.9,1/903.8,5.64967689786947
2023-04-30,アイムジャグラーEX-TP,130,4078,37,16,12,1/145.6,1/254.9,1/339.8,6.292616350754077
2023-04-30,アイムジャグラーEX-TP,131,5212,477,21,14,1/148.9,1/248.2,1/372.3,5.918646567690892
2023-04-30,アイムジャグラーEX-TP,132,5157,-480,20,10,1/171.9,1/257.9,1/515.7,6.268912038521097
2023-04-30,アイムジャグラーEX-TP,145,4167,87,15,13,1/148.8,1/277.8,1/320.5,5.9364159843705995
2023-04-30,アイムジャグラーEX-TP,146,4592,-512,14,16,1/153.1,1/328.0,1/287.0,6.065503902171664
2023-04-30,アイムジャグラーEX-TP,147,2015,-1230,3,5,1/251.9,1/671.7,1/403.0,6.118657624211786
2023-04-30,アイムジャグラーEX-TP,148,4970,2496,29,12,1/121.2,1/171.4,1/414.2,5.9947225936088895
2023-04-30,アイムジャグラーEX-TP,149,3985,-1095,10,13,1/173.3,1/398.5,1/306.5,6.096062471407976
2023-04-30,アイムジャグラーEX-TP,150,3724,783,16,14,1/124.1,1/232.8,1/266.0,6.149065703625667
2023-04-30,アイムジャグラーEX-TP,151,7489,1248,29,40,1/108.5,1/258.2,1/187.2,6.593635063438667
2023-04-30,アイムジャグラーEX-TP,152,8490,-263,30,25,1/154.4,1/283.0,1/339.6,6.019309220812474
2023-04-30,アイムジャグラーEX-TP,153,2353,-596,6,10,1/147.1,1/392.2,1/235.3,6.506432381272403
2023-04-30,アイムジャグラーEX-TP,154,6606,305,27,18,1/146.8,1/244.7,1/367.0,6.210958272166692
2023-04-30,アイムジャグラーEX-TP,155,2525,-624,7,9,1/157.8,1/360.7,1/280.6,6.424920038371403
2023-04-30,アイムジャグラーEX-TP,156,7204,-1302,19,29,1/150.1,1/379.2,1/248.4,6.146746350706386
2023-04-30,アイムジャグラーEX-TP,157,5835,-2567,12,15,1/216.1,1/486.2,1/389.0,6.029451935218988
2023-04-30,アイムジャグラーEX-TP,158,1940,-581,4,7,1/176.4,1/485.0,1/277.1,5.851766019247183
2023-04-30,アイムジャグラーEX-TP,159,4564,-709,16,8,1/190.2,1/285.2,1/570.5,6.03678502521773
2023-04-30,アイムジャグラーEX-TP,160,4132,-1421,11,9,1/206.6,1/375.6,1/459.1,6.115798047704646
2023-04-30,アイムジャグラーEX-TP,161,3865,948,21,7,1/138.0,1/184.0,1/552.1,6.472740134472222
2023-04-30,アイムジャグラーEX-TP,162,5200,-724,17,13,1/173.3,1/305.9,1/400.0,6.016982934332153
2023-04-30,アイムジャグラーEX-TP,163,3637,-979,11,7,1/202.1,1/330.6,1/519.6,6.0793984481202985
2023-04-30,アイムジャグラーEX-TP,164,3752,1626,22,7,1/129.4,1/170.5,1/536.0,6.103285781655635
2023-04-30,アイムジャグラーEX-TP,165,2477,-500,8,6,1/176.9,1/309.6,1/412.8,6.229196508088978
2023-04-30,アイムジャグラーEX-TP,166,4567,-1172,14,12,1/175.7,1/326.2,1/380.6,6.3937421238462955
2023-04-30,アイムジャグラーEX-TP,167,2772,-1049,7,6,1/213.2,1/396.0,1/462.0,6.110348260533524
2023-04-30,アイムジャグラーEX-TP,168,6089,-32,24,16,1/152.2,1/253.7,1/380.6,6.237978138616827
2023-04-30,アイムジャグラーEX-TP,169,5526,-1391,18,14,1/172.7,1/307.0,1/394.7,6.574172680936198
2023-04-30,アイムジャグラーEX-TP,170,5323,983,23,19,1/126.7,1/231.4,1/280.2,6.214149998957499
2023-04-30,アイムジャグラーEX-TP,171,4554,502,17,19,1/126.5,1/267.9,1/239.7,6.13853219472772
2023-04-30,アイムジャグラーEX-TP,172,4537,1097,20,16,1/126.0,1/226.8,1/283.6,6.030249763721072
2023-04-30,アイムジャグラーEX-TP,173,2860,-978,6,12,1/158.9,1/476.7,1/238.3,6.3511535004959905
2023-04-30,アイムジャグラーEX-TP,174,5656,-2024,13,18,1/182.5,1/435.1,1/314.2,6.202240704202585
2023-04-30,アイムジャグラーEX-TP,175,5544,2090,27,21,1/115.5,1/205.3,1/264.0,6.056529178793197
2023-04-30,アイムジャグラーEX-TP,176,5034,-917,15,16,1/162.4,1/335.6,1/314.6,6.178759768261405
2023-04-30,アイムジャグラーEX-TP,177,4246,273,17,13,1/141.5,1/249.8,1/326.6,6.177407640263161
2023-04-30,アイムジャグラーEX-TP,178,4783,-969,17,9,1/184.0,1/281.4,1/531.4,6.382168293841593
2023-04-30,マイジャグラーV,117,4405,-753,15,10,1/176.2,1/293.7,1/440.5,6.021116983323342
2023-04-30,マイジャグラーV,118,5951,41,22,19,1/145.1,1/270.5,1/313.2,5.931031676860562
2023-04-30,マイジャグラーV,119,4559,-384,18,9,1/168.9,1/253.3,1/506.6,6.089896161142486
2023-04-30,マイジャグラーV,120,6917,-342,28,15,1/160.9,1/247.0,1/461.1,6.1253545732770505
2023-04-30,ファンキージャグラー2,113,3464,-1111,12,4,1/216.5,1/288.7,1/866.0,6.30331500871346
2023-04-30,ファンキージャグラー2,114,2523,-326,10,5,1/168.2,1/252.3,1/504.6,6.3368871159726
2023-04-30,ファンキージャグラー2,115,3649,149,15,7,1/165.9,1/243.3,1/521.3,5.700753816895076
2023-04-30,ファンキージャグラー2,116,3411,191,13,9,1/155.0,1/262.4,1/379.0,5.6276731215315685
2023-04-30,ハッピージャグラーVIII,109,8190,1201,35,30,1/126.0,1/234.0,1/273.0,6.389603748021413
2023-04-30,ハッピージャグラーVIII,110,4312,-853,15,10,1/172.5,1/287.5,1/431.2,6.521533310485784
2023-04-30,ハッピージャグラーVIII,111,3608,-1165,12,6,1/200.4,1/300.7,1/601.3,6.6609398829867805
2023-04-30,ハッピージャグラーVIII,112,4973,1257,24,13,1/134.4,1/207.2,1/382.5,6.032785544861116
2023-04-29,アイムジャグラーEX-TP,121,5774,50,21,19,1/144.3,1/275.0,1/303.9,6.10801716287236
2023-04-29,アイムジャグラーEX-TP,122,3505,-376,13,6,1/184.5,1/269.6,1/584.2,6.032687181761767
2023-04-29,アイムジャグラーEX-TP,123,8126,2129,39,24,1/129.0,1/208.4,1/338.6,6.138981726360684
2023-04-29,アイムジャグラーEX-TP,124,4509,-524,14,16,1/150.3,1/322.1,1/281.8,6.182328423658719
2023-04-29,アイムジャグラーEX-TP,125,4256,-1501,10,15,1/170.2,1/425.6,1/283.7,6.402069938432274
2023-04-29,アイムジャグラーEX-TP,126,4332,820,19,11,1/144.4,1/228.0,1/393.8,5.823380733842222
2023-04-29,アイムジャグラーEX-TP,127,6186,1411,28,20,1/128.9,1/220.9,1/309.3,6.101202798970674
2023-04-29,アイムジャグラーEX-TP,128,4266,1950,23,13,1/118.5,1/185.5,1/328.2,5.967671837473856
2023-04-29,アイムジャグラーEX-TP,129,4377,-511,14,13,1/162.1,1/312.6,1/336.7,6.037546754261349
2023-04-29,アイムジャグラーEX-TP,130,6712,-441,24,20,1/152.5,1/279.7,1/335.6,6.2480191024061495
2023-04-29,アイムジャグラーEX-TP,131,3608,-728,10,11,1/171.8,1/360.8,1/328.0,5.971126722650613
2023-04-29,アイムジャグラーEX-TP,132,4788,-289,14,21,1/136.8,1/342.0,1/228.0,6.081113751157244
2023-04-29,アイムジャグラーEX-TP,145,6085,940,26,20,1/132.3,1/234.0,1/304.2,6.171926023304827
2023-04-29,アイムジャグラーEX-TP,146,1082,-789,2,2,1/270.5,1/541.0,1/541.0,6.904681195170961
2023-04-29,アイムジャグラーEX-TP,147,4754,-610,16,15,1/153.4,1/297.1,1/316.9,6.380262490226113
2023-04-29,アイムジャグラーEX-TP,148,1469,-727,4,3,1/209.9,1/367.2,1/489.7,6.9278071094769444
2023-04-29,アイムジャグラーEX-TP,149,3844,-1398,9,11,1/192.2,1/427.1,1/349.5,6.135843227353934
2023-04-29,アイムジャグラーEX-TP,150,5519,-574,19,16,1/157.7,1/290.5,1/344.9,6.234354737676393
2023-04-29,アイムジャグラーEX-TP,151,5243,2084,29,15,1/119.2,1/180.8,1/349.5,6.331187242393252
2023-04-29,アイムジャグラーEX-TP,152,3069,-1209,7,7,1/219.2,1/438.4,1/438.4,5.952123977331425
2023-04-29,アイムジャグラーEX-TP,153,2256,-69,9,5,1/161.1,1/250.7,1/451.2,6.229054596835209
2023-04-29,アイムジャグラーEX-TP,154,2843,-1101,7,7,1/203.1,1/406.1,1/406.1,6.211638543726243
2023-04-29,アイムジャグラーEX-TP,155,7847,3137,37,36,1/107.5,1/212.1,1/218.0,6.1236053843807845
2023-04-29,アイムジャグラーEX-TP,156,2003,-533,6,5,1/182.1,1/333.8,1/400.6,6.2901501493070615
2023-04-29,アイムジャグラーEX-TP,157,5207,-478,15,17,1/162.7,1/347.1,1/306.3,5.707112686748191
2023-04-29,アイムジャグラーEX-TP,158,6950,1330,30,24,1/128.7,1/231.7,1/289.6,6.124478483032772
2023-04-29,アイムジャグラーEX-TP,159,1722,-665,4,4,1/215.2,1/430.5,1/430.5,5.98236806446561
2023-04-29,アイムジャグラーEX-TP,160,2918,-1018,6,11,1/171.6,1/486.3,1/265.3,6.136072733027614
2023-04-29,アイムジャグラーEX-TP,161,6560,-301,22,19,1/160.0,1/298.2,1/345.3,5.865306368600618
2023-04-29,アイムジャグラーEX-TP,162,3885,-1552,9,13,1/176.6,1/431.7,1/298.8,6.514325899735721
2023-04-29,アイムジャグラーEX-TP,163,4521,1638,22,11,1/137.0,1/205.5,1/411.0,5.570062235003919
2023-04-29,アイムジャグラーEX-TP,164,6254,1003,26,23,1/127.6,1/240.5,1/271.9,6.183001154216239
2023-04-29,アイムジャグラーEX-TP,165,3698,-167,15,9,1/154.1,1/246.5,1/410.9,6.492378775981892
2023-04-29,アイムジャグラーEX-TP,166,6260,1930,25,31,1/111.8,1/250.4,1/201.9,5.875670070425444
2023-04-29,アイムジャグラーEX-TP,167,6240,1267,25,25,1/124.8,1/249.6,1/249.6,5.9561757190197016
2023-04-29,アイムジャグラーEX-TP,168,3990,-690,12,13,1/159.6,1/332.5,1/306.9,6.204386968081693
2023-04-29,アイムジャグラーEX-TP,169,6221,-228,22,21,1/144.7,1/282.8,1/296.2,6.24212278170223
2023-04-29,アイムジャグラーEX-TP,170,6758,881,27,27,1/125.1,1/250.3,1/250.3,6.277834667622469
2023-04-29,アイムジャグラーEX-TP,171,2560,-1138,5,7,1/213.3,1/512.0,1/365.7,6.003225795861244
2023-04-29,アイムジャグラーEX-TP,172,6314,-1281,19,14,1/191.3,1/332.3,1/451.0,5.8902258735569255
2023-04-29,アイムジャグラーEX-TP,173,3806,1152,20,8,1/135.9,1/190.3,1/475.8,6.104512200074537
2023-04-29,アイムジャグラーEX-TP,174,3242,-95,12,9,1/154.4,1/270.2,1/360.2,6.132074945304519
2023-04-29,アイムジャグラーEX-TP,175,2520,-327,9,5,1/180.0,1/280.0,1/504.0,6.096405950963123
2023-04-29,アイムジャグラーEX-TP,176,6685,101,22,26,1/139.3,1/303.9,1/257.1,5.943001944077285
2023-04-29,アイムジャグラーEX-TP,177,3909,1392,20,12,1/122.2,1/195.4,1/325.8,6.12311684786644
2023-04-29,アイムジャグラーEX-TP,178,4733,606,20,16,1/131.5,1/236.7,1/295.8,6.286006078128268
2023-04-29,マイジャグラーV,117,5151,-1270,17,11,1/184.0,1/303.0,1/468.3,6.196915349440061
2023-04-29,マイジャグラーV,118,5260,-1867,15,10,1/210.4,1/350.7,1/526.0,6.096485164779967
2023-04-29,マイジャグラーV,119,5826,637,25,14,1/149.4,1/233.0,1/416.1,5.778960862242982
2023-04-29,マイジャグラーV,120,7104,-1607,20,18,1/186.9,1/355.2,1/394.7,5.757830045034757
2023-04-29,ファンキージャグラー2,113,2279,-1308,5,4,1/253.2,1/455.8,1/569.8,6.335709259055967
2023-04-29,ファンキージャグラー2,114,7088,723,30,20,1/141.8,1/236.3,1/354.4,5.928946164114869
2023-04-29,ファンキージャグラー2,115,4159,-34,16,12,1/148.5,1/259.9,1/346.6,6.036434176442656
2023-04-29,ファンキージャグラー2,116,4221,-683,17,3,1/211.1,1/248.3,1/1407.0,5.98973751919397
2023-04-29,ハッピージャグラーVIII,109,6274,617,25,24,1/128.0,1/251.0,1/261.4,6.362194167037155
2023-04-29,ハッピージャグラーVIII,110,3918,-50,14,14,1/139.9,1/279.9,1/279.9,6.303829878327474
2023-04-29,ハッピージャグラーVIII,111,3230,-687,13,3,1/201.9,1/248.5,1/1076.7,6.58987154085937
2023-04-29,ハッピージャグラーVIII,112,4642,-1749,9,17,1/178.5,1/515.8,1/273.1,6.2096673028944815
2023-04-28,アイムジャグラーEX-TP,121,5420,334,22,17,1/139.0,1/246.4,1/318.8,6.29249867401844
2023-04-28,アイムジャグラーEX-TP,122,4445,-314,16,13,1/153.3,1/277.8,1/341.9,6.275885822929236
2023-04-28,アイムジャグラーEX-TP,123,4422,-113,15,14,1/152.5,1/294.8,1/315.9,5.930613989009427
2023-04-28,アイムジャグラーEX-TP,124,4148,-1569,9,15,1/172.8,1/460.9,1/276.5,6.346788136561582
2023-04-28,アイムジャグラーEX-TP,125,3633,66,13,11,1/151.4,1/279.5,1/330.3,5.886514990635046
2023-04-28,アイムジャグラーEX-TP,126,4258,-503,15,12,1/157.7,1/283.9,1/354.8,6.366107358734202
2023-04-28,アイムジャグラーEX-TP,127,1916,-1246,4,2,1/319.3,1/479.0,1/958.0,6.3793274630646595
2023-04-28,アイムジャグラーEX-TP,128,2620,-424,9,6,1/174.7,1/291.1,1/436.7,6.224297304748604
2023-04-28,アイムジャグラーEX-TP,129,7030,1183,29,25,1/130.2,1/242.4,1/281.2,6.054088761897512
2023-04-28,アイムジャグラーEX-TP,130,3544,-340,11,13,1/147.7,1/322.2,1/272.6,6.138967658449458
2023-04-28,アイムジャグラーEX-TP,131,2316,967,12,9,1/110.3,1/193.0,1/257.3,6.279956047900013
2023-04-28,アイムジャグラーEX-TP,132,7563,3331,38,30,1/111.2,1/199.0,1/252.1,6.021686095674408
2023-04-28,アイムジャグラーEX-TP,145,3155,-626,9,10,1/166.1,1/350.6,1/315.5,6.100892519000508
2023-04-28,アイムジャグラーEX-TP,146,1509,-378,6,1,1/215.6,1/251.5,1/1509.0,6.5805938940199935
2023-04-28,アイムジャグラーEX-TP,147,1253,-507,2,4,1/208.8,1/626.5,1/313.2,5.639428870329232
2023-04-28,アイムジャグラーEX-TP,148,5673,1033,24,19,1/131.9,1/236.4,1/298.6,6.021965876864203
2023-04-28,アイムジャグラーEX-TP,149,1519,-348,5,2,1/217.0,1/303.8,1/759.5,5.940067263147444
2023-04-28,アイムジャグラーEX-TP,150,3012,-824,7,11,1/167.3,1/430.3,1/273.8,6.0469787611716015
2023-04-28,アイムジャグラーEX-TP,151,4911,-644,17,14,1/158.4,1/288.9,1/350.8,6.369825863799168
2023-04-28,アイムジャグラーEX-TP,152,5750,589,23,14,1/155.4,1/250.0,1/410.7,5.739532527552876
2023-04-28,アイムジャグラーEX-TP,153,2622,-243,10,5,1/174.8,1/262.2,1/524.4,6.1739422761827605
2023-04-28,アイムジャグラーEX-TP,154,3217,-627,11,7,1/178.7,1/292.5,1/459.6,6.313870035707417
2023-04-28,アイムジャグラーEX-TP,155,1833,-767,5,3,1/229.1,1/366.6,1/611.0,6.305983232483471
2023-04-28,アイムジャグラーEX-TP,156,8157,2258,37,28,1/125.5,1/220.5,1/291.3,5.976778577601875
2023-04-28,アイムジャグラーEX-TP,157,7720,46,30,24,1/143.0,1/257.3,1/321.7,6.340126603787175
2023-04-28,アイムジャグラーEX-TP,158,1516,-1131,1,6,1/216.6,1/1516.0,1/252.7,6.453868104136654
2023-04-28,アイムジャグラーEX-TP,159,5978,-239,22,19,1/145.8,1/271.7,1/314.6,6.344348908115585
2023-04-28,アイムジャグラーEX-TP,160,1458,-692,3,2,1/291.6,1/486.0,1/729.0,5.689643525882238
2023-04-28,アイムジャグラーEX-TP,161,6350,-198,21,23,1/144.3,1/302.4,1/276.1,6.05494841851422
2023-04-28,アイムジャグラーEX-TP,162,2357,-666,7,4,1/214.3,1/336.7,1/589.2,5.979387526540983
2023-04-28,アイムジャグラーEX-TP,163,2897,-1136,6,10,1/181.1,1/482.8,1/289.7,6.215832766677678
2023-04-28,アイムジャグラーEX-TP,164,5521,815,23,15,1/145.3,1/240.0,1/368.1,5.8374212727896
2023-04-28,アイムジャグラーEX-TP,165,1639,-894,1,8,1/182.1,1/1639.0,1/204.9,5.862295571219899
2023-04-28,アイムジャグラーEX-TP,166,6343,-1810,13,23,1/176.2,1/487.9,1/275.8,5.786000691510547
2023-04-28,アイムジャグラーEX-TP,167,6691,2329,33,24,1/117.4,1/202.8,1/278.8,6.174831109694301
2023-04-28,アイムジャグラーEX-TP,168,6298,1221,28,19,1/134.0,1/224.9,1/331.5,6.070647161157474
2023-04-28,アイムジャグラーEX-TP,169,5886,-881,18,18,1/163.5,1/327.0,1/327.0,6.065155973636624
2023-04-28,アイムジャグラーEX-TP,170,2908,-800,7,7,1/207.7,1/415.4,1/415.4,5.637223134900107
2023-04-28,アイムジャグラーEX-TP,171,6187,-179,22,14,1/171.9,1/281.2,1/441.9,5.753531898596338
2023-04-28,アイムジャグラーEX-TP,172,4900,-332,17,12,1/169.0,1/288.2,1/408.3,5.901376556299885
2023-04-28,アイムジャグラーEX-TP,173,1271,-631,3,2,1/254.2,1/423.7,1/635.5,6.20664292450764
2023-04-28,アイムジャグラーEX-TP,174,6752,983,29,20,1/137.8,1/232.8,1/337.6,6.094573317721525
2023-04-28,アイムジャグラーEX-TP,175,2148,-621,6,5,1/195.3,1/358.0,1/429.6,6.080504348961843
2023-04-28,アイムジャグラーEX-TP,176,4683,-1275,11,19,1/156.1,1/425.7,1/246.5,6.252730312171066
2023-04-28,アイムジャグラーEX-TP,177,1387,-131,5,2,1/198.1,1/277.4,1/693.5,5.752114233753895
2023-04-28,アイムジャグラーEX-TP,178,6726,-262,25,18,1/156.4,1/269.0,1/373.7,6.151081255554756
2023-04-28,マイジャグラーV,117,6837,-229,24,20,1/155.4,1/284.9,1/341.9,5.803145286708707
2023-04-28,マイジャグラーV,118,5444,-964,17,15,1/170.1,1/320.2,1/362.9,5.952812707558075
2023-04-28,マイジャグラーV,119,7129,14,27,20,1/151.7,1/264.0,1/356.4,5.886020764362484
2023-04-28,マイジャグラーV,120,7065,472,25,24,1/144.2,1/282.6,1/294.4,5.605505443402498
2023-04-28,ファンキージャグラー2,113,5448,833,24,12,1/151.3,1/227.0,1/454.0,5.642410962433951
2023-04-28,ファンキージャグラー2,114,3994,-586,13,13,1/153.6,1/307.2,1/307.2,6.186100564636561
2023-04-28,ファンキージャグラー2,115,5222,1177,25,11,1/145.1,1/208.9,1/474.7,5.681589916015667
2023-04-28,ファンキージャグラー2,116,2854,-45,11,6,1/167.9,1/259.5,1/475.7,5.753075635256012
2023-04-28,ハッピージャグラーVIII,109,7240,129,28,24,1/139.2,1/258.6,1/301.7,6.38027964836199
2023-04-28,ハッピージャグラーVIII,110,4651,746,21,14,1/132.9,1/221.5,1/332.2,6.2975011082996035
2023-04-28,ハッピージャグラーVIII,111,5068,-845,12,25,1/137.0,1/422.3,1/202.7,6.2797962733969035
2023-04-28,ハッピージャグラーVIII,112,3317,-1187,8,9,1/195.1,1/414.6,1/368.6,6.227273274486664
2023-04-27,アイムジャグラーEX-TP,121,3347,-873,7,12,1/176.2,1/478.1,1/278.9,5.7121681965418665
2023-04-27,アイムジャグラーEX-TP,122,4102,-1149,12,11,1/178.3,1/341.8,1/372.9,6.360406528282805
2023-04-27,アイムジャグラーEX-TP,123,3015,-142,11,8,1/158.7,1/274.1,1/376.9,6.098401500752895
2023-04-27,アイムジャグラーEX-TP,124,2667,-1099,7,2,1/296.3,1/381.0,1/1333.5,5.7746342769515895
2023-04-27,アイムジャグラーEX-TP,125,5043,2464,25,22,1/107.3,1/201.7,1/229.2,5.900343721054399
2023-04-27,アイムジャグラーEX-TP,126,2482,-623,6,7,1/190.9,1/413.7,1/354.6,5.708962125176561
2023-04-27,アイムジャグラーEX-TP,127,2231,-295,6,7,1/171.6,1/371.8,1/318.7,5.627741805663607
2023-04-27,アイムジャグラーEX-TP,128,5224,1511,26,14,1/130.6,1/200.9,1/373.1,6.09840120559695
2023-04-27,アイムジャグラーEX-TP,129,2774,692,12,9,1/132.1,1/231.2,1/308.2,5.789253113513125
2023-04-27,アイムジャグラーEX-TP,130,2475,-726,4,12,1/154.7,1/618.8,1/206.2,5.851769362263535
2023-04-27,アイムジャグラーEX-TP,131,4925,597,22,11,1/149.2,1/223.9,1/447.7,6.086139574025839
2023-04-27,アイムジャグラーEX-TP,132,3825,-574,9,16,1/153.0,1/425.0,1/239.1,5.761004176916296
2023-04-27,アイムジャグラーEX-TP,145,1962,-69,7,5,1/163.5,1/280.3,1/392.4,5.908384268303524
2023-04-27,アイムジャグラーEX-TP,146,1465,-170,5,4,1/162.8,1/293.0,1/366.2,6.179026864426456
2023-04-27,アイムジャグラーEX-TP,147,3348,129,14,8,1/152.2,1/239.1,1/418.5,6.208169260950827
2023-04-27,アイムジャグラーEX-TP,148,346,-382,0,0,1/0.0,1/0.0,1/0.0,5.6168977062278085
2023-04-27,アイムジャグラーEX-TP,149,3333,120,13,10,1/144.9,1/256.4,1/333.3,6.160613231100793
2023-04-27,アイムジャグラーEX-TP,150,2316,206,10,7,1/136.2,1/231.6,1/330.9,6.428112456108219
2023-04-27,アイムジャグラーEX-TP,151,6847,-1428,19,21,1/171.2,1/360.4,1/326.0,6.013124647902439
2023-04-27,アイムジャグラーEX-TP,152,1777,610,8,8,1/111.1,1/222.1,1/222.1,6.099128933183064
2023-04-27,アイムジャグラーEX-TP,153,1734,-374,5,5,1/173.4,1/346.8,1/346.8,6.090603309031101
2023-04-27,アイムジャグラーEX-TP,154,1559,-703,3,4,1/222.7,1/519.7,1/389.8,5.928035925342642
2023-04-27,アイムジャグラーEX-TP,155,2222,196,8,12,1/111.1,1/277.8,1/185.2,6.680378579639674
2023-04-27,アイムジャグラーEX-TP,156,3067,-1229,7,8,1/204.5,1/438.1,1/383.4,6.126942619873873
2023-04-27,アイムジャグラーEX-TP,157,2491,-321,8,8,1/155.7,1/311.4,1/311.4,6.217697178628175
2023-04-27,アイムジャグラーEX-TP,158,3959,602,16,15,1/127.7,1/247.4,1/263.9,6.134573768218571
2023-04-27,アイムジャグラーEX-TP,159,3852,1672,20,8,1/137.6,1/192.6,1/481.5,5.479287751766301
2023-04-27,アイムジャグラーEX-TP,160,3277,521,14,8,1/149.0,1/234.1,1/409.6,5.791281507566891
2023-04-27,アイムジャグラーEX-TP,161,2645,79,8,13,1/126.0,1/330.6,1/203.5,6.014513737933879
2023-04-27,アイムジャグラーEX-TP,162,1146,-48,5,2,1/163.7,1/229.2,1/573.0,6.535944357555166
2023-04-27,アイムジャグラーEX-TP,163,2691,1401,18,4,1/122.3,1/149.5,1/672.8,6.521246978743353
2023-04-27,アイムジャグラーEX-TP,164,1453,-771,3,2,1/290.6,1/484.3,1/726.5,5.935460668341041
2023-04-27,アイムジャグラーEX-TP,165,5256,1375,23,22,1/116.8,1/228.5,1/238.9,6.193001133415826
2023-04-27,アイムジャグラーEX-TP,166,2038,16,7,8,1/135.9,1/291.1,1/254.8,6.15717838327662
2023-04-27,アイムジャグラーEX-TP,167,3781,-372,11,11,1/171.9,1/343.7,1/343.7,5.626406545833696
2023-04-27,アイムジャグラーEX-TP,168,2494,-325,7,12,1/131.3,1/356.3,1/207.8,6.480278374466601
2023-04-27,アイムジャグラーEX-TP,169,5136,305,20,17,1/138.8,1/256.8,1/302.1,6.182177876544436
2023-04-27,アイムジャグラーEX-TP,170,1166,-1163,1,0,1/1166.0,1/1166.0,1/0.0,6.081741844245966
2023-04-27,アイムジャグラーEX-TP,171,3060,-354,11,9,1/153.0,1/278.2,1/340.0,6.507766572793197
2023-04-27,アイムジャグラーEX-TP,172,481,-173,1,1,1/240.5,1/481.0,1/481.0,5.523799767885571
2023-04-27,アイムジャグラーEX-TP,173,5314,2956,33,11,1/120.8,1/161.0,1/483.1,6.027939784488788
2023-04-27,アイムジャグラーEX-TP,174,2568,9,10,5,1/171.2,1/256.8,1/513.6,5.848033520162974
2023-04-27,アイムジャグラーEX-TP,175,3402,2155,23,7,1/113.4,1/147.9,1/486.0,6.313379922687262
2023-04-27,アイムジャグラーEX-TP,176,1515,46,7,1,1/189.4,1/216.4,1/1515.0,5.992865523262207
2023-04-27,アイムジャグラーEX-TP,177,3810,1558,21,10,1/122.9,1/181.4,1/381.0,6.142499705571127
2023-04-27,アイムジャグラーEX-TP,178,5259,-1383,15,11,1/202.3,1/350.6,1/478.1,5.928193045502483
2023-04-27,マイジャグラーV,117,6236,1226,30,19,1/127.3,1/207.9,1/328.2,6.221119796874652
2023-04-27,マイジャグラーV,118,7087,1537,31,25,1/126.6,1/228.6,1/283.5,5.861344440753351
2023-04-27,マイジャグラーV,119,4031,-649,11,15,1/155.0,1/366.5,1/268.7,5.872811850138189
2023-04-27,マイジャグラーV,120,6201,709,27,17,1/140.9,1/229.7,1/364.8,5.9611984740547985
2023-04-27,ファンキージャグラー2,113,1316,-329,4,4,1/164.5,1/329.0,1/329.0,6.33923124296862
2023-04-27,ファンキージャグラー2,114,5492,-1620,15,14,1/189.4,1/366.1,1/392.3,5.981454658841983
2023-04-27,ファンキージャグラー2,115,1338,-569,3,3,1/223.0,1/446.0,1/446.0,5.910871088120463
2023-04-27,ファンキージャグラー2,116,830,-684,1,1,1/415.0,1/830.0,1/830.0,6.146321324865481
2023-04-27,ハッピージャグラーVIII,109,7625,992,28,34,1/123.0,1/272.3,1/224.3,6.137507844816636
2023-04-27,ハッピージャグラーVIII,110,1791,62,8,2,1/179.1,1/223.9,1/895.5,5.981920721764994
2023-04-27,ハッピージャグラーVIII,111,2240,-685,7,3,1/224.0,1/320.0,1/746.7,6.166823590302669
2023-04-27,ハッピージャグラーVIII,112,3446,-925,10,11,1/164.1,1/344.6,1/313.3,6.607206600649245
2023-04-26,アイムジャグラーEX-TP,121,4981,977,21,17,1/131.1,1/237.2,1/293.0,5.96968245052624
2023-04-26,アイムジャグラーEX-TP,122,2699,999,12,12,1/112.5,1/224.9,1/224.9,5.891508578944555
2023-04-26,アイムジャグラーEX-TP,123,3919,-1046,10,14,1/163.3,1/391.9,1/279.9,6.249793082252507
2023-04-26,アイムジャグラーEX-TP,124,1675,67,5,6,1/152.3,1/335.0,1/279.2,5.415922650924386
2023-04-26,アイムジャグラーEX-TP,125,6406,1052,25,26,1/125.6,1/256.2,1/246.4,6.035803129137101
2023-04-26,アイムジャグラーEX-TP,126,3304,-135,13,8,1/157.3,1/254.2,1/413.0,6.307872559057122
2023-04-26,アイムジャグラーEX-TP,127,2194,-62,8,9,1/129.1,1/274.2,1/243.8,6.704651338114252
2023-04-26,アイムジャグラーEX-TP,128,3539,1103,19,10,1/122.0,1/186.3,1/353.9,6.54692266793074
2023-04-26,アイムジャグラーEX-TP,129,3608,1270,18,12,1/120.3,1/200.4,1/300.7,6.106613689423382
2023-04-26,アイムジャグラーEX-TP,130,3405,1218,20,4,1/141.9,1/170.2,1/851.2,6.161600039955397
2023-04-26,アイムジャグラーEX-TP,131,1808,-875,3,5,1/226.0,1/602.7,1/361.6,5.864887270249204
2023-04-26,アイムジャグラーEX-TP,132,4445,900,23,9,1/138.9,1/193.3,1/493.9,6.462655158245635
2023-04-26,アイムジャグラーEX-TP,145,1033,-564,2,3,1/206.6,1/516.5,1/344.3,6.56131010752355
2023-04-26,アイムジャグラーEX-TP,146,3318,-1519,8,6,1/237.0,1/414.8,1/553.0,6.189626193960797
2023-04-26,アイムジャグラーEX-TP,147,950,-218,3,1,1/237.5,1/316.7,1/950.0,5.69329330049202
2023-04-26,アイムジャグラーEX-TP,148,1377,139,6,3,1/153.0,1/229.5,1/459.0,6.028742786469155
2023-04-26,アイムジャグラーEX-TP,149,4000,22,13,16,1/137.9,1/307.7,1/250.0,5.986870045631175
2023-04-26,アイムジャグラーEX-TP,150,2323,378,11,8,1/122.3,1/211.2,1/290.4,6.8184719361175805
2023-04-26,アイムジャグラーEX-TP,151,1299,-749,1,5,1/216.5,1/1299.0,1/259.8,5.748462673448467
2023-04-26,アイムジャグラーEX-TP,152,1356,-613,4,2,1/226.0,1/339.0,1/678.0,6.696701736114986
2023-04-26,アイムジャグラーEX-TP,153,416,-254,1,1,1/208.0,1/416.0,1/416.0,7.374560672957025
2023-04-26,アイムジャグラーEX-TP,154,2524,-107,9,8,1/148.5,1/280.4,1/315.5,6.210573225328085
2023-04-26,アイムジャグラーEX-TP,155,4800,84,18,14,1/150.0,1/266.7,1/342.9,6.034001599010424
2023-04-26,アイムジャグラーEX-TP,156,1957,-1450,2,4,1/326.2,1/978.5,1/489.2,5.988321151980409
2023-04-26,アイムジャグラーEX-TP,157,2373,-332,7,8,1/158.2,1/339.0,1/296.6,6.032501225248537
2023-04-26,アイムジャグラーEX-TP,158,3711,-1239,8,12,1/185.6,1/463.9,1/309.2,5.948789053535638
2023-04-26,アイムジャグラーEX-TP,159,928,-154,3,2,1/185.6,1/309.3,1/464.0,5.94857037841433
2023-04-26,アイムジャグラーEX-TP,160,4326,-251,15,13,1/154.5,1/288.4,1/332.8,6.093480927601897
2023-04-26,アイムジャグラーEX-TP,161,4960,8,18,17,1/141.7,1/275.6,1/291.8,6.193499535144144
2023-04-26,アイムジャグラーEX-TP,162,1467,-142,5,3,1/183.4,1/293.4,1/489.0,5.795425509069071
2023-04-26,アイムジャグラーEX-TP,163,6087,1967,30,19,1/124.2,1/202.9,1/320.4,6.079678668556963
2023-04-26,アイムジャグラーEX-TP,164,1366,-317,4,5,1/151.8,1/341.5,1/273.2,6.601285588286903
2023-04-26,アイムジャグラーEX-TP,165,2893,-499,12,2,1/206.6,1/241.1,1/1446.5,6.411205075635599
2023-04-26,アイムジャグラーEX-TP,166,5585,-85,18,22,1/139.6,1/310.3,1/253.9,6.023457078257704
2023-04-26,アイムジャグラーEX-TP,167,2536,-967,6,8,1/181.1,1/422.7,1/317.0,6.389278267026182
2023-04-26,アイムジャグラーEX-TP,168,4627,-1642,15,6,1/220.3,1/308.5,1/771.2,6.475532514583628
2023-04-26,アイムジャグラーEX-TP,169,5908,663,24,20,1/134.3,1/246.2,1/295.4,6.165957004118041
2023-04-26,アイムジャグラーEX-TP,170,1014,-1024,0,2,1/507.0,1/0.0,1/507.0,6.012378384230824
2023-04-26,アイムジャグラーEX-TP,171,2600,-1864,3,9,1/216.7,1/866.7,1/288.9,6.712639642267944
2023-04-26,アイムジャグラーEX-TP,172,1778,951,12,4,1/111.1,1/148.2,1/444.5,6.93734214425208
2023-04-26,アイムジャグラーEX-TP,173,6793,2595,35,20,1/123.5,1/194.1,1/339.6,5.990875824683567
2023-04-26,アイムジャグラーEX-TP,174,1437,-557,5,0,1/287.4,1/287.4,1/0.0,6.316671489520808
2023-04-26,アイムジャグラーEX-TP,175,2973,-757,8,11,1/156.5,1/371.6,1/270.3,6.424730158632055
2023-04-26,アイムジャグラーEX-TP,176,4495,629,20,13,1/136.2,1/224.8,1/345.8,6.2751411365795295
2023-04-26,アイムジャグラーEX-TP,177,4039,2975,26,13,1/103.6,1/155.3,1/310.7,5.9658784543326195
2023-04-26,アイムジャグラーEX-TP,178,4877,-1259,13,15,1/174.2,1/375.2,1/325.1,6.118605242042589
2023-04-26,マイジャグラーV,117,2527,-96,10,5,1/168.5,1/252.7,1/505.4,5.894050574913233
2023-04-26,マイジャグラーV,118,4932,-293,18,16,1/145.1,1/274.0,1/308.2,6.206629063664377
2023-04-26,マイジャグラーV,119,2498,-2126,3,3,1/416.3,1/832.7,1/832.7,6.261114661255304
2023-04-26,マイジャグラーV,120,6857,-256,22,25,1/145.9,1/311.7,1/274.3,5.804195660430306
2023-04-26,ファンキージャグラー2,113,2144,-834,7,1,1/268.0,1/306.3,1/2144.0,6.0875955019938015
2023-04-26,ファンキージャグラー2,114,1973,-187,8,3,1/179.4,1/246.6,1/657.7,6.065228644402569
2023-04-26,ファンキージャグラー2,115,3408,-1065,9,10,1/179.4,1/378.7,1/340.8,6.130792580337804
2023-04-26,ファンキージャグラー2,116,6267,1916,30,23,1/118.2,1/208.9,1/272.5,5.972045950686381
2023-04-26,ハッピージャグラーVIII,109,1940,-330,6,6,1/161.7,1/323.3,1/323.3,6.284973325309733
2023-04-26,ハッピージャグラーVIII,110,3709,773,16,15,1/119.6,1/231.8,1/247.3,6.310864928582606
2023-04-26,ハッピージャグラーVIII,111,1863,8,7,6,1/143.3,1/266.1,1/310.5,6.270882693638642
2023-04-26,ハッピージャグラーVIII,112,3783,502,17,8,1/151.3,1/222.5,1/472.9,5.999435144379447
2023-04-25,アイムジャグラーEX-TP,121,4106,-1158,10,12,1/186.6,1/410.6,1/342.2,5.899656357230313
2023-04-25,アイムジャグラーEX-TP,122,1754,-909,3,4,1/250.6,1/584.7,1/438.5,5.8688625090471325
2023-04-25,アイムジャグラーEX-TP,123,3752,-594,13,9,1/170.5,1/288.6,1/416.9,6.294303162427681
2023-04-25,アイムジャグラーEX-TP,124,3410,251,16,7,1/148.3,1/213.1,1/487.1,6.517239675693745
2023-04-25,アイムジャグラーEX-TP,125,2850,-1303,5,10,1/190.0,1/570.0,1/285.0,6.172234581730945
2023-04-25,アイムジャグラーEX-TP,126,4559,-664,14,18,1/142.5,1/325.6,1/253.3,6.477449921028817
2023-04-25,アイムジャグラーEX-TP,127,4340,985,19,13,1/135.6,1/228.4,1/333.8,5.839309207029882
2023-04-25,アイムジャグラーEX-TP,128,1063,-34,3,4,1/151.9,1/354.3,1/265.8,5.598957572068671
2023-04-25,アイムジャグラーEX-TP,129,6566,-117,22,24,1/142.7,1/298.5,1/273.6,6.05827902026833
2023-04-25,アイムジャグラーEX-TP,130,2447,-478,8,5,1/188.2,1/305.9,1/489.4,6.074694211635644
2023-04-25,アイムジャグラーEX-TP,131,2239,-577,7,5,1/186.6,1/319.9,1/447.8,6.287320258178318
2023-04-25,アイムジャグラーEX-TP,132,5297,1316,23,20,1/123.2,1/230.3,1/264.9,6.032376013746938
2023-04-25,アイムジャグラーEX-TP,145,2956,869,15,8,1/128.5,1/197.1,1/369.5,6.203626397387308
2023-04-25,アイムジャグラーEX-TP,146,280,-64,1,0,1/280.0,1/280.0,1/0.0,5.7043961540146215
2023-04-25,アイムジャグラーEX-TP,147,6166,2983,34,20,1/114.2,1/181.4,1/308.3,6.071047959959517
2023-04-25,アイムジャグラーEX-TP,148,347,-199,1,0,1/347.0,1/347.0,1/0.0,6.499998220461582
2023-04-25,アイムジャグラーEX-TP,149,3553,611,17,7,1/148.0,1/209.0,1/507.6,6.104652401470257
2023-04-25,アイムジャグラーEX-TP,150,3185,-319,12,7,1/167.6,1/265.4,1/455.0,6.288331551639394
2023-04-25,アイムジャグラーEX-TP,151,1817,344,9,4,1/139.8,1/201.9,1/454.2,6.331817263265915
2023-04-25,アイムジャグラーEX-TP,152,1829,-1206,2,7,1/203.2,1/914.5,1/261.3,6.505865897136676
2023-04-25,アイムジャグラーEX-TP,153,220,-326,0,0,1/0.0,1/0.0,1/0.0,7.644516102130734
2023-04-25,アイムジャグラーEX-TP,154,6914,1852,31,28,1/117.2,1/223.0,1/246.9,6.230895633750803
2023-04-25,アイムジャグラーEX-TP,155,365,42,2,0,1/182.5,1/182.5,1/0.0,6.31574211700215
2023-04-25,アイムジャグラーEX-TP,156,3934,-1301,12,7,1/207.1,1/327.8,1/562.0,6.340481503643738
2023-04-25,アイムジャグラーEX-TP,157,6228,1438,28,18,1/135.4,1/222.4,1/346.0,5.906902997669808
2023-04-25,アイムジャグラーEX-TP,158,730,-620,1,1,1/365.0,1/730.0,1/730.0,6.642601643179458
2023-04-25,アイムジャグラーEX-TP,159,3308,734,16,8,1/137.8,1/206.8,1/413.5,6.132054346462405
2023-04-25,アイムジャグラーEX-TP,160,988,-295,3,1,1/247.0,1/329.3,1/988.0,5.837604001523921
2023-04-25,アイムジャグラーEX-TP,161,6334,464,24,20,1/144.0,1/263.9,1/316.7,5.931142784574714
2023-04-25,アイムジャグラーEX-TP,162,1889,-326,7,2,1/209.9,1/269.9,1/944.5,6.042995609854862
2023-04-25,アイムジャグラーEX-TP,163,4122,324,18,9,1/152.7,1/229.0,1/458.0,6.1453768048522175
2023-04-25,アイムジャグラーEX-TP,164,1682,-892,3,4,1/240.3,1/560.7,1/420.5,6.045238003931416
2023-04-25,アイムジャグラーEX-TP,165,2239,-523,5,8,1/172.2,1/447.8,1/279.9,5.741654131320169
2023-04-25,アイムジャグラーEX-TP,166,5024,1244,23,15,1/132.2,1/218.4,1/334.9,5.964284619555926
2023-04-25,アイムジャグラーEX-TP,167,2494,-1475,2,12,1/178.1,1/1247.0,1/207.8,6.264108371988373
2023-04-25,アイムジャグラーEX-TP,168,4650,-1132,13,15,1/166.1,1/357.7,1/310.0,6.273517257569032
2023-04-25,アイムジャグラーEX-TP,169,5169,-85,22,9,1/166.7,1/235.0,1/574.3,6.266274781834776
2023-04-25,アイムジャグラーEX-TP,170,1269,-263,4,1,1/253.8,1/317.2,1/1269.0,5.501878160843094
2023-04-25,アイムジャグラーEX-TP,171,4520,616,19,14,1/137.0,1/237.9,1/322.9,6.090868070652183
2023-04-25,アイムジャグラーEX-TP,172,2592,1195,15,6,1/123.4,1/172.8,1/432.0,6.084229538544755
2023-04-25,アイムジャグラーEX-TP,173,1905,-837,6,2,1/238.1,1/317.5,1/952.5,6.679963475853247
2023-04-25,アイムジャグラーEX-TP,174,3490,502,18,4,1/158.6,1/193.9,1/872.5,6.313404261746865
2023-04-25,アイムジャグラーEX-TP,175,1813,-336,6,6,1/151.1,1/302.2,1/302.2,6.687432996569011
2023-04-25,アイムジャグラーEX-TP,176,5746,52,20,22,1/136.8,1/287.3,1/261.2,6.162569087322231
2023-04-25,アイムジャグラーEX-TP,177,5602,-628,17,22,1/143.6,1/329.5,1/254.6,6.251448409375196
2023-04-25,アイムジャグラーEX-TP,178,1897,-48,8,4,1/158.1,1/237.1,1/474.2,6.438084026193805
2023-04-25,マイジャグラーV,117,6423,1381,25,29,1/118.9,1/256.9,1/221.5,5.779266185009338
2023-04-25,マイジャグラーV,118,3850,355,16,10,1/148.1,1/240.6,1/385.0,5.792696143653599
2023-04-25,マイジャグラーV,119,6816,-211,24,22,1/148.2,1/284.0,1/309.8,5.927219071773493
2023-04-25,マイジャグラーV,120,4968,-677,17,11,1/177.4,1/292.2,1/451.6,5.862229603922021
2023-04-25,ファンキージャグラー2,113,6548,-953,16,29,1/145.5,1/409.2,1/225.8,5.8109676601190925
2023-04-25,ファンキージャグラー2,114,3319,-210,11,11,1/150.9,1/301.7,1/301.7,5.896179148448457
2023-04-25,ファンキージャグラー2,115,1274,-911,2,3,1/254.8,1/637.0,1/424.7,6.591158922593849
2023-04-25,ファンキージャグラー2,116,665,-439,1,0,1/665.0,1/665.0,1/0.0,5.302314131215332
2023-04-25,ハッピージャグラーVIII,109,6137,2249,31,21,1/118.0,1/198.0,1/292.2,6.11391911467821
2023-04-25,ハッピージャグラーVIII,110,1552,351,6,8,1/110.9,1/258.7,1/194.0,6.218491839431488
2023-04-25,ハッピージャグラーVIII,111,3068,282,14,5,1/161.5,1/219.1,1/613.6,6.049402202530555
2023-04-25,ハッピージャグラーVIII,112,1804,89,7,5,1/150.3,1/257.7,1/360.8,5.9956930052297785
2023-04-24,アイムジャグラーEX-TP,121,2609,-224,9,8,1/153.5,1/289.9,1/326.1,6.232053435809408
2023-04-24,アイムジャグラーEX-TP,122,5178,292,19,17,1/143.8,1/272.5,1/304.6,5.92563689610516
2023-04-24,アイムジャグラーEX-TP,123,1355,-596,3,4,1/193.6,1/451.7,1/338.8,6.39481392389322
2023-04-24,アイムジャグラーEX-TP,124,5838,124,22,21,1/135.8,1/265.4,1/278.0,6.348600339699054
2023-04-24,アイムジャグラーEX-TP,125,4517,521,18,13,1/145.7,1/250.9,1/347.5,5.846613972413327
2023-04-24,アイムジャグラーEX-TP,126,1962,-522,4,5,1/218.0,1/490.5,1/392.4,5.307519204657697
2023-04-24,アイムジャグラーEX-TP,127,5771,676,24,19,1/134.2,1/240.5,1/303.7,6.216083447565041
2023-04-24,アイムジャグラーEX-TP,128,2188,-243,6,6,1/182.3,1/364.7,1/364.7,5.453020385124798
2023-04-24,アイムジャグラーEX-TP,129,3360,-1484,8,11,1/176.8,1/420.0,1/305.5,6.799201862738482
2023-04-24,アイムジャグラーEX-TP,130,2821,-1300,5,12,1/165.9,1/564.2,1/235.1,6.573572667303892
2023-04-24,アイムジャグラーEX-TP,131,6447,3251,36,25,1/105.7,1/179.1,1/257.9,6.347948953274223
2023-04-24,アイムジャグラーEX-TP,132,2325,-195,9,5,1/166.1,1/258.3,1/465.0,6.313979966352597
2023-04-24,アイムジャグラーEX-TP,145,1863,-325,6,5,1/169.4,1/310.5,1/372.6,6.206094918207634
2023-04-24,アイムジャグラーEX-TP,146,1556,328,8,2,1/155.6,1/194.5,1/778.0,6.038128530956701
2023-04-24,アイムジャグラーEX-TP,147,3905,832,19,8,1/144.6,1/205.5,1/488.1,6.043325147374724
2023-04-24,アイムジャグラーEX-TP,148,872,-338,3,1,1/218.0,1/290.7,1/872.0,6.854705708303343
2023-04-24,アイムジャグラーEX-TP,149,2104,44,9,3,1/175.3,1/233.8,1/701.3,5.976030663626843
2023-04-24,アイムジャグラーEX-TP,150,4139,1057,18,16,1/121.7,1/229.9,1/258.7,6.047614760247799
2023-04-24,アイムジャグラーEX-TP,151,2123,-1136,4,8,1/176.9,1/530.8,1/265.4,6.891113780565644
2023-04-24,アイムジャグラーEX-TP,152,83,-100,0,0,1/0.0,1/0.0,1/0.0,6.044575466888835
2023-04-24,アイムジャグラーEX-TP,153,7795,3350,38,35,1/106.8,1/205.1,1/222.7,6.127539848562902
2023-04-24,アイムジャグラーEX-TP,154,5402,-463,17,21,1/142.2,1/317.8,1/257.2,6.241943507799852
2023-04-24,アイムジャグラーEX-TP,155,1713,-214,6,5,1/155.7,1/285.5,1/342.6,6.4239643195096106
2023-04-24,アイムジャグラーEX-TP,156,2507,-355,9,4,1/192.8,1/278.6,1/626.8,6.002547119935034
2023-04-24,アイムジャグラーEX-TP,157,5998,2005,30,18,1/125.0,1/199.9,1/333.2,6.0602207714784315
2023-04-24,アイムジャグラーEX-TP,158,1578,-104,5,4,1/175.3,1/315.6,1/394.5,5.614562024845896
2023-04-24,アイムジャグラーEX-TP,159,6242,774,25,20,1/138.7,1/249.7,1/312.1,5.966409002613415
2023-04-24,アイムジャグラーEX-TP,160,1146,-141,5,0,1/229.2,1/229.2,1/0.0,6.111165948071407
2023-04-24,アイムジャグラーEX-TP,161,4761,1408,23,14,1/128.7,1/207.0,1/340.1,6.014133858804332
2023-04-24,アイムジャグラーEX-TP,162,4769,353,17,18,1/136.3,1/280.5,1/264.9,5.938231854545919
2023-04-24,アイムジャグラーEX-TP,163,2080,-174,6,6,1/173.3,1/346.7,1/346.7,5.535769320234142
2023-04-24,アイムジャグラーEX-TP,164,4160,689,20,9,1/143.4,1/208.0,1/462.2,6.250280304788308
2023-04-24,アイムジャグラーEX-TP,165,1384,352,6,5,1/125.8,1/230.7,1/276.8,5.928956789343094
2023-04-24,アイムジャグラーEX-TP,166,5015,550,19,20,1/128.6,1/263.9,1/250.8,6.1244663760995115
2023-04-24,アイムジャグラーEX-TP,167,3443,-1114,10,7,1/202.5,1/344.3,1/491.9,6.243319326453376
2023-04-24,アイムジャグラーEX-TP,168,2987,-145,13,2,1/199.1,1/229.8,1/1493.5,6.049096753611581
2023-04-24,アイムジャグラーEX-TP,169,5058,904,21,19,1/126.5,1/240.9,1/266.2,6.125115696629825
2023-04-24,アイムジャグラーEX-TP,170,2603,-580,8,7,1/173.5,1/325.4,1/371.9,6.263861319891114
2023-04-24,アイムジャグラーEX-TP,171,2066,806,11,4,1/137.7,1/187.8,1/516.5,5.729421179540288
2023-04-24,アイムジャグラーEX-TP,172,5973,721,25,20,1/132.7,1/238.9,1/298.6,6.2573943822175515
2023-04-24,アイムジャグラーEX-TP,173,2224,-938,5,6,1/202.2,1/444.8,1/370.7,6.227002056058641
2023-04-24,アイムジャグラーEX-TP,174,1403,-125,5,2,1/200.4,1/280.6,1/701.5,5.6816486030332545
2023-04-24,アイムジャグラーEX-TP,175,6994,-325,23,27,1/139.9,1/304.1,1/259.0,6.211664133952539
2023-04-24,アイムジャグラーEX-TP,176,1583,99,7,4,1/143.9,1/226.1,1/395.8,6.456018303933435
2023-04-24,アイムジャグラーEX-TP,177,2266,-732,5,7,1/188.8,1/453.2,1/323.7,5.896870245225487
2023-04-24,アイムジャグラーEX-TP,178,3857,269,15,11,1/148.3,1/257.1,1/350.6,5.929022848151315
2023-04-24,マイジャグラーV,117,8235,2467,44,19,1/130.7,1/187.2,1/433.4,6.005926859762533
2023-04-24,マイジャグラーV,118,3105,-953,9,5,1/221.8,1/345.0,1/621.0,5.810804079020713
2023-04-24,マイジャグラーV,119,5749,599,23,19,1/136.9,1/250.0,1/302.6,5.870432111655761
2023-04-24,マイジャグラーV,120,4780,413,22,13,1/136.6,1/217.3,1/367.7,6.365712090628031
2023-04-24,ファンキージャグラー2,113,5410,-391,18,22,1/135.2,1/300.6,1/245.9,6.28406013590006
2023-04-24,ファンキージャグラー2,114,1612,494,8,4,1/134.3,1/201.5,1/403.0,5.667912705002548
2023-04-24,ファンキージャグラー2,115,1533,-990,2,3,1/306.6,1/766.5,1/511.0,5.77878042571009
2023-04-24,ファンキージャグラー2,116,735,-370,2,0,1/367.5,1/367.5,1/0.0,5.821237517875804
2023-04-24,ハッピージャグラーVIII,109,3973,1552,21,9,1/132.4,1/189.2,1/441.4,5.767131664338058
2023-04-24,ハッピージャグラーVIII,110,4515,244,16,18,1/132.8,1/282.2,1/250.8,6.137894112660095
2023-04-24,ハッピージャグラーVIII,111,1626,-1174,2,3,1/325.2,1/813.0,1/542.0,6.216583117790391
2023-04-24,ハッピージャグラーVIII,112,2726,-1698,4,7,1/247.8,1/681.5,1/389.4,6.349506192544584
2023-04-23,アイムジャグラーEX-TP,121,5847,115,22,19,1/142.6,1/265.8,1/307.7,6.186616607729453
2023-04-23,アイムジャグラーEX-TP,122,3717,-901,12,9,1/177.0,1/309.8,1/413.0,6.430079083053077
2023-04-23,アイムジャグラーEX-TP,123,3893,289,17,9,1/149.7,1/229.0,1/432.6,6.2247542085526435
2023-04-23,アイムジャグラーEX-TP,124,4206,-1061,13,11,1/175.2,1/323.5,1/382.4,6.398035964202883
2023-04-23,アイムジャグラーEX-TP,125,1469,-810,4,0,1/367.2,1/367.2,1/0.0,6.188187630229968
2023-04-23,アイムジャグラーEX-TP,126,4620,477,18,15,1/140.0,1/256.7,1/308.0,5.954962310695517
2023-04-23,アイムジャグラーEX-TP,127,2989,-652,9,7,1/186.8,1/332.1,1/427.0,6.012347821623195
2023-04-23,アイムジャグラーEX-TP,128,3319,108,13,10,1/144.3,1/255.3,1/331.9,6.202659982420627
2023-04-23,アイムジャグラーEX-TP,129,1869,-744,5,4,1/207.7,1/373.8,1/467.2,6.378349567751638
2023-04-23,アイムジャグラーEX-TP,130,5010,-865,14,13,1/185.6,1/357.9,1/385.4,5.688226274235065
2023-04-23,アイムジャグラーEX-TP,131,3090,-656,10,6,1/193.1,1/309.0,1/515.0,6.069968467594225
2023-04-23,アイムジャグラーEX-TP,132,5510,735,22,19,1/134.4,1/250.5,1/290.0,6.014632804756996
2023-04-23,アイムジャグラーEX-TP,145,5002,152,19,13,1/156.3,1/263.3,1/384.8,5.896275901767148
2023-04-23,アイムジャグラーEX-TP,146,1802,-787,5,2,1/257.4,1/360.4,1/901.0,6.2076853832055505
2023-04-23,アイムジャグラーEX-TP,147,2433,553,11,6,1/143.1,1/221.2,1/405.5,5.777120404425972
2023-04-23,アイムジャグラーEX-TP,148,2645,301,11,8,1/139.2,1/240.5,1/330.6,6.110915307681121
2023-04-23,アイムジャグラーEX-TP,149,5390,-1675,12,18,1/179.7,1/449.2,1/299.4,5.969698959932244
2023-04-23,アイムジャグラーEX-TP,150,1306,-773,2,3,1/261.2,1/653.0,1/435.3,6.002059175064303
2023-04-23,アイムジャグラーEX-TP,151,3696,-179,14,9,1/160.7,1/264.0,1/410.7,6.171673823899136
2023-04-23,アイムジャグラーEX-TP,152,2542,-52,10,7,1/149.5,1/254.2,1/363.1,6.363472486355144
2023-04-23,アイムジャグラーEX-TP,153,6681,1845,29,29,1/115.2,1/230.4,1/230.4,6.151787894088035
2023-04-23,アイムジャグラーEX-TP,154,1794,-1721,1,3,1/448.5,1/1794.0,1/598.0,6.30079975903831
2023-04-23,アイムジャグラーEX-TP,155,2814,73,11,9,1/140.7,1/255.8,1/312.7,6.311730020525908
2023-04-23,アイムジャグラーEX-TP,156,3914,-1425,9,13,1/177.9,1/434.9,1/301.1,6.298497343318281
2023-04-23,アイムジャグラーEX-TP,157,3822,-1231,11,8,1/201.2,1/347.5,1/477.8,6.231747335157605
2023-04-23,アイムジャグラーEX-TP,158,3620,785,18,10,1/129.3,1/201.1,1/362.0,6.489609096065576
2023-04-23,アイムジャグラーEX-TP,159,5703,-755,20,12,1/178.2,1/285.1,1/475.2,6.086438829443449
2023-04-23,アイムジャグラーEX-TP,160,2083,-743,6,4,1/208.3,1/347.2,1/520.8,6.324121328161418
2023-04-23,アイムジャグラーEX-TP,161,3023,-302,10,8,1/167.9,1/302.3,1/377.9,5.946966124640933
2023-04-23,アイムジャグラーEX-TP,162,7110,1325,28,31,1/120.5,1/253.9,1/229.4,6.107194666142815
2023-04-23,アイムジャグラーEX-TP,163,3673,1346,21,6,1/136.0,1/174.9,1/612.2,6.1411528517228255
2023-04-23,アイムジャグラーEX-TP,164,4037,1113,19,14,1/122.3,1/212.5,1/288.4,6.195782776070736
2023-04-23,アイムジャグラーEX-TP,165,2001,-477,7,4,1/181.9,1/285.9,1/500.2,6.5541598132133245
2023-04-23,アイムジャグラーEX-TP,166,2853,-366,10,4,1/203.8,1/285.3,1/713.2,5.7726788276957945
2023-04-23,アイムジャグラーEX-TP,167,3710,181,17,7,1/154.6,1/218.2,1/530.0,6.419980224384365
2023-04-23,アイムジャグラーEX-TP,168,5441,-1571,14,14,1/194.3,1/388.6,1/388.6,5.934620097710394
2023-04-23,アイムジャグラーEX-TP,169,7136,1687,32,25,1/125.2,1/223.0,1/285.4,6.133323163843468
2023-04-23,アイムジャグラーEX-TP,170,4473,882,19,15,1/131.6,1/235.4,1/298.2,5.975277978668058
2023-04-23,アイムジャグラーEX-TP,171,682,-467,1,1,1/341.0,1/682.0,1/682.0,5.990244509132838
2023-04-23,アイムジャグラーEX-TP,172,6956,-1,28,16,1/158.1,1/248.4,1/434.8,6.1646214114210895
2023-04-23,アイムジャグラーEX-TP,173,2366,-1176,5,5,1/236.6,1/473.2,1/473.2,6.158441017986656
2023-04-23,アイムジャグラーEX-TP,174,5647,-45,18,22,1/141.2,1/313.7,1/256.7,5.932951158962663
2023-04-23,アイムジャグラーEX-TP,175,3226,-1227,8,11,1/169.8,1/403.2,1/293.3,6.665960121730433
2023-04-23,アイムジャグラーEX-TP,176,5633,-900,16,22,1/148.2,1/352.1,1/256.0,6.235914256433591
2023-04-23,アイムジャグラーEX-TP,177,2850,-1275,6,8,1/203.6,1/475.0,1/356.2,6.227445993294025
2023-04-23,アイムジャグラーEX-TP,178,4554,-2193,10,13,1/198.0,1/455.4,1/350.3,6.540496552947194
2023-04-23,マイジャグラーV,117,3328,1150,19,6,1/133.1,1/175.2,1/554.7,5.977073433393877
2023-04-23,マイジャグラーV,118,5518,828,21,21,1/131.4,1/262.8,1/262.8,5.683558843697257
2023-04-23,マイジャグラーV,119,5325,-152,19,15,1/156.6,1/280.3,1/355.0,5.79704445309087
2023-04-23,マイジャグラーV,120,6295,-598,21,18,1/161.4,1/299.8,1/349.7,5.8606276072323045
2023-04-23,ファンキージャグラー2,113,3032,-1193,8,5,1/233.2,1/379.0,1/606.4,5.939612050477691
2023-04-23,ファンキージャグラー2,114,2230,-712,7,3,1/223.0,1/318.6,1/743.3,6.01381897393596
2023-04-23,ファンキージャグラー2,115,3406,1696,20,8,1/121.6,1/170.3,1/425.8,5.722263329872563
2023-04-23,ファンキージャグラー2,116,3274,-1190,10,5,1/218.3,1/327.4,1/654.8,6.206320637120327
2023-04-23,ハッピージャグラーVIII,109,5636,665,23,18,1/137.5,1/245.0,1/313.1,6.086170608126258
2023-04-23,ハッピージャグラーVIII,110,2886,566,14,5,1/151.9,1/206.1,1/577.2,5.935453790996034
2023-04-23,ハッピージャグラーVIII,111,8083,1785,35,26,1/132.5,1/230.9,1/310.9,5.90238847473762
2023-04-23,ハッピージャグラーVIII,112,4533,483,16,17,1/137.4,1/283.3,1/266.6,5.78917970321642
2023-04-22,アイムジャグラーEX-TP,121,5514,-461,20,17,1/149.0,1/275.7,1/324.4,6.452984710814827
2023-04-22,アイムジャグラーEX-TP,122,7126,1596,33,19,1/137.0,1/215.9,1/375.1,5.99339243202916
2023-04-22,アイムジャグラーEX-TP,123,4069,100,14,16,1/135.6,1/290.6,1/254.3,6.088771930465118
2023-04-22,アイムジャグラーEX-TP,124,4982,-726,14,19,1/151.0,1/355.9,1/262.2,6.0915441212118
2023-04-22,アイムジャグラーEX-TP,125,5797,-672,21,13,1/170.5,1/276.0,1/445.9,6.208157718434248
2023-04-22,アイムジャグラーEX-TP,126,5731,-363,20,14,1/168.6,1/286.6,1/409.4,5.901933327534724
2023-04-22,アイムジャグラーEX-TP,127,4674,689,19,18,1/126.3,1/246.0,1/259.7,6.213238422416491
2023-04-22,アイムジャグラーEX-TP,128,5979,1219,24,21,1/132.9,1/249.1,1/284.7,5.759023112484509
2023-04-22,アイムジャグラーEX-TP,129,3085,-736,11,3,1/220.4,1/280.5,1/1028.3,6.147917908456406
2023-04-22,アイムジャグラーEX-TP,130,4533,-674,15,12,1/167.9,1/302.2,1/377.8,6.172464877919116
2023-04-22,アイムジャグラーEX-TP,131,5270,-372,19,18,1/142.4,1/277.4,1/292.8,6.522280860181172
2023-04-22,アイムジャグラーEX-TP,132,6602,395,30,13,1/153.5,1/220.1,1/507.8,6.3547840921677405
2023-04-22,アイムジャグラーEX-TP,145,7965,-330,27,28,1/144.8,1/295.0,1/284.5,6.152171351527771
2023-04-22,アイムジャグラーEX-TP,146,3123,-451,8,12,1/156.2,1/390.4,1/260.2,5.821139261259962
2023-04-22,アイムジャグラーEX-TP,147,2053,-336,7,5,1/171.1,1/293.3,1/410.6,6.269561459292498
2023-04-22,アイムジャグラーEX-TP,148,5926,524,23,23,1/128.8,1/257.7,1/257.7,6.289765172264737
2023-04-22,アイムジャグラーEX-TP,149,3704,-252,13,11,1/154.3,1/284.9,1/336.7,6.174751879665155
2023-04-22,アイムジャグラーEX-TP,150,2301,-724,5,8,1/177.0,1/460.2,1/287.6,5.985534983136841
2023-04-22,アイムジャグラーEX-TP,151,2468,-892,6,4,1/246.8,1/411.3,1/617.0,5.707358389870022
2023-04-22,アイムジャグラーEX-TP,152,4861,-585,16,13,1/167.6,1/303.8,1/373.9,6.032033759931683
2023-04-22,アイムジャグラーEX-TP,153,3544,-1231,11,7,1/196.9,1/322.2,1/506.3,6.595227548935417
2023-04-22,アイムジャグラーEX-TP,154,2848,-549,8,10,1/158.2,1/356.0,1/284.8,6.175939416116106
2023-04-22,アイムジャグラーEX-TP,155,7485,781,28,32,1/124.8,1/267.3,1/233.9,6.222931081183768
2023-04-22,アイムジャグラーEX-TP,156,5032,-154,20,13,1/152.5,1/251.6,1/387.1,6.38451451736718
2023-04-22,アイムジャグラーEX-TP,157,7531,1230,30,30,1/125.5,1/251.0,1/251.0,6.100582707311426
2023-04-22,アイムジャグラーEX-TP,158,1485,-769,4,1,1/297.0,1/371.2,1/1485.0,6.301367014741168
2023-04-22,アイムジャグラーEX-TP,159,5056,-895,15,14,1/174.3,1/337.1,1/361.1,5.960563211448656
2023-04-22,アイムジャグラーEX-TP,160,1521,153,7,2,1/169.0,1/217.3,1/760.5,5.937565619176252
2023-04-22,アイムジャグラーEX-TP,161,6684,771,28,18,1/145.3,1/238.7,1/371.3,5.9940873762528994
2023-04-22,アイムジャグラーEX-TP,162,2901,-804,7,9,1/181.3,1/414.4,1/322.3,5.92848978374684
2023-04-22,アイムジャグラーEX-TP,163,5651,-381,20,18,1/148.7,1/282.6,1/313.9,6.307767671533161
2023-04-22,アイムジャグラーEX-TP,164,4934,1448,24,15,1/126.5,1/205.6,1/328.9,6.106453705970738
2023-04-22,アイムジャグラーEX-TP,165,4012,377,19,10,1/138.3,1/211.2,1/401.2,6.694519002730919
2023-04-22,アイムジャグラーEX-TP,166,5753,1227,27,18,1/127.8,1/213.1,1/319.6,6.327040558287589
2023-04-22,アイムジャグラーEX-TP,167,4498,-753,13,16,1/155.1,1/346.0,1/281.1,6.173130339910426
2023-04-22,アイムジャグラーEX-TP,168,4946,-1281,16,6,1/224.8,1/309.1,1/824.3,5.965710984533611
2023-04-22,アイムジャグラーEX-TP,169,5600,3423,35,16,1/109.8,1/160.0,1/350.0,6.167535031736648
2023-04-22,アイムジャグラーEX-TP,170,6470,728,25,22,1/137.7,1/258.8,1/294.1,5.942949248729006
2023-04-22,アイムジャグラーEX-TP,171,5269,1398,25,17,1/125.5,1/210.8,1/309.9,6.181353859854853
2023-04-22,アイムジャグラーEX-TP,172,2513,-538,9,3,1/209.4,1/279.2,1/837.7,6.150517279796307
2023-04-22,アイムジャグラーEX-TP,173,5014,-2002,11,16,1/185.7,1/455.8,1/313.4,6.280014420235744
2023-04-22,アイムジャグラーEX-TP,174,4925,-1079,14,14,1/175.9,1/351.8,1/351.8,6.041113920075756
2023-04-22,アイムジャグラーEX-TP,175,4379,-1601,9,14,1/190.4,1/486.6,1/312.8,5.962119018518391
2023-04-22,アイムジャグラーEX-TP,176,3969,-1669,8,12,1/198.4,1/496.1,1/330.8,6.091040942783257
2023-04-22,アイムジャグラーEX-TP,177,5457,521,22,17,1/139.9,1/248.0,1/321.0,6.087605767409082
2023-04-22,アイムジャグラーEX-TP,178,6892,351,26,26,1/132.5,1/265.1,1/265.1,6.288908285671341
2023-04-22,マイジャグラーV,117,6389,-1328,17,22,1/163.8,1/375.8,1/290.4,5.89064674242919
2023-04-22,マイジャグラーV,118,5481,872,26,11,1/148.1,1/210.8,1/498.3,5.867063853651824
2023-04-22,マイジャグラーV,119,5673,-902,19,15,1/166.9,1/298.6,1/378.2,6.068031351639717
2023-04-22,マイジャグラーV,120,6596,1427,32,20,1/126.8,1/206.1,1/329.8,6.166376321429041
2023-04-22,ファンキージャグラー2,113,2668,-944,8,5,1/205.2,1/333.5,1/533.6,6.254979014873627
2023-04-22,ファンキージャグラー2,114,4858,-521,16,11,1/179.9,1/303.6,1/441.6,5.6425429854075855
2023-04-22,ファンキージャグラー2,115,4964,177,21,9,1/165.5,1/236.4,1/551.6,5.799093535324967
2023-04-22,ファンキージャグラー2,116,3713,-439,15,5,1/185.7,1/247.5,1/742.6,6.080576523156886
2023-04-22,ハッピージャグラーVIII,109,7297,2445,35,27,1/117.7,1/208.5,1/270.3,6.099672999389333
2023-04-22,ハッピージャグラーVIII,110,5665,-403,20,14,1/166.6,1/283.2,1/404.6,6.031328171792242
2023-04-22,ハッピージャグラーVIII,111,2895,-1376,7,5,1/241.2,1/413.6,1/579.0,6.3485650009039025
2023-04-22,ハッピージャグラーVIII,112,3907,-1815,10,7,1/229.8,1/390.7,1/558.1,6.499977405216755
2023-04-20,アイムジャグラーEX-TP,121,6379,2449,35,14,1/130.2,1/182.3,1/455.6,6.0393590682614295
2023-04-20,アイムジャグラーEX-TP,122,5082,-1322,16,13,1/175.2,1/317.6,1/390.9,6.485583939223467
2023-04-20,アイムジャグラーEX-TP,123,3480,-68,11,12,1/151.3,1/316.4,1/290.0,5.771379249354181
2023-04-20,アイムジャグラーEX-TP,124,4922,-2105,10,15,1/196.9,1/492.2,1/328.1,6.15428758975904
2023-04-20,アイムジャグラーEX-TP,125,6715,-850,17,31,1/139.9,1/395.0,1/216.6,6.033467911564725
2023-04-20,アイムジャグラーEX-TP,126,4599,-1155,10,18,1/164.2,1/459.9,1/255.5,5.890731654232727
2023-04-20,アイムジャグラーEX-TP,127,4361,-293,15,15,1/145.4,1/290.7,1/290.7,6.30258835062578
2023-04-20,アイムジャグラーEX-TP,128,6273,961,28,19,1/133.5,1/224.0,1/330.2,6.291559029572203
2023-04-20,アイムジャグラーEX-TP,129,4358,422,18,13,1/140.6,1/242.1,1/335.2,6.138386356826427
2023-04-20,アイムジャグラーEX-TP,130,6234,1629,30,16,1/135.5,1/207.8,1/389.6,5.987719929846281
2023-04-20,アイムジャグラーEX-TP,131,2612,-782,6,9,1/174.1,1/435.3,1/290.2,6.0441594340963665
2023-04-20,アイムジャグラーEX-TP,132,6131,2095,31,17,1/127.7,1/197.8,1/360.6,5.99013455809944
2023-04-20,アイムジャグラーEX-TP,145,3744,-1028,10,13,1/162.8,1/374.4,1/288.0,6.390059797749487
2023-04-20,アイムジャグラーEX-TP,146,3025,-49,10,9,1/159.2,1/302.5,1/336.1,5.7218274476535536
2023-04-20,アイムジャグラーEX-TP,147,2011,-1191,4,3,1/287.3,1/502.8,1/670.3,6.181269683202091
2023-04-20,アイムジャグラーEX-TP,148,1971,-1042,4,5,1/219.0,1/492.8,1/394.2,6.40957704628674
2023-04-20,アイムジャグラーEX-TP,149,1635,-156,5,5,1/163.5,1/327.0,1/327.0,5.825493857577899
2023-04-20,アイムジャグラーEX-TP,150,2814,141,11,9,1/140.7,1/255.8,1/312.7,6.1936464016895325
2023-04-20,アイムジャグラーEX-TP,151,3241,-37,10,13,1/140.9,1/324.1,1/249.3,5.88398805272656
2023-04-20,アイムジャグラーEX-TP,152,1670,-649,4,4,1/208.8,1/417.5,1/417.5,6.1080026538722905
2023-04-20,アイムジャグラーEX-TP,153,5486,621,21,21,1/130.6,1/261.2,1/261.2,6.08299794976579
2023-04-20,アイムジャグラーEX-TP,154,3086,-861,8,8,1/192.9,1/385.8,1/385.8,5.921242031746607
2023-04-20,アイムジャグラーEX-TP,155,3289,1,12,9,1/156.6,1/274.1,1/365.4,5.920266555636618
2023-04-20,アイムジャグラーEX-TP,156,5222,-1023,14,17,1/168.5,1/373.0,1/307.2,5.93144784245175
2023-04-20,アイムジャグラーEX-TP,157,4507,677,20,13,1/136.6,1/225.3,1/346.7,6.207039714022799
2023-04-20,アイムジャグラーEX-TP,158,5726,39,21,20,1/139.7,1/272.7,1/286.3,6.245202463497877
2023-04-20,アイムジャグラーEX-TP,159,6083,-489,21,18,1/156.0,1/289.7,1/337.9,6.159983968446785
2023-04-20,アイムジャグラーEX-TP,160,3693,602,16,9,1/147.7,1/230.8,1/410.3,5.836617662205619
2023-04-20,アイムジャグラーEX-TP,161,2333,-373,8,5,1/179.5,1/291.6,1/466.6,6.14084616332803
2023-04-20,アイムジャグラーEX-TP,162,6921,3762,38,23,1/113.5,1/182.1,1/300.9,5.8145904785438205
2023-04-20,アイムジャグラーEX-TP,163,2003,-619,7,2,1/222.6,1/286.1,1/1001.5,6.419936200000981
2023-04-20,アイムジャグラーEX-TP,164,4385,1361,22,11,1/132.9,1/199.3,1/398.6,5.973673740554427
2023-04-20,アイムジャグラーEX-TP,165,4155,1019,20,11,1/134.0,1/207.8,1/377.7,6.097494311390009
2023-04-20,アイムジャグラーEX-TP,166,3904,-221,11,16,1/144.6,1/354.9,1/244.0,5.8248972910512435
2023-04-20,アイムジャグラーEX-TP,167,4420,2555,28,10,1/116.3,1/157.9,1/442.0,6.157409864644248
2023-04-20,アイムジャグラーEX-TP,168,6339,403,28,14,1/150.9,1/226.4,1/452.8,6.290624718477424
2023-04-20,アイムジャグラーEX-TP,169,5612,501,21,23,1/127.5,1/267.2,1/244.0,6.215758502851938
2023-04-20,アイムジャグラーEX-TP,170,5991,352,25,16,1/146.1,1/239.6,1/374.4,6.229338282588176
2023-04-20,アイムジャグラーEX-TP,171,3415,-71,12,11,1/148.5,1/284.6,1/310.5,6.070486795269144
2023-04-20,アイムジャグラーEX-TP,172,5076,-125,18,15,1/153.8,1/282.0,1/338.4,6.009320911339325
2023-04-20,アイムジャグラーEX-TP,173,3025,1020,17,4,1/144.0,1/177.9,1/756.2,6.026019455576533
2023-04-20,アイムジャグラーEX-TP,174,4599,1384,22,13,1/131.4,1/209.0,1/353.8,5.890495873828678
2023-04-20,アイムジャグラーEX-TP,175,7284,-578,24,26,1/145.7,1/303.5,1/280.2,6.244465902104229
2023-04-20,アイムジャグラーEX-TP,176,5088,706,20,15,1/145.4,1/254.4,1/339.2,5.719792427743525
2023-04-20,アイムジャグラーEX-TP,177,3922,1158,20,9,1/135.2,1/196.1,1/435.8,6.043351602119167
2023-04-20,アイムジャグラーEX-TP,178,5499,-84,20,13,1/166.6,1/274.9,1/423.0,5.822142226263312
2023-04-20,マイジャグラーV,117,4675,-788,13,12,1/187.0,1/359.6,1/389.6,5.508929529191637
2023-04-20,マイジャグラーV,118,3396,-662,11,8,1/178.7,1/308.7,1/424.5,5.986870824015464
2023-04-20,マイジャグラーV,119,6383,-1177,21,16,1/172.5,1/304.0,1/398.9,6.0594819917301335
2023-04-20,マイジャグラーV,120,6343,2071,30,21,1/124.4,1/211.4,1/302.0,5.6732692908242
2023-04-20,ファンキージャグラー2,113,3323,-632,11,7,1/184.6,1/302.1,1/474.7,5.944051902144682
2023-04-20,ファンキージャグラー2,114,3877,-184,14,11,1/155.1,1/276.9,1/352.5,5.938895512873009
2023-04-20,ファンキージャグラー2,115,4026,225,19,6,1/161.0,1/211.9,1/671.0,6.090430411216375
2023-04-20,ファンキージャグラー2,116,1958,-527,5,6,1/178.0,1/391.6,1/326.3,5.89660330202256
2023-04-20,ハッピージャグラーVIII,109,4605,-501,14,18,1/143.9,1/328.9,1/255.8,6.305647791059176
2023-04-20,ハッピージャグラーVIII,110,5069,-469,20,10,1/169.0,1/253.4,1/506.9,6.383487106393409
2023-04-20,ハッピージャグラーVIII,111,3963,-547,12,12,1/165.1,1/330.2,1/330.2,6.030094668720343
2023-04-20,ハッピージャグラーVIII,112,2488,-1527,4,5,1/276.4,1/622.0,1/497.6,6.207030409958391
2023-04-19,アイムジャグラーEX-TP,121,4722,-1159,14,10,1/196.8,1/337.3,1/472.2,5.98694678240788
2023-04-19,アイムジャグラーEX-TP,122,1710,2,5,6,1/155.5,1/342.0,1/285.0,5.477088872813508
2023-04-19,アイムジャグラーEX-TP,123,6410,1732,28,23,1/125.7,1/228.9,1/278.7,5.885606309039415
2023-04-19,アイムジャグラーEX-TP,124,1370,-896,2,3,1/274.0,1/685.0,1/456.7,6.15886592351183
2023-04-19,アイムジャグラーEX-TP,125,5707,350,21,19,1/142.7,1/271.8,1/300.4,5.934651572623393
2023-04-19,アイムジャグラーEX-TP,126,5426,-196,19,16,1/155.0,1/285.6,1/339.1,6.008098930645866
2023-04-19,アイムジャグラーEX-TP,127,1972,-206,9,2,1/179.3,1/219.1,1/986.0,6.776349838063452
2023-04-19,アイムジャグラーEX-TP,128,2497,-359,9,4,1/192.1,1/277.4,1/624.2,6.031464631643575
2023-04-19,アイムジャグラーEX-TP,129,2131,-157,8,5,1/163.9,1/266.4,1/426.2,6.211469976287108
2023-04-19,アイムジャグラーEX-TP,130,1372,-237,5,3,1/171.5,1/274.4,1/457.3,6.495231685671688
2023-04-19,アイムジャグラーEX-TP,131,7268,4534,44,24,1/106.9,1/165.2,1/302.8,6.076396117219667
2023-04-19,アイムジャグラーEX-TP,132,3980,158,16,10,1/153.1,1/248.8,1/398.0,6.066826243505028
2023-04-19,アイムジャグラーEX-TP,145,5033,255,21,13,1/148.0,1/239.7,1/387.2,6.227481985650387
2023-04-19,アイムジャグラーEX-TP,146,764,247,4,2,1/127.3,1/191.0,1/382.0,6.216837768038064
2023-04-19,アイムジャグラーEX-TP,147,1059,-828,2,0,1/529.5,1/529.5,1/0.0,6.289574878190713
2023-04-19,アイムジャグラーEX-TP,148,894,-676,1,2,1/298.0,1/894.0,1/447.0,6.2595832363879795
2023-04-19,アイムジャグラーEX-TP,149,1973,-130,7,5,1/164.4,1/281.9,1/394.6,6.01667616486266
2023-04-19,アイムジャグラーEX-TP,150,4108,-1004,10,15,1/164.3,1/410.8,1/273.9,6.039967855255787
2023-04-19,アイムジャグラーEX-TP,151,1881,-955,2,10,1/156.8,1/940.5,1/188.1,6.414951386195624
2023-04-19,アイムジャグラーEX-TP,152,1270,-1185,1,2,1/423.3,1/1270.0,1/635.0,6.4132652584583765
2023-04-19,アイムジャグラーEX-TP,153,1735,590,9,5,1/123.9,1/192.8,1/347.0,6.1988217594006825
2023-04-19,アイムジャグラーEX-TP,154,6311,5105,42,23,1/97.1,1/150.3,1/274.4,6.069744703998671
2023-04-19,アイムジャグラーEX-TP,155,493,-234,1,2,1/164.3,1/493.0,1/246.5,6.910668881258029
2023-04-19,アイムジャグラーEX-TP,156,2244,-229,8,5,1/172.6,1/280.5,1/448.8,6.06834990181253
2023-04-19,アイムジャグラーEX-TP,157,5149,367,22,12,1/151.4,1/234.0,1/429.1,6.1344908669237705
2023-04-19,アイムジャグラーEX-TP,158,3658,475,16,11,1/135.5,1/228.6,1/332.5,6.285433206129202
2023-04-19,アイムジャグラーEX-TP,159,5977,-231,17,27,1/135.8,1/351.6,1/221.4,5.948914697798517
2023-04-19,アイムジャグラーEX-TP,160,3122,-62,12,9,1/148.7,1/260.2,1/346.9,6.308400823826228
2023-04-19,アイムジャグラーEX-TP,161,1657,-8,8,1,1/184.1,1/207.1,1/1657.0,6.384814422112837
2023-04-19,アイムジャグラーEX-TP,162,6812,-891,18,29,1/144.9,1/378.4,1/234.9,6.023543832816488
2023-04-19,アイムジャグラーEX-TP,163,586,-426,1,1,1/293.0,1/586.0,1/586.0,6.611239061276259
2023-04-19,アイムジャグラーEX-TP,164,2614,-278,10,4,1/186.7,1/261.4,1/653.5,6.0834405072332665
2023-04-19,アイムジャグラーEX-TP,165,2304,-586,6,6,1/192.0,1/384.0,1/384.0,5.832451293209377
2023-04-19,アイムジャグラーEX-TP,166,3362,518,13,10,1/146.2,1/258.6,1/336.2,5.6039616308315106
2023-04-19,アイムジャグラーEX-TP,167,3091,-662,9,7,1/193.2,1/343.4,1/441.6,5.852729644183576
2023-04-19,アイムジャグラーEX-TP,168,4438,699,21,11,1/138.7,1/211.3,1/403.5,6.344889916016989
2023-04-19,アイムジャグラーEX-TP,169,4642,22,16,16,1/145.1,1/290.1,1/290.1,5.975739065813562
2023-04-19,アイムジャグラーEX-TP,170,2369,-578,7,9,1/148.1,1/338.4,1/263.2,6.779248551346985
2023-04-19,アイムジャグラーEX-TP,171,5321,255,18,23,1/129.8,1/295.6,1/231.3,6.085541208131927
2023-04-19,アイムジャグラーEX-TP,172,5576,1551,26,18,1/126.7,1/214.5,1/309.8,6.026550717099011
2023-04-19,アイムジャグラーEX-TP,173,4943,-1351,13,17,1/164.8,1/380.2,1/290.8,6.3159383387576975
2023-04-19,アイムジャグラーEX-TP,174,1369,-347,4,3,1/195.6,1/342.2,1/456.3,6.005966218918742
2023-04-19,アイムジャグラーEX-TP,175,3990,-527,15,9,1/166.2,1/266.0,1/443.3,6.468089300483436
2023-04-19,アイムジャグラーEX-TP,176,950,133,5,2,1/135.7,1/190.0,1/475.0,6.984305530283398
2023-04-19,アイムジャグラーEX-TP,177,7168,2115,31,32,1/113.8,1/231.2,1/224.0,6.099615866309217
2023-04-19,アイムジャグラーEX-TP,178,4965,-852,15,18,1/150.5,1/331.0,1/275.8,6.388051140691712
2023-04-19,マイジャグラーV,117,5681,-876,12,26,1/149.5,1/473.4,1/218.5,5.574772070136299
2023-04-19,マイジャグラーV,118,4195,176,17,11,1/149.8,1/246.8,1/381.4,5.9120173264386695
2023-04-19,マイジャグラーV,119,5744,-1002,18,12,1/191.5,1/319.1,1/478.7,5.684410101529264
2023-04-19,マイジャグラーV,120,4879,-1054,15,13,1/174.2,1/325.3,1/375.3,6.037006637244281
2023-04-19,ファンキージャグラー2,113,2988,-516,11,4,1/199.2,1/271.6,1/747.0,5.935924201347026
2023-04-19,ファンキージャグラー2,114,1521,-704,3,2,1/304.2,1/507.0,1/760.5,5.446969556910424
2023-04-19,ファンキージャグラー2,115,2428,-670,6,5,1/220.7,1/404.7,1/485.6,5.459348651138402
2023-04-19,ファンキージャグラー2,116,5080,-1303,15,17,1/158.8,1/338.7,1/298.8,6.415360494639447
2023-04-19,ハッピージャグラーVIII,109,7604,985,35,19,1/140.8,1/217.3,1/400.2,6.312075085138096
2023-04-19,ハッピージャグラーVIII,110,1354,-479,3,4,1/193.4,1/451.3,1/338.5,6.094205205256904
2023-04-19,ハッピージャグラーVIII,111,4079,-868,12,13,1/163.2,1/339.9,1/313.8,6.362695852706633
2023-04-19,ハッピージャグラーVIII,112,1160,-729,2,2,1/290.0,1/580.0,1/580.0,6.28152608593236
2023-04-18,アイムジャグラーEX-TP,121,3520,-753,10,11,1/167.6,1/352.0,1/320.0,6.1398431252638765
2023-04-18,アイムジャグラーEX-TP,122,6637,1390,30,25,1/120.7,1/221.2,1/265.5,6.434545206936167
2023-04-18,アイムジャグラーEX-TP,123,2277,-971,7,3,1/227.7,1/325.3,1/759.0,6.64457488990345
2023-04-18,アイムジャグラーEX-TP,124,3405,-905,11,6,1/200.3,1/309.5,1/567.5,6.235293611369439
2023-04-18,アイムジャグラーEX-TP,125,3465,-613,12,7,1/182.4,1/288.8,1/495.0,6.20706500140577
2023-04-18,アイムジャグラーEX-TP,126,4304,2647,25,18,1/100.1,1/172.2,1/239.1,6.222868837670031
2023-04-18,アイムジャグラーEX-TP,127,5219,950,21,18,1/133.8,1/248.5,1/289.9,5.835725218454208
2023-04-18,アイムジャグラーEX-TP,128,4463,-1962,9,9,1/247.9,1/495.9,1/495.9,5.75556068020694
2023-04-18,アイムジャグラーEX-TP,129,7246,1225,30,24,1/134.2,1/241.5,1/301.9,5.962739019965005
2023-04-18,アイムジャグラーEX-TP,130,6795,1758,27,31,1/117.2,1/251.7,1/219.2,5.9077745530631605
2023-04-18,アイムジャグラーEX-TP,131,3403,-728,12,6,1/189.1,1/283.6,1/567.2,6.346848421406563
2023-04-18,アイムジャグラーEX-TP,132,8081,-1115,24,28,1/155.4,1/336.7,1/288.6,6.087752653035222
2023-04-18,アイムジャグラーEX-TP,145,2303,-369,6,8,1/164.5,1/383.8,1/287.9,5.7860306277237745
2023-04-18,アイムジャグラーEX-TP,146,5013,1408,26,11,1/135.5,1/192.8,1/455.7,6.167741378889694
2023-04-18,アイムジャグラーEX-TP,147,2735,-78,11,4,1/182.3,1/248.6,1/683.8,5.925997829156407
2023-04-18,アイムジャグラーEX-TP,148,1210,-539,3,2,1/242.0,1/403.3,1/605.0,6.142064947006923
2023-04-18,アイムジャグラーEX-TP,149,3318,-1414,10,6,1/207.4,1/331.8,1/553.0,6.821956716473393
2023-04-18,アイムジャグラーEX-TP,150,1669,-949,3,4,1/238.4,1/556.3,1/417.2,6.250889272331694
2023-04-18,アイムジャグラーEX-TP,151,3197,455,14,8,1/145.3,1/228.4,1/399.6,6.005815553119832
2023-04-18,アイムジャグラーEX-TP,152,7494,2094,30,35,1/115.3,1/249.8,1/214.1,5.894996797279862
2023-04-18,アイムジャグラーEX-TP,153,5427,640,19,24,1/126.2,1/285.6,1/226.1,5.946222156447701
2023-04-18,アイムジャグラーEX-TP,154,1519,-1003,3,1,1/379.8,1/506.3,1/1519.0,6.11108348584892
2023-04-18,アイムジャグラーEX-TP,155,2932,-200,10,9,1/154.3,1/293.2,1/325.8,6.103113518348567
2023-04-18,アイムジャグラーEX-TP,156,4742,-1115,15,10,1/189.7,1/316.1,1/474.2,6.1654042214920555
2023-04-18,アイムジャグラーEX-TP,157,7150,358,26,20,1/155.4,1/275.0,1/357.5,5.721151095600434
2023-04-18,アイムジャグラーEX-TP,158,7431,1020,27,35,1/119.9,1/275.2,1/212.3,6.1347022098648685
2023-04-18,アイムジャグラーEX-TP,159,3110,-517,9,12,1/148.1,1/345.6,1/259.2,6.311796880287842
2023-04-18,アイムジャグラーEX-TP,160,4818,-374,15,14,1/166.1,1/321.2,1/344.1,5.74837803094954
2023-04-18,アイムジャグラーEX-TP,161,6731,-249,25,18,1/156.5,1/269.2,1/373.9,6.137662975081078
2023-04-18,アイムジャグラーEX-TP,162,2341,-1603,3,6,1/260.1,1/780.3,1/390.2,6.262399236163849
2023-04-18,アイムジャグラーEX-TP,163,5521,1057,25,18,1/128.4,1/220.8,1/306.7,6.291644036899779
2023-04-18,アイムジャグラーEX-TP,164,3723,-682,10,16,1/143.2,1/372.3,1/232.7,6.3445329876690435
2023-04-18,アイムジャグラーEX-TP,165,5756,2069,29,17,1/125.1,1/198.5,1/338.6,5.967464628102234
2023-04-18,アイムジャグラーEX-TP,166,5360,1585,26,18,1/121.8,1/206.2,1/297.8,6.223697331380764
2023-04-18,アイムジャグラーEX-TP,167,4228,106,17,12,1/145.8,1/248.7,1/352.3,6.285251688131936
2023-04-18,アイムジャグラーEX-TP,168,6989,1779,34,19,1/131.9,1/205.6,1/367.8,6.146081460633275
2023-04-18,アイムジャグラーEX-TP,169,4965,-1369,15,12,1/183.9,1/331.0,1/413.8,6.332545899638267
2023-04-18,アイムジャグラーEX-TP,170,3919,721,16,17,1/118.8,1/244.9,1/230.5,6.28266869490471
2023-04-18,アイムジャグラーEX-TP,171,2716,-726,8,5,1/208.9,1/339.5,1/543.2,5.945274709451514
2023-04-18,アイムジャグラーEX-TP,172,7370,129,29,21,1/147.4,1/254.1,1/351.0,6.221891213482374
2023-04-18,アイムジャグラーEX-TP,173,3679,156,14,10,1/153.3,1/262.8,1/367.9,5.900928936776109
2023-04-18,アイムジャグラーEX-TP,174,6304,-861,17,26,1/146.6,1/370.8,1/242.5,6.054422128697748
2023-04-18,アイムジャグラーEX-TP,175,2823,-336,10,6,1/176.4,1/282.3,1/470.5,6.075136461380854
2023-04-18,アイムジャグラーEX-TP,176,6820,555,26,23,1/139.2,1/262.3,1/296.5,6.012192497180463
2023-04-18,アイムジャグラーEX-TP,177,4271,-230,16,8,1/178.0,1/266.9,1/533.9,5.904824569334917
2023-04-18,アイムジャグラーEX-TP,178,4022,-2096,9,10,1/211.7,1/446.9,1/402.2,6.6217301112211935
2023-04-18,マイジャグラーV,117,3238,-1198,10,6,1/202.4,1/323.8,1/539.7,6.424832409819067
2023-04-18,マイジャグラーV,118,4890,568,22,11,1/148.2,1/222.3,1/444.5,5.89952556021477
2023-04-18,マイジャグラーV,119,6774,-1545,19,21,1/169.3,1/356.5,1/322.6,5.9875302522916005
2023-04-18,マイジャグラーV,120,8094,128,26,33,1/137.2,1/311.3,1/245.3,5.757596327733359
2023-04-18,ファンキージャグラー2,113,3455,-470,11,10,1/164.5,1/314.1,1/345.5,5.902945033522813
2023-04-18,ファンキージャグラー2,114,3568,518,16,10,1/137.2,1/223.0,1/356.8,5.996762622151686
2023-04-18,ファンキージャグラー2,115,3088,-951,8,6,1/220.6,1/386.0,1/514.7,5.650340877672864
2023-04-18,ファンキージャグラー2,116,6042,1856,33,14,1/128.6,1/183.1,1/431.6,6.114104088068396
2023-04-18,ハッピージャグラーVIII,109,6637,757,28,23,1/130.1,1/237.0,1/288.6,6.392448031050518
2023-04-18,ハッピージャグラーVIII,110,4130,-790,15,6,1/196.7,1/275.3,1/688.3,6.2529109438999955
2023-04-18,ハッピージャグラーVIII,111,4516,-816,13,14,1/167.3,1/347.4,1/322.6,6.093300493016282
2023-04-18,ハッピージャグラーVIII,112,5574,2205,28,18,1/121.2,1/199.1,1/309.7,5.870464163983737
2023-04-17,アイムジャグラーEX-TP,121,4783,-1303,16,6,1/217.4,1/298.9,1/797.2,6.173151650885055
2023-04-17,アイムジャグラーEX-TP,122,4505,-1312,14,9,1/195.9,1/321.8,1/500.6,6.319113551104061
2023-04-17,アイムジャグラーEX-TP,123,7862,984,31,32,1/124.8,1/253.6,1/245.7,6.273976643745371
2023-04-17,アイムジャグラーEX-TP,124,4513,-413,12,19,1/145.6,1/376.1,1/237.5,5.849114591412776
2023-04-17,アイムジャグラーEX-TP,125,7342,996,29,29,1/126.6,1/253.2,1/253.2,6.175959253406438
2023-04-17,アイムジャグラーEX-TP,126,6626,-1230,18,25,1/154.1,1/368.1,1/265.0,6.150205981313862
2023-04-17,アイムジャグラーEX-TP,127,6265,-866,20,18,1/164.9,1/313.2,1/348.1,6.086642505982932
2023-04-17,アイムジャグラーEX-TP,128,6541,590,27,26,1/123.4,1/242.3,1/251.6,6.6511673418959
2023-04-17,アイムジャグラーEX-TP,129,5373,684,24,13,1/145.2,1/223.9,1/413.3,6.140208840467672
2023-04-17,アイムジャグラーEX-TP,130,6228,-1795,18,16,1/183.2,1/346.0,1/389.2,6.302944404083425
2023-04-17,アイムジャグラーEX-TP,131,4960,-2152,12,8,1/248.0,1/413.3,1/620.0,6.001693542395551
2023-04-17,アイムジャグラーEX-TP,132,6397,-758,20,19,1/164.0,1/319.9,1/336.7,5.9639341130066965
2023-04-17,アイムジャグラーEX-TP,145,6144,271,26,12,1/161.7,1/236.3,1/512.0,6.046129726129413
2023-04-17,アイムジャグラーEX-TP,146,5624,-738,19,14,1/170.4,1/296.0,1/401.7,6.101419544511022
2023-04-17,アイムジャグラーEX-TP,147,7144,1892,32,30,1/115.2,1/223.2,1/238.1,6.310384010716487
2023-04-17,アイムジャグラーEX-TP,148,6368,-1195,20,16,1/176.9,1/318.4,1/398.0,6.096447639786335
2023-04-17,アイムジャグラーEX-TP,149,4250,-616,15,8,1/184.8,1/283.3,1/531.2,6.072935960890293
2023-04-17,アイムジャグラーEX-TP,150,6730,-146,23,23,1/146.3,1/292.6,1/292.6,6.049374581858329
2023-04-17,アイムジャグラーEX-TP,151,7722,2340,36,29,1/118.8,1/214.5,1/266.3,6.142931115094019
2023-04-17,アイムジャグラーEX-TP,152,2976,-682,10,6,1/186.0,1/297.6,1/496.0,6.334812194104776
2023-04-17,アイムジャグラーEX-TP,153,4352,-753,12,12,1/181.3,1/362.7,1/362.7,5.714802867927596
2023-04-17,アイムジャグラーEX-TP,154,5077,1055,25,11,1/141.0,1/203.1,1/461.5,6.189311647604271
2023-04-17,アイムジャグラーEX-TP,155,7257,1450,29,31,1/121.0,1/250.2,1/234.1,6.073427055203527
2023-04-17,アイムジャグラーEX-TP,156,6327,-907,20,16,1/175.8,1/316.4,1/395.4,5.926459744079602
2023-04-17,アイムジャグラーEX-TP,157,6245,-1360,16,21,1/168.8,1/390.3,1/297.4,5.941176831541379
2023-04-17,アイムジャグラーEX-TP,158,6244,-1981,17,13,1/208.1,1/367.3,1/480.3,6.0209754817276995
2023-04-17,アイムジャグラーEX-TP,159,5307,810,27,6,1/160.8,1/196.6,1/884.5,6.177624838396092
2023-04-17,アイムジャグラーEX-TP,160,5761,-132,24,12,1/160.0,1/240.0,1/480.1,6.34763972255757
2023-04-17,アイムジャグラーEX-TP,161,4366,-258,16,13,1/150.6,1/272.9,1/335.8,6.324791913839008
2023-04-17,アイムジャグラーEX-TP,162,5746,-1595,14,19,1/174.1,1/410.4,1/302.4,6.044065571737099
2023-04-17,アイムジャグラーEX-TP,163,6400,28,24,24,1/133.3,1/266.7,1/266.7,6.486556611422826
2023-04-17,アイムジャグラーEX-TP,164,5465,-738,16,21,1/147.7,1/341.6,1/260.2,6.193495333940746
2023-04-17,アイムジャグラーEX-TP,165,5322,-1810,13,16,1/183.5,1/409.4,1/332.6,6.210515976599028
2023-04-17,アイムジャグラーEX-TP,166,6424,614,28,17,1/142.8,1/229.4,1/377.9,6.266035072960828
2023-04-17,アイムジャグラーEX-TP,167,4166,-1076,11,16,1/154.3,1/378.7,1/260.4,6.447380514880131
2023-04-17,アイムジャグラーEX-TP,168,6715,892,29,15,1/152.6,1/231.6,1/447.7,5.868044073860979
2023-04-17,アイムジャグラーEX-TP,169,5883,-565,23,10,1/178.3,1/255.8,1/588.3,6.210727219149157
2023-04-17,アイムジャグラーEX-TP,170,5628,723,26,14,1/140.7,1/216.5,1/402.0,6.353592170640417
2023-04-17,アイムジャグラーEX-TP,171,5193,-1050,18,10,1/185.5,1/288.5,1/519.3,6.290194012694637
2023-04-17,アイムジャグラーEX-TP,172,8635,149,29,33,1/139.3,1/297.8,1/261.7,5.980153370330641
2023-04-17,アイムジャグラーEX-TP,173,5908,-301,21,18,1/151.5,1/281.3,1/328.2,6.181884886209109
2023-04-17,アイムジャグラーEX-TP,174,7313,-403,23,25,1/152.4,1/318.0,1/292.5,5.8936569905493235
2023-04-17,アイムジャグラーEX-TP,175,4648,-2106,10,9,1/244.6,1/464.8,1/516.4,5.924904864677047
2023-04-17,アイムジャグラーEX-TP,176,5349,-1981,13,15,1/191.0,1/411.5,1/356.6,6.248846667812153
2023-04-17,アイムジャグラーEX-TP,177,7069,594,22,34,1/126.2,1/321.3,1/207.9,5.829685951708726
2023-04-17,アイムジャグラーEX-TP,178,5732,-641,21,12,1/173.7,1/273.0,1/477.7,6.170008734997188
2023-04-17,マイジャグラーV,117,7019,74,28,13,1/171.2,1/250.7,1/539.9,5.672755740029044
2023-04-17,マイジャグラーV,118,7027,-2263,17,21,1/184.9,1/413.4,1/334.6,5.947817376118692
2023-04-17,マイジャグラーV,119,8279,381,32,24,1/147.8,1/258.7,1/345.0,5.815304276713159
2023-04-17,マイジャグラーV,120,7745,-125,26,23,1/158.1,1/297.9,1/336.7,5.600800241904673
2023-04-17,ファンキージャグラー2,113,6005,-1092,20,12,1/187.7,1/300.2,1/500.4,5.883762499550666
2023-04-17,ファンキージャグラー2,114,5997,75,25,13,1/157.8,1/239.9,1/461.3,5.981959932015429
2023-04-17,ファンキージャグラー2,115,4632,-694,16,9,1/185.3,1/289.5,1/514.7,5.850619364223854
2023-04-17,ファンキージャグラー2,116,4158,-477,16,7,1/180.8,1/259.9,1/594.0,6.00153220935951
2023-04-17,ハッピージャグラーVIII,109,5120,-1697,14,8,1/232.7,1/365.7,1/640.0,5.952851555415001
2023-04-17,ハッピージャグラーVIII,110,6796,-1703,20,15,1/194.2,1/339.8,1/453.1,6.0925955286211915
2023-04-17,ハッピージャグラーVIII,111,5288,595,23,13,1/146.9,1/229.9,1/406.8,6.083732079710235
2023-04-17,ハッピージャグラーVIII,112,5737,-982,21,10,1/185.1,1/273.2,1/573.7,6.324567238220814
2023-04-16,アイムジャグラーEX-TP,121,5894,1136,27,17,1/134.0,1/218.3,1/346.7,6.175835746491728
2023-04-16,アイムジャグラーEX-TP,122,4099,-1638,13,6,1/215.7,1/315.3,1/683.2,6.70890258279001
2023-04-16,アイムジャグラーEX-TP,123,4037,-894,13,8,1/192.2,1/310.5,1/504.6,6.1113680179985765
2023-04-16,アイムジャグラーEX-TP,124,5548,-582,19,15,1/163.2,1/292.0,1/369.9,6.12816962950266
2023-04-16,アイムジャグラーEX-TP,125,3401,-280,12,10,1/154.6,1/283.4,1/340.1,6.2528205258127505
2023-04-16,アイムジャグラーEX-TP,126,6290,2282,31,20,1/123.3,1/202.9,1/314.5,5.926007716905661
2023-04-16,アイムジャグラーEX-TP,127,2890,-1007,9,5,1/206.4,1/321.1,1/578.0,6.490107302358829
2023-04-16,アイムジャグラーEX-TP,128,2435,-847,8,3,1/221.4,1/304.4,1/811.7,6.463795511524469
2023-04-16,アイムジャグラーEX-TP,129,5500,768,26,11,1/148.6,1/211.5,1/500.0,6.20285303044614
2023-04-16,アイムジャグラーEX-TP,130,4081,-963,11,13,1/170.0,1/371.0,1/313.9,6.098925680443434
2023-04-16,アイムジャグラーEX-TP,131,5607,491,19,24,1/130.4,1/295.1,1/233.6,5.89625537097389
2023-04-16,アイムジャグラーEX-TP,132,3735,-1769,9,7,1/233.4,1/415.0,1/533.6,6.295463019084945
2023-04-16,アイムジャグラーEX-TP,145,4362,1599,21,13,1/128.3,1/207.7,1/335.5,5.7084603701328
2023-04-16,アイムジャグラーEX-TP,146,6864,-1076,19,25,1/156.0,1/361.3,1/274.6,6.018816377311601
2023-04-16,アイムジャグラーEX-TP,147,2893,-179,9,10,1/152.3,1/321.4,1/289.3,5.901552757076728
2023-04-16,アイムジャグラーEX-TP,148,4682,797,19,14,1/141.9,1/246.4,1/334.4,5.738321532127436
2023-04-16,アイムジャグラーEX-TP,149,1314,-76,6,0,1/219.0,1/219.0,1/0.0,6.045852963567616
2023-04-16,アイムジャグラーEX-TP,150,5027,213,18,15,1/152.3,1/279.3,1/335.1,5.768534561457058
2023-04-16,アイムジャグラーEX-TP,151,1405,-163,5,1,1/234.2,1/281.0,1/1405.0,5.515780431895422
2023-04-16,アイムジャグラーEX-TP,152,7366,863,26,34,1/122.8,1/283.3,1/216.6,6.065293851712244
2023-04-16,アイムジャグラーEX-TP,153,3715,-907,10,14,1/154.8,1/371.5,1/265.4,6.405574418808352
2023-04-16,アイムジャグラーEX-TP,154,5551,-823,16,21,1/150.0,1/346.9,1/264.3,6.175107012290665
2023-04-16,アイムジャグラーEX-TP,155,2388,-1845,3,5,1/298.5,1/796.0,1/477.6,6.448328635342479
2023-04-16,アイムジャグラーEX-TP,156,7003,3093,38,22,1/116.7,1/184.3,1/318.3,6.118946162116232
2023-04-16,アイムジャグラーEX-TP,157,5172,-700,16,14,1/172.4,1/323.2,1/369.4,5.891523653499218
2023-04-16,アイムジャグラーEX-TP,158,3453,-1474,8,7,1/230.2,1/431.6,1/493.3,6.032048256665558
2023-04-16,アイムジャグラーEX-TP,159,4492,-1674,13,6,1/236.4,1/345.5,1/748.7,6.1476733827626155
2023-04-16,アイムジャグラーEX-TP,160,4240,-150,14,17,1/136.8,1/302.9,1/249.4,6.242952292138952
2023-04-16,アイムジャグラーEX-TP,161,3486,-1345,9,8,1/205.1,1/387.3,1/435.8,6.273347456583209
2023-04-16,アイムジャグラーEX-TP,162,6346,1305,28,19,1/135.0,1/226.6,1/334.0,5.969216545219698
2023-04-16,アイムジャグラーEX-TP,163,5588,48,21,16,1/151.0,1/266.1,1/349.2,6.060735752279118
2023-04-16,アイムジャグラーEX-TP,164,5053,730,20,16,1/140.4,1/252.7,1/315.8,5.810883825654994
2023-04-16,アイムジャグラーEX-TP,165,3017,-1383,7,7,1/215.5,1/431.0,1/431.0,6.319248607199485
2023-04-16,アイムジャグラーEX-TP,166,4957,207,19,15,1/145.8,1/260.9,1/330.5,6.066036609785264
2023-04-16,アイムジャグラーEX-TP,167,3396,-827,11,7,1/188.7,1/308.7,1/485.1,6.276285874398064
2023-04-16,アイムジャグラーEX-TP,168,4905,-1086,16,10,1/188.7,1/306.6,1/490.5,6.186435322994356
2023-04-16,アイムジャグラーEX-TP,169,4480,-201,18,11,1/154.5,1/248.9,1/407.3,6.451120986670156
2023-04-16,アイムジャグラーEX-TP,170,6688,964,29,20,1/136.5,1/230.6,1/334.4,6.162525913960505
2023-04-16,アイムジャグラーEX-TP,171,5487,49,21,16,1/148.3,1/261.3,1/342.9,6.163747206922161
2023-04-16,アイムジャグラーEX-TP,172,4102,-448,12,14,1/157.8,1/341.8,1/293.0,5.88662790906259
2023-04-16,アイムジャグラーEX-TP,173,5834,-417,18,25,1/135.7,1/324.1,1/233.4,6.282010296273022
2023-04-16,アイムジャグラーEX-TP,174,4466,472,19,12,1/144.1,1/235.1,1/372.2,6.110769199024975
2023-04-16,アイムジャグラーEX-TP,175,4778,-129,19,12,1/154.1,1/251.5,1/398.2,6.33417867265072
2023-04-16,アイムジャグラーEX-TP,176,4099,-1614,10,11,1/195.2,1/409.9,1/372.6,6.319115713522589
2023-04-16,アイムジャグラーEX-TP,177,4801,-1383,10,18,1/171.5,1/480.1,1/266.7,5.88315997719966
2023-04-16,アイムジャグラーEX-TP,178,6510,-1379,20,16,1/180.8,1/325.5,1/406.9,6.104534384375993
2023-04-16,マイジャグラーV,117,8388,1137,36,29,1/129.0,1/233.0,1/289.2,6.107117197468382
2023-04-16,マイジャグラーV,118,4568,335,19,10,1/157.5,1/240.4,1/456.8,5.713382465253992
2023-04-16,マイジャグラーV,119,6328,-645,22,17,1/162.3,1/287.6,1/372.2,5.9659813858363835
2023-04-16,マイジャグラーV,120,5880,-864,18,18,1/163.3,1/326.7,1/326.7,5.884033210564181
2023-04-16,ファンキージャグラー2,113,4210,-158,17,10,1/155.9,1/247.6,1/421.0,6.159386563137279
2023-04-16,ファンキージャグラー2,114,4022,-857,14,5,1/211.7,1/287.3,1/804.4,5.8633141493965
2023-04-16,ファンキージャグラー2,115,7650,2191,37,25,1/123.4,1/206.8,1/306.0,5.940562344114839
2023-04-16,ファンキージャグラー2,116,1956,-297,6,6,1/163.0,1/326.0,1/326.0,5.922478211956594
2023-04-16,ハッピージャグラーVIII,109,7624,3375,38,30,1/112.1,1/200.6,1/254.1,5.91856124930705
2023-04-16,ハッピージャグラーVIII,110,1916,-1455,3,4,1/273.7,1/638.7,1/479.0,6.982014934442487
2023-04-16,ハッピージャグラーVIII,111,4581,-806,15,12,1/169.7,1/305.4,1/381.8,6.305190308168241
2023-04-16,ハッピージャグラーVIII,112,7902,1403,34,29,1/125.4,1/232.4,1/272.5,6.273152070172928
2023-04-15,アイムジャグラーEX-TP,121,6058,703,30,7,1/163.7,1/201.9,1/865.4,6.201159534942515
2023-04-15,アイムジャグラーEX-TP,122,3087,-1477,7,8,1/205.8,1/441.0,1/385.9,6.4867014320522856
2023-04-15,アイムジャグラーEX-TP,123,3520,-979,11,6,1/207.1,1/320.0,1/586.7,6.141182113004556
2023-04-15,アイムジャグラーEX-TP,124,4201,1086,20,11,1/135.5,1/210.1,1/381.9,5.9644465319455175
2023-04-15,アイムジャグラーEX-TP,125,5972,2409,34,13,1/127.1,1/175.6,1/459.4,6.182693008596874
2023-04-15,アイムジャグラーEX-TP,126,5842,-209,19,21,1/146.1,1/307.5,1/278.2,6.001454566852157
2023-04-15,アイムジャグラーEX-TP,127,4298,15,16,14,1/143.3,1/268.6,1/307.0,6.219724247700619
2023-04-15,アイムジャグラーEX-TP,128,1966,-248,8,1,1/218.4,1/245.8,1/1966.0,6.0089543199965005
2023-04-15,アイムジャグラーEX-TP,129,5821,-523,17,21,1/153.2,1/342.4,1/277.2,5.877682370367821
2023-04-15,アイムジャグラーEX-TP,130,4868,66,17,17,1/143.2,1/286.4,1/286.4,6.006760295294705
2023-04-15,アイムジャグラーEX-TP,131,6388,166,20,27,1/135.9,1/319.4,1/236.6,5.8604441642374985
2023-04-15,アイムジャグラーEX-TP,132,7577,1169,30,34,1/118.4,1/252.6,1/222.9,6.347171535506533
2023-04-15,アイムジャグラーEX-TP,145,3259,-1138,8,10,1/181.1,1/407.4,1/325.9,6.298657321074936
2023-04-15,アイムジャグラーEX-TP,146,3043,-399,10,9,1/160.2,1/304.3,1/338.1,6.2024071495267465
2023-04-15,アイムジャグラーEX-TP,147,3094,-1451,6,9,1/206.3,1/515.7,1/343.8,6.1773871253708705
2023-04-15,アイムジャグラーEX-TP,148,1497,-582,3,4,1/213.9,1/499.0,1/374.2,5.790696381719919
2023-04-15,アイムジャグラーEX-TP,149,3601,1685,20,12,1/112.5,1/180.1,1/300.1,6.233500524784232
2023-04-15,アイムジャグラーEX-TP,150,1550,280,8,2,1/155.0,1/193.8,1/775.0,6.204976391065635
2023-04-15,アイムジャグラーEX-TP,151,4600,-691,13,16,1/158.6,1/353.8,1/287.5,5.984691549322803
2023-04-15,アイムジャグラーEX-TP,152,3014,-844,9,8,1/177.3,1/334.9,1/376.8,6.42454460817749
2023-04-15,アイムジャグラーEX-TP,153,2757,-1380,7,6,1/212.1,1/393.9,1/459.5,6.764963027158272
2023-04-15,アイムジャグラーEX-TP,154,5382,563,24,12,1/149.5,1/224.2,1/448.5,6.153126556574101
2023-04-15,アイムジャグラーEX-TP,155,2235,539,11,7,1/124.2,1/203.2,1/319.3,6.479915595837663
2023-04-15,アイムジャグラーEX-TP,156,5354,228,20,16,1/148.7,1/267.7,1/334.6,5.936006699061843
2023-04-15,アイムジャグラーEX-TP,157,5644,-874,18,18,1/156.8,1/313.6,1/313.6,6.307168774517106
2023-04-15,アイムジャグラーEX-TP,158,5691,101,20,22,1/135.5,1/284.6,1/258.7,6.178172770718009
2023-04-15,アイムジャグラーEX-TP,159,5520,-1436,15,20,1/157.7,1/368.0,1/276.0,6.44993897972131
2023-04-15,アイムジャグラーEX-TP,160,2231,-1339,4,5,1/247.9,1/557.8,1/446.2,6.328108781296164
2023-04-15,アイムジャグラーEX-TP,161,3554,-560,11,10,1/169.2,1/323.1,1/355.4,6.0372880508870335
2023-04-15,アイムジャグラーEX-TP,162,4865,-408,18,12,1/162.2,1/270.3,1/405.4,6.250424778354027
2023-04-15,アイムジャグラーEX-TP,163,5143,-2130,14,10,1/214.3,1/367.4,1/514.3,6.425587647039509
2023-04-15,アイムジャグラーEX-TP,164,4181,410,20,9,1/144.2,1/209.1,1/464.6,6.560160270630695
2023-04-15,アイムジャグラーEX-TP,165,3189,-767,11,5,1/199.3,1/289.9,1/637.8,6.290231643056634
2023-04-15,アイムジャグラーEX-TP,166,7354,-981,18,33,1/144.2,1/408.6,1/222.8,5.9148353311532835
2023-04-15,アイムジャグラーEX-TP,167,3878,-604,11,16,1/143.6,1/352.5,1/242.4,6.314579006545424
2023-04-15,アイムジャグラーEX-TP,168,6734,-2034,21,14,1/192.4,1/320.7,1/481.0,6.427138766192268
2023-04-15,アイムジャグラーEX-TP,169,6664,-1871,20,9,1/229.8,1/333.2,1/740.4,5.861376458944229
2023-04-15,アイムジャグラーEX-TP,170,6119,-394,23,15,1/161.0,1/266.0,1/407.9,6.220637376732717
2023-04-15,アイムジャグラーEX-TP,171,5831,-1667,14,21,1/166.6,1/416.5,1/277.7,6.1720979699831116
2023-04-15,アイムジャグラーEX-TP,172,2845,-928,9,4,1/218.8,1/316.1,1/711.2,6.282398100662124
2023-04-15,アイムジャグラーEX-TP,173,5160,-918,17,15,1/161.2,1/303.5,1/344.0,6.421773096354972
2023-04-15,アイムジャグラーEX-TP,174,4369,-895,13,13,1/168.0,1/336.1,1/336.1,6.189777004534985
2023-04-15,アイムジャグラーEX-TP,175,4724,754,22,9,1/152.4,1/214.7,1/524.9,5.98634537935809
2023-04-15,アイムジャグラーEX-TP,176,5916,960,27,14,1/144.3,1/219.1,1/422.6,6.067465851197614
2023-04-15,アイムジャグラーEX-TP,177,4268,-1408,11,10,1/203.2,1/388.0,1/426.8,6.0254616413507165
2023-04-15,アイムジャグラーEX-TP,178,5941,85,23,16,1/152.3,1/258.3,1/371.3,6.090991331548426
2023-04-15,マイジャグラーV,117,6216,738,24,24,1/129.5,1/259.0,1/259.0,5.892100567123211
2023-04-15,マイジャグラーV,118,4379,-1399,12,12,1/182.5,1/364.9,1/364.9,6.1804552463844615
2023-04-15,マイジャグラーV,119,7390,590,29,18,1/157.2,1/254.8,1/410.6,5.557505246799154
2023-04-15,マイジャグラーV,120,6561,-400,24,19,1/152.6,1/273.4,1/345.3,6.0672352520405735
2023-04-15,ファンキージャグラー2,113,2935,-405,10,8,1/163.1,1/293.5,1/366.9,6.079382285047683
2023-04-15,ファンキージャグラー2,114,6618,2582,32,26,1/114.1,1/206.8,1/254.5,5.764534321027377
2023-04-15,ファンキージャグラー2,115,5245,-92,21,13,1/154.3,1/249.8,1/403.5,6.07364966056824
2023-04-15,ファンキージャグラー2,116,6189,782,28,18,1/134.5,1/221.0,1/343.8,6.1746252408907605
2023-04-15,ハッピージャグラーVIII,109,6529,2118,32,23,1/118.7,1/204.0,1/283.9,6.18834792329875
2023-04-15,ハッピージャグラーVIII,110,6516,3847,39,24,1/103.4,1/167.1,1/271.5,6.232771339697181
2023-04-15,ハッピージャグラーVIII,111,3906,-752,14,4,1/217.0,1/279.0,1/976.5,6.012176967182264
2023-04-15,ハッピージャグラーVIII,112,5550,-1470,19,8,1/205.6,1/292.1,1/693.8,6.364893312776449
2023-04-14,アイムジャグラーEX-TP,121,4794,-1965,11,11,1/217.9,1/435.8,1/435.8,6.045143680354591
2023-04-14,アイムジャグラーEX-TP,122,6028,-139,21,22,1/140.2,1/287.0,1/274.0,6.238580993148768
2023-04-14,アイムジャグラーEX-TP,123,2993,-1532,6,9,1/199.5,1/498.8,1/332.6,6.523341039506708
2023-04-14,アイムジャグラーEX-TP,124,2574,-1417,3,9,1/214.5,1/858.0,1/286.0,5.917418765840705
2023-04-14,アイムジャグラーEX-TP,125,5740,-640,18,20,1/151.1,1/318.9,1/287.0,6.167850861795977
2023-04-14,アイムジャグラーEX-TP,126,4902,2486,26,16,1/116.7,1/188.5,1/306.4,5.747344889631398
2023-04-14,アイムジャグラーEX-TP,127,5047,-298,20,9,1/174.0,1/252.3,1/560.8,6.136001388800695
2023-04-14,アイムジャグラーEX-TP,128,5891,-560,20,20,1/147.3,1/294.6,1/294.6,6.364921625784444
2023-04-14,アイムジャグラーEX-TP,129,5314,988,25,13,1/139.8,1/212.6,1/408.8,6.157596510012421
2023-04-14,アイムジャグラーEX-TP,130,2773,-542,9,7,1/173.3,1/308.1,1/396.1,6.264841438738346
2023-04-14,アイムジャグラーEX-TP,131,4305,-468,16,8,1/179.4,1/269.1,1/538.1,6.112432986862741
2023-04-14,アイムジャグラーEX-TP,132,5655,-3944,7,11,1/314.2,1/807.9,1/514.1,5.994316052778389
2023-04-14,アイムジャグラーEX-TP,145,1713,392,8,4,1/142.8,1/214.1,1/428.2,5.87647021531826
2023-04-14,アイムジャグラーEX-TP,146,3740,1308,19,12,1/120.6,1/196.8,1/311.7,6.172678027089968
2023-04-14,アイムジャグラーEX-TP,147,2684,-1134,6,8,1/191.7,1/447.3,1/335.5,6.347947061148847
2023-04-14,アイムジャグラーEX-TP,148,3307,2011,18,12,1/110.2,1/183.7,1/275.6,5.6209780134603635
2023-04-14,アイムジャグラーEX-TP,149,4146,47,15,13,1/148.1,1/276.4,1/318.9,6.006068301947449
2023-04-14,アイムジャグラーEX-TP,150,1128,-448,3,1,1/282.0,1/376.0,1/1128.0,5.803420849056934
2023-04-14,アイムジャグラーEX-TP,151,4998,-171,18,14,1/156.2,1/277.7,1/357.0,6.04943455579358
2023-04-14,アイムジャグラーEX-TP,152,848,-990,0,1,1/848.0,1/0.0,1/848.0,6.407463122896277
2023-04-14,アイムジャグラーEX-TP,153,1665,-697,3,6,1/185.0,1/555.0,1/277.5,6.0894134358793
2023-04-14,アイムジャグラーEX-TP,154,3349,-697,10,11,1/159.5,1/334.9,1/304.5,6.363753882075137
2023-04-14,アイムジャグラーEX-TP,155,4839,770,23,12,1/138.3,1/210.4,1/403.2,6.364184353757324
2023-04-14,アイムジャグラーEX-TP,156,1652,-815,3,5,1/206.5,1/550.7,1/330.4,6.1995005274078725
2023-04-14,アイムジャグラーEX-TP,157,3956,-1213,12,9,1/188.4,1/329.7,1/439.6,6.436727851973613
2023-04-14,アイムジャグラーEX-TP,158,5233,151,22,14,1/145.4,1/237.9,1/373.8,6.4201710314914475
2023-04-14,アイムジャグラーEX-TP,159,3536,-1113,10,6,1/221.0,1/353.6,1/589.3,5.963982269701399
2023-04-14,アイムジャグラーEX-TP,160,5858,-583,21,15,1/162.7,1/279.0,1/390.5,6.229513747424503
2023-04-14,アイムジャグラーEX-TP,161,5256,967,23,18,1/128.2,1/228.5,1/292.0,6.217726983322709
2023-04-14,アイムジャグラーEX-TP,162,1825,-933,4,4,1/228.1,1/456.2,1/456.2,6.361145773062203
2023-04-14,アイムジャグラーEX-TP,163,3658,-1550,7,11,1/203.2,1/522.6,1/332.5,5.98189582010042
2023-04-14,アイムジャグラーEX-TP,164,4985,316,19,14,1/151.1,1/262.4,1/356.1,5.854009230075657
2023-04-14,アイムジャグラーEX-TP,165,2538,-498,8,6,1/181.3,1/317.2,1/423.0,6.083821249565107
2023-04-14,アイムジャグラーEX-TP,166,4333,-441,14,14,1/154.8,1/309.5,1/309.5,6.120909620566889
2023-04-14,アイムジャグラーEX-TP,167,7655,921,30,24,1/141.8,1/255.2,1/319.0,5.859283657987145
2023-04-14,アイムジャグラーEX-TP,168,5182,-1301,14,14,1/185.1,1/370.1,1/370.1,5.965103019240001
2023-04-14,アイムジャグラーEX-TP,169,5598,34,24,9,1/169.6,1/233.2,1/622.0,6.134554718282958
2023-04-14,アイムジャグラーEX-TP,170,3925,-1142,11,8,1/206.6,1/356.8,1/490.6,5.974231654827921
2023-04-14,アイムジャグラーEX-TP,171,3542,-1013,8,10,1/196.8,1/442.8,1/354.2,5.6901775743450935
2023-04-14,アイムジャグラーEX-TP,172,4266,-257,16,8,1/177.8,1/266.6,1/533.2,5.938595755137414
2023-04-14,アイムジャグラーEX-TP,173,3574,-119,12,14,1/137.5,1/297.8,1/255.3,6.258213905751298
2023-04-14,アイムジャグラーEX-TP,174,4927,-556,16,16,1/154.0,1/307.9,1/307.9,6.200377162134564
2023-04-14,アイムジャグラーEX-TP,175,2525,-225,10,4,1/180.4,1/252.5,1/631.2,6.18586755873818
2023-04-14,アイムジャグラーEX-TP,176,4414,-326,15,13,1/157.6,1/294.3,1/339.5,6.060060554475497
2023-04-14,アイムジャグラーEX-TP,177,4678,647,18,16,1/137.6,1/259.9,1/292.4,5.822045869905625
2023-04-14,アイムジャグラーEX-TP,178,4891,-784,18,10,1/174.7,1/271.7,1/489.1,6.407060085045306
2023-04-14,マイジャグラーV,117,5683,-280,24,11,1/162.4,1/236.8,1/516.6,6.218360420648009
2023-04-14,マイジャグラーV,118,6133,-297,21,19,1/153.3,1/292.0,1/322.8,5.84879220646865
2023-04-14,マイジャグラーV,119,8572,-1420,30,15,1/190.5,1/285.7,1/571.5,5.8785543141300485
2023-04-14,マイジャグラーV,120,7090,-246,29,15,1/161.1,1/244.5,1/472.7,6.080319150720917
2023-04-14,ファンキージャグラー2,113,5369,1216,29,8,1/145.1,1/185.1,1/671.1,6.056110984973465
2023-04-14,ファンキージャグラー2,114,1508,-478,5,4,1/167.6,1/301.6,1/377.0,6.862228030745331
2023-04-14,ファンキージャグラー2,115,1103,-627,2,2,1/275.8,1/551.5,1/551.5,5.909629944250303
2023-04-14,ファンキージャグラー2,116,8189,1884,34,32,1/124.1,1/240.9,1/255.9,5.742121173324174
2023-04-14,ハッピージャグラーVIII,109,4808,-2677,10,8,1/267.1,1/480.8,1/601.0,6.320408702235267
2023-04-14,ハッピージャグラーVIII,110,3330,-1105,8,9,1/195.9,1/416.2,1/370.0,6.088448426110942
2023-04-14,ハッピージャグラーVIII,111,4267,-585,14,10,1/177.8,1/304.8,1/426.7,6.003897432762232
2023-04-14,ハッピージャグラーVIII,112,4216,-702,13,11,1/175.7,1/324.3,1/383.3,6.037795511494797
2023-04-13,アイムジャグラーEX-TP,121,3968,-1461,10,9,1/208.8,1/396.8,1/440.9,6.102709743082225
2023-04-13,アイムジャグラーEX-TP,122,1903,-566,4,8,1/158.6,1/475.8,1/237.9,6.142690140630483
2023-04-13,アイムジャグラーEX-TP,123,3101,-201,11,10,1/147.7,1/281.9,1/310.1,6.323618486655116
2023-04-13,アイムジャグラーEX-TP,124,1094,-966,2,0,1/547.0,1/547.0,1/0.0,6.745372544952606
2023-04-13,アイムジャグラーEX-TP,125,3090,880,14,9,1/134.3,1/220.7,1/343.3,5.725192430850931
2023-04-13,アイムジャグラーEX-TP,126,2386,-715,6,8,1/170.4,1/397.7,1/298.2,6.262320248968435
2023-04-13,アイムジャグラーEX-TP,127,3576,1361,19,11,1/119.2,1/188.2,1/325.1,6.245235082978322
2023-04-13,アイムジャグラーEX-TP,128,1891,-412,7,1,1/236.4,1/270.1,1/1891.0,6.014982299856951
2023-04-13,アイムジャグラーEX-TP,129,2476,-893,6,6,1/206.3,1/412.7,1/412.7,6.024110455909351
2023-04-13,アイムジャグラーEX-TP,130,1556,-654,3,5,1/194.5,1/518.7,1/311.2,6.071999870131005
2023-04-13,アイムジャグラーEX-TP,131,4583,-380,17,9,1/176.3,1/269.6,1/509.2,6.031462942852237
2023-04-13,アイムジャグラーEX-TP,132,4305,-743,14,11,1/172.2,1/307.5,1/391.4,6.176284945237298
2023-04-13,アイムジャグラーEX-TP,145,2461,102,11,3,1/175.8,1/223.7,1/820.3,6.012162010103461
2023-04-13,アイムジャグラーEX-TP,146,4703,1114,21,15,1/130.6,1/224.0,1/313.5,5.972358355927465
2023-04-13,アイムジャグラーEX-TP,147,674,420,4,3,1/96.3,1/168.5,1/224.7,6.470366250569638
2023-04-13,アイムジャグラーEX-TP,148,535,0,2,2,1/133.8,1/267.5,1/267.5,6.488277441168909
2023-04-13,アイムジャグラーEX-TP,149,3886,1461,21,11,1/121.4,1/185.0,1/353.3,6.265150588359872
2023-04-13,アイムジャグラーEX-TP,150,1323,-279,4,2,1/220.5,1/330.8,1/661.5,5.658478852044763
2023-04-13,アイムジャグラーEX-TP,151,729,-238,3,0,1/243.0,1/243.0,1/0.0,6.849932266479089
2023-04-13,アイムジャグラーEX-TP,152,1420,264,8,2,1/142.0,1/177.5,1/710.0,6.869384459614065
2023-04-13,アイムジャグラーEX-TP,153,3908,577,16,9,1/156.3,1/244.2,1/434.2,5.602441116057307
2023-04-13,アイムジャグラーEX-TP,154,2177,-56,9,4,1/167.5,1/241.9,1/544.2,6.206915290546218
2023-04-13,アイムジャグラーEX-TP,155,4423,1195,20,14,1/130.1,1/221.2,1/315.9,5.878464090638553
2023-04-13,アイムジャグラーEX-TP,156,3532,-1090,8,15,1/153.6,1/441.5,1/235.5,6.419956044385889
2023-04-13,アイムジャグラーEX-TP,157,3058,113,11,6,1/179.9,1/278.0,1/509.7,5.425169062407487
2023-04-13,アイムジャグラーEX-TP,158,3224,1111,16,10,1/124.0,1/201.5,1/322.4,6.012396352832631
2023-04-13,アイムジャグラーEX-TP,159,4507,-502,14,18,1/140.8,1/321.9,1/250.4,6.369037192068287
2023-04-13,アイムジャグラーEX-TP,160,2179,-929,4,5,1/242.1,1/544.8,1/435.8,5.625114248032326
2023-04-13,アイムジャグラーEX-TP,161,3661,620,15,13,1/130.8,1/244.1,1/281.6,6.014976420503798
2023-04-13,アイムジャグラーEX-TP,162,490,31,2,1,1/163.3,1/245.0,1/490.0,5.832232846540266
2023-04-13,アイムジャグラーEX-TP,163,3645,-1066,9,11,1/182.2,1/405.0,1/331.4,6.023889307191582
2023-04-13,アイムジャグラーEX-TP,164,4772,3052,29,20,1/97.4,1/164.6,1/238.6,6.4422357511873
2023-04-13,アイムジャグラーEX-TP,165,2301,70,10,6,1/143.8,1/230.1,1/383.5,6.565693285278888
2023-04-13,アイムジャグラーEX-TP,166,1104,-152,3,4,1/157.7,1/368.0,1/276.0,5.87032921327326
2023-04-13,アイムジャグラーEX-TP,167,2404,-357,7,9,1/150.2,1/343.4,1/267.1,6.193718703556771
2023-04-13,アイムジャグラーEX-TP,168,4648,253,18,12,1/154.9,1/258.2,1/387.3,5.86578789558322
2023-04-13,アイムジャグラーEX-TP,169,1698,-798,3,4,1/242.6,1/566.0,1/424.5,5.755109515361821
2023-04-13,アイムジャグラーEX-TP,170,5565,-193,19,20,1/142.7,1/292.9,1/278.2,6.184749984677046
2023-04-13,アイムジャグラーEX-TP,171,1439,-149,5,2,1/205.6,1/287.8,1/719.5,5.636223266666486
2023-04-13,アイムジャグラーEX-TP,172,5695,110,23,18,1/138.9,1/247.6,1/316.4,6.4941614409763115
2023-04-13,アイムジャグラーEX-TP,173,1920,-65,7,7,1/137.1,1/274.3,1/274.3,6.497807159297465
2023-04-13,アイムジャグラーEX-TP,174,2160,-70,9,3,1/180.0,1/240.0,1/720.0,6.07558363575301
2023-04-13,アイムジャグラーEX-TP,175,4967,614,16,24,1/124.2,1/310.4,1/207.0,5.787218549747033
2023-04-13,アイムジャグラーEX-TP,176,2116,-1216,5,3,1/264.5,1/423.2,1/705.3,6.531052872391623
2023-04-13,アイムジャグラーEX-TP,177,3921,723,19,11,1/130.7,1/206.4,1/356.5,6.514583945373593
2023-04-13,アイムジャグラーEX-TP,178,3548,-1034,9,10,1/186.7,1/394.2,1/354.8,6.010083965514382
2023-04-13,マイジャグラーV,117,3026,-758,9,4,1/232.8,1/336.2,1/756.5,5.545763593985429
2023-04-13,マイジャグラーV,118,4295,-960,12,13,1/171.8,1/357.9,1/330.4,5.924774997573661
2023-04-13,マイジャグラーV,119,4652,-355,17,12,1/160.4,1/273.6,1/387.7,5.996027992350991
2023-04-13,マイジャグラーV,120,3739,-468,13,7,1/186.9,1/287.6,1/534.1,5.733946196181428
2023-04-13,ファンキージャグラー2,113,1020,-170,4,1,1/204.0,1/255.0,1/1020.0,6.013158205013323
2023-04-13,ファンキージャグラー2,114,3576,-289,12,9,1/170.3,1/298.0,1/397.3,5.692702475983315
2023-04-13,ファンキージャグラー2,115,671,234,4,1,1/134.2,1/167.8,1/671.0,6.110361923976306
2023-04-13,ファンキージャグラー2,116,3121,730,13,12,1/124.8,1/240.1,1/260.1,5.71504080492898
2023-04-13,ハッピージャグラーVIII,109,3311,-687,7,14,1/157.7,1/473.0,1/236.5,5.876332615600505
2023-04-13,ハッピージャグラーVIII,110,1407,-603,3,5,1/175.9,1/469.0,1/281.4,6.6635799657124
2023-04-13,ハッピージャグラーVIII,111,2837,-337,9,6,1/189.1,1/315.2,1/472.8,5.71959792154005
2023-04-13,ハッピージャグラーVIII,112,4130,-720,13,10,1/179.6,1/317.7,1/413.0,6.061785816044981
2023-04-12,アイムジャグラーEX-TP,121,2614,-723,7,9,1/163.4,1/373.4,1/290.4,6.395051336066651
2023-04-12,アイムジャグラーEX-TP,122,2870,868,14,8,1/130.5,1/205.0,1/358.8,5.971735588194107
2023-04-12,アイムジャグラーEX-TP,123,5005,-280,15,23,1/131.7,1/333.7,1/217.6,6.241872626638617
2023-04-12,アイムジャグラーEX-TP,124,3072,-833,5,16,1/146.3,1/614.4,1/192.0,5.916582769766947
2023-04-12,アイムジャグラーEX-TP,125,1319,-990,2,1,1/439.7,1/659.5,1/1319.0,6.039708864969281
2023-04-12,アイムジャグラーEX-TP,126,4961,1068,23,15,1/130.6,1/215.7,1/330.7,6.197864881148538
2023-04-12,アイムジャグラーEX-TP,127,1937,-414,6,5,1/176.1,1/322.8,1/387.4,6.199377418641332
2023-04-12,アイムジャグラーEX-TP,128,3999,944,19,14,1/121.2,1/210.5,1/285.6,6.466293913416114
2023-04-12,アイムジャグラーEX-TP,129,5620,192,18,25,1/130.7,1/312.2,1/224.8,5.996738819776711
2023-04-12,アイムジャグラーEX-TP,130,1400,-1089,1,6,1/200.0,1/1400.0,1/233.3,6.880037938494917
2023-04-12,アイムジャグラーEX-TP,131,6634,-500,22,17,1/170.1,1/301.5,1/390.2,5.815392699294293
2023-04-12,アイムジャグラーEX-TP,132,3010,-1479,8,3,1/273.6,1/376.2,1/1003.3,6.278201718621218
2023-04-12,アイムジャグラーEX-TP,145,1779,-135,7,3,1/177.9,1/254.1,1/593.0,6.138765923782821
2023-04-12,アイムジャグラーEX-TP,146,3122,586,11,16,1/115.6,1/283.8,1/195.1,5.958491377927469
2023-04-12,アイムジャグラーEX-TP,147,837,-341,2,1,1/279.0,1/418.5,1/837.0,5.68684713788865
2023-04-12,アイムジャグラーEX-TP,148,4933,557,21,15,1/137.0,1/234.9,1/328.9,6.24015433180559
2023-04-12,アイムジャグラーEX-TP,149,2476,349,9,10,1/130.3,1/275.1,1/247.6,5.833826102361642
2023-04-12,アイムジャグラーEX-TP,150,599,-263,2,0,1/299.5,1/299.5,1/0.0,6.398174074342296
2023-04-12,アイムジャグラーEX-TP,151,5354,1114,26,13,1/137.3,1/205.9,1/411.8,6.22569425415514
2023-04-12,アイムジャグラーEX-TP,152,407,18,2,0,1/203.5,1/203.5,1/0.0,5.979509821234695
2023-04-12,アイムジャグラーEX-TP,153,3079,-1823,5,5,1/307.9,1/615.8,1/615.8,5.824273111232115
2023-04-12,アイムジャグラーEX-TP,154,1176,-363,3,3,1/196.0,1/392.0,1/392.0,5.98928834114742
2023-04-12,アイムジャグラーEX-TP,155,4156,192,16,13,1/143.3,1/259.8,1/319.7,6.110138420657714
2023-04-12,アイムジャグラーEX-TP,156,1510,-227,4,6,1/151.0,1/377.5,1/251.7,5.9972301534377435
2023-04-12,アイムジャグラーEX-TP,157,6269,-2045,16,17,1/190.0,1/391.8,1/368.8,6.141721963472753
2023-04-12,アイムジャグラーEX-TP,158,1266,17,5,4,1/140.7,1/253.2,1/316.5,6.407680632694184
2023-04-12,アイムジャグラーEX-TP,159,2360,433,11,6,1/138.8,1/214.5,1/393.3,6.160703249496866
2023-04-12,アイムジャグラーEX-TP,160,5738,561,24,19,1/133.4,1/239.1,1/302.0,6.350198718169558
2023-04-12,アイムジャグラーEX-TP,161,1173,-210,5,3,1/146.6,1/234.6,1/391.0,7.731606093850229
2023-04-12,アイムジャグラーEX-TP,162,7746,-221,33,13,1/168.4,1/234.7,1/595.8,6.301488698638779
2023-04-12,アイムジャグラーEX-TP,163,4249,1007,15,23,1/111.8,1/283.3,1/184.7,5.870475454352556
2023-04-12,アイムジャグラーEX-TP,164,595,-200,2,2,1/148.8,1/297.5,1/297.5,7.78604217810277
2023-04-12,アイムジャグラーEX-TP,165,8298,5343,50,30,1/103.7,1/166.0,1/276.6,6.088599825433723
2023-04-12,アイムジャグラーEX-TP,166,885,-818,1,1,1/442.5,1/885.0,1/885.0,6.5979338402435195
2023-04-12,アイムジャグラーEX-TP,167,965,294,6,0,1/160.8,1/160.8,1/0.0,6.295212181268188
2023-04-12,アイムジャグラーEX-TP,168,4296,-1785,9,13,1/195.3,1/477.3,1/330.5,6.162273135182973
2023-04-12,アイムジャグラーEX-TP,169,7239,1869,33,31,1/113.1,1/219.4,1/233.5,6.486916268938677
2023-04-12,アイムジャグラーEX-TP,170,1984,762,10,6,1/124.0,1/198.4,1/330.7,5.891202320753637
2023-04-12,アイムジャグラーEX-TP,171,4009,1285,19,15,1/117.9,1/211.0,1/267.3,6.145786267121778
2023-04-12,アイムジャグラーEX-TP,172,1446,-594,3,5,1/180.8,1/482.0,1/289.2,6.314580339803028
2023-04-12,アイムジャグラーEX-TP,173,2644,-625,7,11,1/146.9,1/377.7,1/240.4,6.50154992130518
2023-04-12,アイムジャグラーEX-TP,174,1327,-895,2,3,1/265.4,1/663.5,1/442.3,6.349925492452991
2023-04-12,アイムジャグラーEX-TP,175,1468,-875,3,0,1/489.3,1/489.3,1/0.0,5.638499149827251
2023-04-12,アイムジャグラーEX-TP,176,4541,-7,17,13,1/151.4,1/267.1,1/349.3,6.090600070168648
2023-04-12,アイムジャグラーEX-TP,177,1364,-751,3,4,1/194.9,1/454.7,1/341.0,6.981988772409227
2023-04-12,アイムジャグラーEX-TP,178,3960,-1900,8,12,1/198.0,1/495.0,1/330.0,6.388195131614564
2023-04-12,マイジャグラーV,117,6287,-289,23,20,1/146.2,1/273.3,1/314.4,6.124179419651957
2023-04-12,マイジャグラーV,118,2308,248,10,8,1/128.2,1/230.8,1/288.5,6.2931940483344295
2023-04-12,マイジャグラーV,119,5442,-652,17,16,1/164.9,1/320.1,1/340.1,5.783290585168236
2023-04-12,マイジャグラーV,120,3701,-730,12,6,1/205.6,1/308.4,1/616.8,5.701530578078952
2023-04-12,ファンキージャグラー2,113,2510,-261,9,4,1/193.1,1/278.9,1/627.5,5.6534921716870965
2023-04-12,ファンキージャグラー2,114,2279,1226,13,4,1/134.1,1/175.3,1/569.8,5.2126318950687365
2023-04-12,ファンキージャグラー2,115,1380,-674,4,1,1/276.0,1/345.0,1/1380.0,6.260789086265053
2023-04-12,ファンキージャグラー2,116,1282,-1342,0,1,1/1282.0,1/0.0,1/1282.0,5.683432163504629
2023-04-12,ハッピージャグラーVIII,109,1881,-755,6,1,1/268.7,1/313.5,1/1881.0,6.331882809842846
2023-04-12,ハッピージャグラーVIII,110,3927,462,17,10,1/145.4,1/231.0,1/392.7,6.07631590506441
2023-04-12,ハッピージャグラーVIII,111,1481,-551,3,5,1/185.1,1/493.7,1/296.2,6.155686817067774
2023-04-12,ハッピージャグラーVIII,112,5966,-200,20,20,1/149.2,1/298.3,1/298.3,6.049582698193483
2023-04-11,アイムジャグラーEX-TP,121,5616,-561,20,15,1/160.5,1/280.8,1/374.4,6.2536406494392445
2023-04-11,アイムジャグラーEX-TP,122,1345,-258,5,2,1/192.1,1/269.0,1/672.5,6.344936705128619
2023-04-11,アイムジャグラーEX-TP,123,5006,405,18,19,1/135.3,1/278.1,1/263.5,5.951093165052999
2023-04-11,アイムジャグラーEX-TP,124,4933,964,22,14,1/137.0,1/224.2,1/352.4,6.001944372037719
2023-04-11,アイムジャグラーEX-TP,125,1416,-733,2,4,1/236.0,1/708.0,1/354.0,5.768992431619718
2023-04-11,アイムジャグラーEX-TP,126,3698,-1674,5,13,1/205.4,1/739.6,1/284.5,5.709844008852759
2023-04-11,アイムジャグラーEX-TP,127,4018,275,15,13,1/143.5,1/267.9,1/309.1,5.923207166956843
2023-04-11,アイムジャグラーEX-TP,128,1533,-400,5,1,1/255.5,1/306.6,1/1533.0,5.772884554133352
2023-04-11,アイムジャグラーEX-TP,129,3495,-1150,8,8,1/218.4,1/436.9,1/436.9,5.689311809774156
2023-04-11,アイムジャグラーEX-TP,130,1723,-748,5,1,1/287.2,1/344.6,1/1723.0,6.107775762176328
2023-04-11,アイムジャグラーEX-TP,131,2954,-532,9,11,1/147.7,1/328.2,1/268.5,6.514397082185227
2023-04-11,アイムジャグラーEX-TP,132,5843,552,22,23,1/129.8,1/265.6,1/254.0,6.145089722569338
2023-04-11,アイムジャグラーEX-TP,145,665,-170,2,2,1/166.2,1/332.5,1/332.5,6.501022566857886
2023-04-11,アイムジャグラーEX-TP,146,3218,-287,10,12,1/146.3,1/321.8,1/268.2,6.138828870931257
2023-04-11,アイムジャグラーEX-TP,147,5142,-240,18,17,1/146.9,1/285.7,1/302.5,6.214956790277227
2023-04-11,アイムジャグラーEX-TP,148,668,-340,2,1,1/222.7,1/334.0,1/668.0,7.114256341353095
2023-04-11,アイムジャグラーEX-TP,149,3019,1418,17,11,1/107.8,1/177.6,1/274.5,6.471600328368873
2023-04-11,アイムジャグラーEX-TP,150,1017,-245,2,3,1/203.4,1/508.5,1/339.0,5.289810072932282
2023-04-11,アイムジャグラーEX-TP,151,3983,2310,23,12,1/113.8,1/173.2,1/331.9,5.837449213788801
2023-04-11,アイムジャグラーEX-TP,152,828,-562,1,2,1/276.0,1/828.0,1/414.0,6.07874306863613
2023-04-11,アイムジャグラーEX-TP,153,3497,-129,10,15,1/139.9,1/349.7,1/233.1,5.863409912730765
2023-04-11,アイムジャグラーEX-TP,154,2493,-468,8,8,1/155.8,1/311.6,1/311.6,6.511047155024977
2023-04-11,アイムジャグラーEX-TP,155,2163,-473,6,4,1/216.3,1/360.5,1/540.8,5.5689003767233665
2023-04-11,アイムジャグラーEX-TP,156,4761,1079,22,16,1/125.3,1/216.4,1/297.6,6.280141480335797
2023-04-11,アイムジャグラーEX-TP,157,4374,-32,17,10,1/162.0,1/257.3,1/437.4,6.029858053915561
2023-04-11,アイムジャグラーEX-TP,158,6214,2707,35,18,1/117.2,1/177.5,1/345.2,6.284917055732599
2023-04-11,アイムジャグラーEX-TP,159,1723,-805,3,5,1/215.4,1/574.3,1/344.6,5.93806382312331
2023-04-11,アイムジャグラーEX-TP,160,3477,-372,9,13,1/158.0,1/386.3,1/267.5,5.654269197658714
2023-04-11,アイムジャグラーEX-TP,161,1830,-830,3,7,1/183.0,1/610.0,1/261.4,6.160771907688071
2023-04-11,アイムジャグラーEX-TP,162,5920,-418,20,17,1/160.0,1/296.0,1/348.2,5.990838368749357
2023-04-11,アイムジャグラーEX-TP,163,1504,-240,6,1,1/214.9,1/250.7,1/1504.0,6.139266400933855
2023-04-11,アイムジャグラーEX-TP,164,4636,1487,24,11,1/132.5,1/193.2,1/421.5,6.0497102709452015
2023-04-11,アイムジャグラーEX-TP,165,2176,-457,7,6,1/167.4,1/310.9,1/362.7,6.413264328259633
2023-04-11,アイムジャグラーEX-TP,166,4175,547,20,11,1/134.7,1/208.8,1/379.5,6.640177527333078
2023-04-11,アイムジャグラーEX-TP,167,4206,1093,22,9,1/135.7,1/191.2,1/467.3,6.2983354379946475
2023-04-11,アイムジャグラーEX-TP,168,4861,1866,28,8,1/135.0,1/173.6,1/607.6,6.115269701383618
2023-04-11,アイムジャグラーEX-TP,169,4093,1622,21,12,1/124.0,1/194.9,1/341.1,5.898582966682287
2023-04-11,アイムジャグラーEX-TP,170,5809,-375,20,17,1/157.0,1/290.4,1/341.7,6.060700213176184
2023-04-11,アイムジャグラーEX-TP,171,3793,-190,11,15,1/145.9,1/344.8,1/252.9,5.82707234151308
2023-04-11,アイムジャグラーEX-TP,172,4474,-1607,8,18,1/172.1,1/559.2,1/248.6,5.985080427896062
2023-04-11,アイムジャグラーEX-TP,173,3479,80,14,9,1/151.3,1/248.5,1/386.6,6.183136615452676
2023-04-11,アイムジャグラーEX-TP,174,1866,-423,6,5,1/169.6,1/311.0,1/373.2,6.459275462448296
2023-04-11,アイムジャグラーEX-TP,175,2995,-829,8,7,1/199.7,1/374.4,1/427.9,5.891945651276885
2023-04-11,アイムジャグラーEX-TP,176,2643,972,14,3,1/155.5,1/188.8,1/881.0,5.490379714287121
2023-04-11,アイムジャグラーEX-TP,177,3592,1218,15,21,1/99.8,1/239.5,1/171.0,6.342472167106202
2023-04-11,アイムジャグラーEX-TP,178,5754,-1130,18,16,1/169.2,1/319.7,1/359.6,6.244630231177427
2023-04-11,マイジャグラーV,117,5684,-887,20,10,1/189.5,1/284.2,1/568.4,5.860524476832583
2023-04-11,マイジャグラーV,118,862,-245,2,2,1/215.5,1/431.0,1/431.0,5.441417389491685
2023-04-11,マイジャグラーV,119,3994,847,18,10,1/142.6,1/221.9,1/399.4,5.610597801153481
2023-04-11,マイジャグラーV,120,7428,1435,34,23,1/130.3,1/218.5,1/323.0,5.998469590781425
2023-04-11,ファンキージャグラー2,113,3766,179,14,13,1/139.5,1/269.0,1/289.7,5.890893872363679
2023-04-11,ファンキージャグラー2,114,2762,-291,12,1,1/212.5,1/230.2,1/2762.0,5.928598064179649
2023-04-11,ファンキージャグラー2,115,3299,1484,20,6,1/126.9,1/164.9,1/549.8,5.904671547834965
2023-04-11,ファンキージャグラー2,116,2247,-289,8,5,1/172.8,1/280.9,1/449.4,5.98653449355853
2023-04-11,ハッピージャグラーVIII,109,6114,-1012,18,18,1/169.8,1/339.7,1/339.7,6.027093678794698
2023-04-11,ハッピージャグラーVIII,110,1163,-651,2,2,1/290.8,1/581.5,1/581.5,5.953459229202357
2023-04-11,ハッピージャグラーVIII,111,5546,335,20,22,1/132.0,1/277.3,1/252.1,6.169639671517305
2023-04-11,ハッピージャグラーVIII,112,6837,908,26,24,1/136.7,1/263.0,1/284.9,5.858102880543443
2023-04-10,アイムジャグラーEX-TP,121,5488,-279,22,10,1/171.5,1/249.5,1/548.8,6.169394022963365
2023-04-10,アイムジャグラーEX-TP,122,360,-393,0,1,1/360.0,1/0.0,1/360.0,6.8255308983251854
2023-04-10,アイムジャグラーEX-TP,123,6829,1041,32,15,1/145.3,1/213.4,1/455.3,6.181386015554156
2023-04-10,アイムジャグラーEX-TP,124,641,-631,0,1,1/641.0,1/0.0,1/641.0,5.733432593571454
2023-04-10,アイムジャグラーEX-TP,125,1343,684,7,4,1/122.1,1/191.9,1/335.8,5.53876170197445
2023-04-10,アイムジャグラーEX-TP,126,2085,-1148,4,4,1/260.6,1/521.2,1/521.2,6.093045628583135
2023-04-10,アイムジャグラーEX-TP,127,2816,505,13,5,1/156.4,1/216.6,1/563.2,5.802821844673379
2023-04-10,アイムジャグラーEX-TP,128,4095,1501,20,15,1/117.0,1/204.8,1/273.0,6.065857436352379
2023-04-10,アイムジャグラーEX-TP,129,4620,-350,17,12,1/159.3,1/271.8,1/385.0,6.246843197677904
2023-04-10,アイムジャグラーEX-TP,130,4024,391,16,12,1/143.7,1/251.5,1/335.3,5.959318822609204
2023-04-10,アイムジャグラーEX-TP,131,2899,-1294,6,9,1/193.3,1/483.2,1/322.1,6.317883329943384
2023-04-10,アイムジャグラーEX-TP,132,4091,-1513,10,9,1/215.3,1/409.1,1/454.6,5.993472755095407
2023-04-10,アイムジャグラーEX-TP,145,5717,-52,20,20,1/142.9,1/285.9,1/285.9,6.120652896478807
2023-04-10,アイムジャグラーEX-TP,146,451,-357,0,2,1/225.5,1/0.0,1/225.5,6.0866539787147955
2023-04-10,アイムジャグラーEX-TP,147,1470,42,6,3,1/163.3,1/245.0,1/490.0,5.983574477490464
2023-04-10,アイムジャグラーEX-TP,148,4939,1231,22,20,1/117.6,1/224.5,1/246.9,6.285841802505036
2023-04-10,アイムジャグラーEX-TP,149,638,429,5,0,1/127.6,1/127.6,1/0.0,6.49514131869897
2023-04-10,アイムジャグラーEX-TP,150,935,-720,1,3,1/233.8,1/935.0,1/311.7,6.757127866539859
2023-04-10,アイムジャグラーEX-TP,151,1806,147,7,5,1/150.5,1/258.0,1/361.2,5.8301651583131955
2023-04-10,アイムジャグラーEX-TP,152,822,-747,1,0,1/822.0,1/822.0,1/0.0,6.088725169834323
2023-04-10,アイムジャグラーEX-TP,153,1482,-1019,2,3,1/296.4,1/741.0,1/494.0,6.112221626351643
2023-04-10,アイムジャグラーEX-TP,154,3799,262,14,15,1/131.0,1/271.4,1/253.3,6.176184214229152
2023-04-10,アイムジャグラーEX-TP,155,1518,166,6,5,1/138.0,1/253.0,1/303.6,6.011167704173885
2023-04-10,アイムジャグラーEX-TP,156,1618,-717,3,4,1/231.1,1/539.3,1/404.5,5.7809670200119
2023-04-10,アイムジャグラーEX-TP,157,4636,-143,15,20,1/132.5,1/309.1,1/231.8,6.281266695199731
2023-04-10,アイムジャグラーEX-TP,158,2146,-915,5,7,1/178.8,1/429.2,1/306.6,6.634271471668136
2023-04-10,アイムジャグラーEX-TP,159,2628,-345,10,4,1/187.7,1/262.8,1/657.0,6.172772520507909
2023-04-10,アイムジャグラーEX-TP,160,2667,-246,9,9,1/148.2,1/296.3,1/296.3,6.315173621811033
2023-04-10,アイムジャグラーEX-TP,161,517,-504,0,1,1/517.0,1/0.0,1/517.0,5.8427037908524495
2023-04-10,アイムジャグラーEX-TP,162,1208,-243,3,4,1/172.6,1/402.7,1/302.0,5.764525710047125
2023-04-10,アイムジャグラーEX-TP,163,6846,1392,30,25,1/124.5,1/228.2,1/273.8,6.2363012142231495
2023-04-10,アイムジャグラーEX-TP,164,3412,-777,10,10,1/170.6,1/341.2,1/341.2,6.225385824307497
2023-04-10,アイムジャグラーEX-TP,165,3795,-940,10,12,1/172.5,1/379.5,1/316.2,6.072638355743956
2023-04-10,アイムジャグラーEX-TP,166,635,-230,2,0,1/317.5,1/317.5,1/0.0,5.819126874377421
2023-04-10,アイムジャグラーEX-TP,167,1037,-589,1,3,1/259.2,1/1037.0,1/345.7,5.545944486646628
2023-04-10,アイムジャグラーEX-TP,168,5521,172,20,17,1/149.2,1/276.1,1/324.8,5.899603578910467
2023-04-10,アイムジャグラーEX-TP,169,5495,-423,17,23,1/137.4,1/323.2,1/238.9,6.272725072681421
2023-04-10,アイムジャグラーEX-TP,170,1449,428,7,4,1/131.7,1/207.0,1/362.2,5.939176682554612
2023-04-10,アイムジャグラーEX-TP,171,1366,408,7,3,1/136.6,1/195.1,1/455.3,6.013696612263697
2023-04-10,アイムジャグラーEX-TP,172,3988,-981,10,12,1/181.3,1/398.8,1/332.3,5.8577711427568495
2023-04-10,アイムジャグラーEX-TP,173,2229,393,10,7,1/131.1,1/222.9,1/318.4,6.258213905751298
2023-04-10,アイムジャグラーEX-TP,174,2520,282,12,5,1/148.2,1/210.0,1/504.0,6.375476879978232
2023-04-10,アイムジャグラーEX-TP,175,2919,-198,10,11,1/139.0,1/291.9,1/265.4,6.447416087012154
2023-04-10,アイムジャグラーEX-TP,176,2952,-892,8,5,1/227.1,1/369.0,1/590.4,5.780654362632627
2023-04-10,アイムジャグラーEX-TP,177,519,-430,1,0,1/519.0,1/519.0,1/0.0,6.58057315904662
2023-04-10,アイムジャグラーEX-TP,178,5082,-247,19,12,1/163.9,1/267.5,1/423.5,6.081518701453831
2023-04-10,マイジャグラーV,117,1979,-571,5,2,1/282.7,1/395.8,1/989.5,5.190532286823843
2023-04-10,マイジャグラーV,118,6270,1930,31,17,1/130.6,1/202.3,1/368.8,5.725750848723277
2023-04-10,マイジャグラーV,119,1805,-797,4,4,1/225.6,1/451.2,1/451.2,5.936019290253934
2023-04-10,マイジャグラーV,120,4672,-1109,12,13,1/186.9,1/389.3,1/359.4,5.659269324130496
2023-04-10,ファンキージャグラー2,113,3602,1089,17,11,1/128.6,1/211.9,1/327.5,5.669787528962332
2023-04-10,ファンキージャグラー2,114,410,-389,0,1,1/410.0,1/0.0,1/410.0,5.936468923128157
2023-04-10,ファンキージャグラー2,115,4081,278,17,10,1/151.1,1/240.1,1/408.1,5.853125384835195
2023-04-10,ファンキージャグラー2,116,2315,-1025,5,6,1/210.5,1/463.0,1/385.8,6.04993384109875
2023-04-10,ハッピージャグラーVIII,109,1814,215,9,3,1/151.2,1/201.6,1/604.7,6.3933340153124565
2023-04-10,ハッピージャグラーVIII,110,1769,-525,4,7,1/160.8,1/442.2,1/252.7,6.334965225508334
2023-04-10,ハッピージャグラーVIII,111,1034,-473,2,3,1/206.8,1/517.0,1/344.7,6.2424054632518375
2023-04-10,ハッピージャグラーVIII,112,4169,-1268,11,10,1/198.5,1/379.0,1/416.9,6.087608076170739
2023-04-09,アイムジャグラーEX-TP,121,3950,-935,12,8,1/197.5,1/329.2,1/493.8,5.990675778560357
2023-04-09,アイムジャグラーEX-TP,122,8450,951,33,34,1/126.1,1/256.1,1/248.5,6.267642811857416
2023-04-09,アイムジャグラーEX-TP,123,3079,-196,12,6,1/171.1,1/256.6,1/513.2,6.154619144611481
2023-04-09,アイムジャグラーEX-TP,124,5638,491,22,20,1/134.2,1/256.3,1/281.9,6.167504836918724
2023-04-09,アイムジャグラーEX-TP,125,5568,12,21,18,1/142.8,1/265.1,1/309.3,6.27474335674225
2023-04-09,アイムジャグラーEX-TP,126,2991,1074,15,10,1/119.6,1/199.4,1/299.1,6.111947459566279
2023-04-09,アイムジャグラーEX-TP,127,4437,131,17,12,1/153.0,1/261.0,1/369.8,5.9808868003877205
2023-04-09,アイムジャグラーEX-TP,128,3681,-433,11,12,1/160.0,1/334.6,1/306.8,5.928734485451319
2023-04-09,アイムジャグラーEX-TP,129,4410,433,18,13,1/142.3,1/245.0,1/339.2,6.059626310677591
2023-04-09,アイムジャグラーEX-TP,130,4432,1834,21,16,1/119.8,1/211.0,1/277.0,5.682721333180785
2023-04-09,アイムジャグラーEX-TP,131,4499,-1101,13,11,1/187.5,1/346.1,1/409.0,6.03901566541335
2023-04-09,アイムジャグラーEX-TP,132,4603,-242,16,16,1/143.8,1/287.7,1/287.7,6.292703367787035
2023-04-09,アイムジャグラーEX-TP,145,4921,1032,23,11,1/144.7,1/214.0,1/447.4,5.922348705532951
2023-04-09,アイムジャグラーEX-TP,146,3420,373,13,13,1/131.5,1/263.1,1/263.1,6.059325044342034
2023-04-09,アイムジャグラーEX-TP,147,1491,-671,4,3,1/213.0,1/372.8,1/497.0,6.597435920467755
2023-04-09,アイムジャグラーEX-TP,148,2987,-813,9,3,1/248.9,1/331.9,1/995.7,5.700256795900731
2023-04-09,アイムジャグラーEX-TP,149,5123,1198,22,17,1/131.4,1/232.9,1/301.4,5.851652644117164
2023-04-09,アイムジャグラーEX-TP,150,3685,-90,12,13,1/147.4,1/307.1,1/283.5,5.927285159437135
2023-04-09,アイムジャグラーEX-TP,151,3716,-1462,8,14,1/168.9,1/464.5,1/265.4,6.477059409450448
2023-04-09,アイムジャグラーEX-TP,152,840,-432,1,4,1/168.0,1/840.0,1/210.0,6.342382176093976
2023-04-09,アイムジャグラーEX-TP,153,4834,-1206,11,20,1/155.9,1/439.5,1/241.7,6.092814385031409
2023-04-09,アイムジャグラーEX-TP,154,1744,-601,5,4,1/193.8,1/348.8,1/436.0,6.4261169182598294
2023-04-09,アイムジャグラーEX-TP,155,1929,-1464,3,3,1/321.5,1/643.0,1/643.0,6.5014364837966605
2023-04-09,アイムジャグラーEX-TP,156,5924,-291,20,21,1/144.5,1/296.2,1/282.1,6.185719589698838
2023-04-09,アイムジャグラーEX-TP,157,4132,-620,14,11,1/165.3,1/295.1,1/375.6,6.282298742979224
2023-04-09,アイムジャグラーEX-TP,158,5958,-388,22,14,1/165.5,1/270.8,1/425.6,6.099250592716532
2023-04-09,アイムジャグラーEX-TP,159,2757,-1051,7,9,1/172.3,1/393.9,1/306.3,6.676397045162763
2023-04-09,アイムジャグラーEX-TP,160,5846,1355,28,16,1/132.9,1/208.8,1/365.4,6.172723228098997
2023-04-09,アイムジャグラーEX-TP,161,2904,-317,10,7,1/170.8,1/290.4,1/414.9,6.040575318205089
2023-04-09,アイムジャグラーEX-TP,162,5197,1305,24,14,1/136.8,1/216.5,1/371.2,5.871338623857194
2023-04-09,アイムジャグラーEX-TP,163,4322,-1190,11,16,1/160.1,1/392.9,1/270.1,6.344628754294973
2023-04-09,アイムジャグラーEX-TP,164,2582,-1360,6,2,1/322.8,1/430.3,1/1291.0,5.952528058492834
2023-04-09,アイムジャグラーEX-TP,165,4017,518,16,11,1/148.8,1/251.1,1/365.2,5.731906613214723
2023-04-09,アイムジャグラーEX-TP,166,2515,-94,8,9,1/147.9,1/314.4,1/279.4,5.9220453967752755
2023-04-09,アイムジャグラーEX-TP,167,3401,-675,11,11,1/154.6,1/309.2,1/309.2,6.616222557509876
2023-04-09,アイムジャグラーEX-TP,168,5270,-927,18,11,1/181.7,1/292.8,1/479.1,6.175482969347984
2023-04-09,アイムジャグラーEX-TP,169,6171,-440,19,22,1/150.5,1/324.8,1/280.5,5.952963255553766
2023-04-09,アイムジャグラーEX-TP,170,2233,-193,7,9,1/139.6,1/319.0,1/248.1,6.2973727124152035
2023-04-09,アイムジャグラーEX-TP,171,4865,590,24,9,1/147.4,1/202.7,1/540.6,6.4833960094930765
2023-04-09,アイムジャグラーEX-TP,172,4200,-1074,10,15,1/168.0,1/420.0,1/280.0,5.996044751908294
2023-04-09,アイムジャグラーEX-TP,173,7014,-560,22,24,1/152.5,1/318.8,1/292.2,5.9947843837422345
2023-04-09,アイムジャグラーEX-TP,174,6471,983,25,23,1/134.8,1/258.8,1/281.3,5.835145164993847
2023-04-09,アイムジャグラーEX-TP,175,3670,1031,19,6,1/146.8,1/193.2,1/611.7,5.913769664794805
2023-04-09,アイムジャグラーEX-TP,176,2447,685,12,7,1/128.8,1/203.9,1/349.6,6.136582778050332
2023-04-09,アイムジャグラーEX-TP,177,5961,1815,32,14,1/129.6,1/186.3,1/425.8,6.347553706469822
2023-04-09,アイムジャグラーEX-TP,178,4816,-1695,14,6,1/240.8,1/344.0,1/802.7,6.027167507600038
2023-04-09,マイジャグラーV,117,5857,1082,27,15,1/139.5,1/216.9,1/390.5,5.84617419347516
2023-04-09,マイジャグラーV,118,5897,-543,21,14,1/168.5,1/280.8,1/421.2,5.880985041209174
2023-04-09,マイジャグラーV,119,4543,-1542,12,10,1/206.5,1/378.6,1/454.3,5.9281995695958125
2023-04-09,マイジャグラーV,120,7499,968,27,35,1/121.0,1/277.7,1/214.3,5.90999193989286
2023-04-09,ファンキージャグラー2,113,4360,626,19,9,1/155.7,1/229.5,1/484.4,5.582468488181748
2023-04-09,ファンキージャグラー2,114,4240,-117,13,18,1/136.8,1/326.2,1/235.6,5.868575060839752
2023-04-09,ファンキージャグラー2,115,647,-418,2,0,1/323.5,1/323.5,1/0.0,6.998671793797709
2023-04-09,ファンキージャグラー2,116,3505,-83,13,13,1/134.8,1/269.6,1/269.6,6.327295136613952
2023-04-09,ハッピージャグラーVIII,109,5561,1337,25,18,1/129.3,1/222.4,1/308.9,5.999853024639763
2023-04-09,ハッピージャグラーVIII,110,4156,-93,16,12,1/148.4,1/259.8,1/346.3,6.355314857605241
2023-04-09,ハッピージャグラーVIII,111,5957,1368,26,24,1/119.1,1/229.1,1/248.2,6.258875665798471
2023-04-09,ハッピージャグラーVIII,112,2328,-1407,5,2,1/332.6,1/465.6,1/1164.0,6.255461437014919
2023-04-08,アイムジャグラーEX-TP,121,5672,-529,19,14,1/171.9,1/298.5,1/405.1,5.889636008968736
2023-04-08,アイムジャグラーEX-TP,122,3122,-1189,7,11,1/173.4,1/446.0,1/283.8,6.407528061463341
2023-04-08,アイムジャグラーEX-TP,123,5709,-198,20,19,1/146.4,1/285.4,1/300.5,6.17070037968128
2023-04-08,アイムジャグラーEX-TP,124,3633,-327,12,12,1/151.4,1/302.8,1/302.8,6.183321228796978
2023-04-08,アイムジャグラーEX-TP,125,5473,91,19,20,1/140.3,1/288.1,1/273.6,6.039384533638297
2023-04-08,アイムジャグラーEX-TP,126,5045,1142,23,14,1/136.4,1/219.3,1/360.4,5.9483065631044285
2023-04-08,アイムジャグラーEX-TP,127,7786,1759,32,29,1/127.6,1/243.3,1/268.5,5.852897912508257
2023-04-08,アイムジャグラーEX-TP,128,2693,-1110,6,7,1/207.2,1/448.8,1/384.7,6.1126127579012435
2023-04-08,アイムジャグラーEX-TP,129,5186,0,19,14,1/157.2,1/272.9,1/370.4,5.9229500942115685
2023-04-08,アイムジャグラーEX-TP,130,4676,772,20,15,1/133.6,1/233.8,1/311.7,6.091839112548799
2023-04-08,アイムジャグラーEX-TP,131,5227,-1415,14,13,1/193.6,1/373.4,1/402.1,5.9357436389229115
2023-04-08,アイムジャグラーEX-TP,132,6771,1297,30,22,1/130.2,1/225.7,1/307.8,6.167189922962862
2023-04-08,アイムジャグラーEX-TP,145,4957,-1838,14,9,1/215.5,1/354.1,1/550.8,6.274552255254709
2023-04-08,アイムジャグラーEX-TP,146,4849,-706,14,17,1/156.4,1/346.4,1/285.2,6.045123047426191
2023-04-08,アイムジャグラーEX-TP,147,5827,-394,19,18,1/157.5,1/306.7,1/323.7,5.938139223184796
2023-04-08,アイムジャグラーEX-TP,148,2744,-1795,6,5,1/249.5,1/457.3,1/548.8,6.9491223200262775
2023-04-08,アイムジャグラーEX-TP,149,2312,-617,8,3,1/210.2,1/289.0,1/770.7,6.30676067559046
2023-04-08,アイムジャグラーEX-TP,150,5941,1747,26,23,1/121.2,1/228.5,1/258.3,5.908136639835942
2023-04-08,アイムジャグラーEX-TP,151,5076,447,20,16,1/141.0,1/253.8,1/317.2,6.032307498799956
2023-04-08,アイムジャグラーEX-TP,152,4379,741,22,6,1/156.4,1/199.0,1/729.8,6.131428822022445
2023-04-08,アイムジャグラーEX-TP,153,1880,-589,6,3,1/208.9,1/313.3,1/626.7,6.3433375301709205
2023-04-08,アイムジャグラーEX-TP,154,3377,540,15,9,1/140.7,1/225.1,1/375.2,6.068097676355235
2023-04-08,アイムジャグラーEX-TP,155,6289,304,21,26,1/133.8,1/299.5,1/241.9,5.952776413632716
2023-04-08,アイムジャグラーEX-TP,156,3152,-99,12,8,1/157.6,1/262.7,1/394.0,6.160363968062422
2023-04-08,アイムジャグラーEX-TP,157,6572,-992,22,17,1/168.5,1/298.7,1/386.6,6.201924176230035
2023-04-08,アイムジャグラーEX-TP,158,3405,-2033,5,9,1/243.2,1/681.0,1/378.3,6.104297981530062
2023-04-08,アイムジャグラーEX-TP,159,4638,-464,15,13,1/165.6,1/309.2,1/356.8,5.931564327188465
2023-04-08,アイムジャグラーEX-TP,160,2788,-668,7,10,1/164.0,1/398.3,1/278.8,6.077870823314094
2023-04-08,アイムジャグラーEX-TP,161,8172,3007,40,34,1/110.4,1/204.3,1/240.4,6.298307739046406
2023-04-08,アイムジャグラーEX-TP,162,6904,-297,21,26,1/146.9,1/328.8,1/265.5,5.872139387169958
2023-04-08,アイムジャグラーEX-TP,163,5979,-570,18,19,1/161.6,1/332.2,1/314.7,5.82282082391483
2023-04-08,アイムジャグラーEX-TP,164,4323,238,18,16,1/127.1,1/240.2,1/270.2,6.752804944596538
2023-04-08,アイムジャグラーEX-TP,165,6075,890,26,19,1/135.0,1/233.7,1/319.7,6.14622398003666
2023-04-08,アイムジャグラーEX-TP,166,7934,2169,36,26,1/128.0,1/220.4,1/305.2,5.927978749174966
2023-04-08,アイムジャグラーEX-TP,167,5991,2956,32,18,1/119.8,1/187.2,1/332.8,5.740797997177302
2023-04-08,アイムジャグラーEX-TP,168,5821,-285,18,21,1/149.3,1/323.4,1/277.2,5.887528542654426
2023-04-08,アイムジャグラーEX-TP,169,4745,1215,23,13,1/131.8,1/206.3,1/365.0,6.127642473175906
2023-04-08,アイムジャグラーEX-TP,170,6284,1073,25,22,1/133.7,1/251.4,1/285.6,5.856331931973244
2023-04-08,アイムジャグラーEX-TP,171,3238,-1502,5,12,1/190.5,1/647.6,1/269.8,6.044639193750418
2023-04-08,アイムジャグラーEX-TP,172,5426,372,19,18,1/146.6,1/285.6,1/301.4,5.709765105251459
2023-04-08,アイムジャグラーEX-TP,173,4429,-444,15,13,1/158.2,1/295.3,1/340.7,6.165379505070227
2023-04-08,アイムジャグラーEX-TP,174,6682,1470,27,27,1/123.7,1/247.5,1/247.5,5.933796977010169
2023-04-08,アイムジャグラーEX-TP,175,4833,367,19,15,1/142.1,1/254.4,1/322.2,6.056513777434734
2023-04-08,アイムジャグラーEX-TP,176,4989,208,17,19,1/138.6,1/293.5,1/262.6,5.920969055536956
2023-04-08,アイムジャグラーEX-TP,177,5707,1304,25,19,1/129.7,1/228.3,1/300.4,5.974256700714591
2023-04-08,アイムジャグラーEX-TP,178,5407,-249,19,17,1/150.2,1/284.6,1/318.1,6.154260949860951
2023-04-08,マイジャグラーV,117,7838,619,31,24,1/142.5,1/252.8,1/326.6,5.8326349981388015
2023-04-08,マイジャグラーV,118,8186,1999,33,34,1/122.2,1/248.1,1/240.8,5.655185375548307
2023-04-08,マイジャグラーV,119,6774,-466,22,22,1/154.0,1/307.9,1/307.9,5.816583006453039
2023-04-08,マイジャグラーV,120,6363,241,25,18,1/148.0,1/254.5,1/353.5,5.886888754648818
2023-04-08,ファンキージャグラー2,113,4943,-278,19,10,1/170.4,1/260.2,1/494.3,5.881798138752398
2023-04-08,ファンキージャグラー2,114,8072,2522,40,25,1/124.2,1/201.8,1/322.9,5.8799445994417034
2023-04-08,ファンキージャグラー2,115,6597,1668,33,18,1/129.4,1/199.9,1/366.5,6.038385970185023
2023-04-08,ファンキージャグラー2,116,3384,-1414,10,3,1/260.3,1/338.4,1/1128.0,6.063333344382551
2023-04-08,ハッピージャグラーVIII,109,6837,2370,35,18,1/129.0,1/195.3,1/379.8,5.935081884240056
2023-04-08,ハッピージャグラーVIII,110,3318,-691,12,5,1/195.2,1/276.5,1/663.6,6.344569496436128
2023-04-08,ハッピージャグラーVIII,111,7155,-383,28,15,1/166.4,1/255.5,1/477.0,6.21063660489973
2023-04-08,ハッピージャグラーVIII,112,6981,861,32,17,1/142.5,1/218.2,1/410.6,6.290128245835078
2023-04-07,アイムジャグラーEX-TP,121,6258,953,26,23,1/127.7,1/240.7,1/272.1,6.217603792925101
2023-04-07,アイムジャグラーEX-TP,122,2102,-450,7,3,1/210.2,1/300.3,1/700.7,5.963060006369297
2023-04-07,アイムジャグラーEX-TP,123,2208,361,11,4,1/147.2,1/200.7,1/552.0,6.3113200986360996
2023-04-07,アイムジャグラーEX-TP,124,1721,-625,3,6,1/191.2,1/573.7,1/286.8,5.734304324428479
2023-04-07,アイムジャグラーEX-TP,125,3350,-1311,7,8,1/223.3,1/478.6,1/418.8,5.778200745905346
2023-04-07,アイムジャグラーEX-TP,126,3734,547,15,13,1/133.4,1/248.9,1/287.2,5.997494094700914
2023-04-07,アイムジャグラーEX-TP,127,1031,-489,3,2,1/206.2,1/343.7,1/515.5,7.028859022563182
2023-04-07,アイムジャグラーEX-TP,128,3168,-518,10,8,1/176.0,1/316.8,1/396.0,6.009649357068058
2023-04-07,アイムジャグラーEX-TP,129,2153,-332,7,5,1/179.4,1/307.6,1/430.6,5.987888723278664
2023-04-07,アイムジャグラーEX-TP,130,3686,808,19,8,1/136.5,1/194.0,1/460.8,6.422109731344821
2023-04-07,アイムジャグラーEX-TP,131,901,-931,1,1,1/450.5,1/901.0,1/901.0,7.20428028600273
2023-04-07,アイムジャグラーEX-TP,132,5791,887,26,16,1/137.9,1/222.7,1/361.9,6.200213203394166
2023-04-07,アイムジャグラーEX-TP,145,584,-218,2,0,1/292.0,1/292.0,1/0.0,6.179576373109278
2023-04-07,アイムジャグラーEX-TP,146,4446,566,20,10,1/148.2,1/222.3,1/444.6,6.101474352797017
2023-04-07,アイムジャグラーEX-TP,147,713,-452,1,2,1/237.7,1/713.0,1/356.5,6.27542681043643
2023-04-07,アイムジャグラーEX-TP,148,1324,-955,1,5,1/220.7,1/1324.0,1/264.8,6.361578067277628
2023-04-07,アイムジャグラーEX-TP,149,782,177,5,0,1/156.4,1/156.4,1/0.0,6.967397480136458
2023-04-07,アイムジャグラーEX-TP,150,521,-318,1,1,1/260.5,1/521.0,1/521.0,6.385246819816178
2023-04-07,アイムジャグラーEX-TP,151,3833,260,15,13,1/136.9,1/255.5,1/294.8,6.202201945119266
2023-04-07,アイムジャグラーEX-TP,152,8650,1817,36,31,1/129.1,1/240.3,1/279.0,5.9199854087758474
2023-04-07,アイムジャグラーEX-TP,153,3406,-58,13,9,1/154.8,1/262.0,1/378.4,6.150848493838515
2023-04-07,アイムジャグラーEX-TP,154,885,-302,2,2,1/221.2,1/442.5,1/442.5,5.6978993100713105
2023-04-07,アイムジャグラーEX-TP,155,1866,311,9,3,1/155.5,1/207.3,1/622.0,6.014879768162165
2023-04-07,アイムジャグラーEX-TP,156,2239,-1193,5,4,1/248.8,1/447.8,1/559.8,6.327856266150483
2023-04-07,アイムジャグラーEX-TP,157,3965,-1203,11,8,1/208.7,1/360.5,1/495.6,5.98938210195892
2023-04-07,アイムジャグラーEX-TP,158,3933,-1064,9,14,1/171.0,1/437.0,1/280.9,5.9533038467440065
2023-04-07,アイムジャグラーEX-TP,159,4524,945,19,15,1/133.1,1/238.1,1/301.6,5.85572351541294
2023-04-07,アイムジャグラーEX-TP,160,3111,1445,17,8,1/124.4,1/183.0,1/388.9,5.818551093247023
2023-04-07,アイムジャグラーEX-TP,161,1469,-127,6,2,1/183.6,1/244.8,1/734.5,6.220944926385344
2023-04-07,アイムジャグラーEX-TP,162,6637,-189,23,23,1/144.3,1/288.6,1/288.6,6.158228637724669
2023-04-07,アイムジャグラーEX-TP,163,964,-1014,1,0,1/964.0,1/964.0,1/0.0,6.57992136993963
2023-04-07,アイムジャグラーEX-TP,164,4248,-11,13,18,1/137.0,1/326.8,1/236.0,5.911748203725468
2023-04-07,アイムジャグラーEX-TP,165,854,343,4,1,1/170.8,1/213.5,1/854.0,4.873263479038775
2023-04-07,アイムジャグラーEX-TP,166,2944,-1773,5,8,1/226.5,1/588.8,1/368.0,6.448849897783321
2023-04-07,アイムジャグラーEX-TP,167,4191,578,17,14,1/135.2,1/246.5,1/299.4,6.019995780113671
2023-04-07,アイムジャグラーEX-TP,168,5438,-109,20,15,1/155.4,1/271.9,1/362.5,6.053779762223161
2023-04-07,アイムジャグラーEX-TP,169,3296,-1466,8,5,1/253.5,1/412.0,1/659.2,6.018589809713043
2023-04-07,アイムジャグラーEX-TP,170,3190,79,14,7,1/151.9,1/227.9,1/455.7,6.444296681278116
2023-04-07,アイムジャグラーEX-TP,171,5288,2546,29,15,1/120.2,1/182.3,1/352.5,5.874938556452939
2023-04-07,アイムジャグラーEX-TP,172,7773,398,28,29,1/136.4,1/277.6,1/268.0,6.064731020596701
2023-04-07,アイムジャグラーEX-TP,173,2027,-871,4,7,1/184.3,1/506.8,1/289.6,6.2800266679612955
2023-04-07,アイムジャグラーEX-TP,174,3512,421,16,4,1/175.6,1/219.5,1/878.0,5.734509704645318
2023-04-07,アイムジャグラーEX-TP,175,2928,-656,8,8,1/183.0,1/366.0,1/366.0,5.8929473656754165
2023-04-07,アイムジャグラーEX-TP,176,5111,3322,27,22,1/104.3,1/189.3,1/232.3,5.551668156796966
2023-04-07,アイムジャグラーEX-TP,177,3868,-550,11,14,1/154.7,1/351.6,1/276.3,6.029275311503335
2023-04-07,アイムジャグラーEX-TP,178,3699,-633,9,16,1/148.0,1/411.0,1/231.2,5.997560991863309
2023-04-07,マイジャグラーV,117,4755,-223,20,9,1/164.0,1/237.8,1/528.3,6.16789501522772
2023-04-07,マイジャグラーV,118,2703,736,13,9,1/122.9,1/207.9,1/300.3,5.992480152382807
2023-04-07,マイジャグラーV,119,3370,-1330,8,6,1/240.7,1/421.2,1/561.7,5.721093184618298
2023-04-07,マイジャグラーV,120,6411,1531,29,22,1/125.7,1/221.1,1/291.4,5.881329096848355
2023-04-07,ファンキージャグラー2,113,7978,1950,41,16,1/140.0,1/194.6,1/498.6,5.914712667977459
2023-04-07,ファンキージャグラー2,114,1031,-175,3,2,1/206.2,1/343.7,1/515.5,5.412642812757799
2023-04-07,ファンキージャグラー2,115,2519,-481,9,3,1/209.9,1/279.9,1/839.7,5.84150601631349
2023-04-07,ファンキージャグラー2,116,1568,-493,5,4,1/174.2,1/313.6,1/392.0,6.620392878939909
2023-04-07,ハッピージャグラーVIII,109,2759,-810,7,9,1/172.4,1/394.1,1/306.6,6.317209613641325
2023-04-07,ハッピージャグラーVIII,110,2427,416,12,5,1/142.8,1/202.2,1/485.4,6.302283496875361
2023-04-07,ハッピージャグラーVIII,111,3780,-1244,9,13,1/171.8,1/420.0,1/290.8,6.39305355831357
2023-04-07,ハッピージャグラーVIII,112,544,-238,1,2,1/181.3,1/544.0,1/272.0,6.3982762291100395
2023-04-06,アイムジャグラーEX-TP,121,7081,3420,39,22,1/116.1,1/181.6,1/321.9,6.007985810327064
2023-04-06,アイムジャグラーEX-TP,122,6097,1530,28,19,1/129.7,1/217.8,1/320.9,6.021418373787826
2023-04-06,アイムジャグラーEX-TP,123,1670,726,9,4,1/128.5,1/185.6,1/417.5,5.793470411931357
2023-04-06,アイムジャグラーEX-TP,124,5442,263,23,12,1/155.5,1/236.6,1/453.5,6.131513667129317
2023-04-06,アイムジャグラーEX-TP,125,1745,-178,6,6,1/145.4,1/290.8,1/290.8,6.478203536616513
2023-04-06,アイムジャグラーEX-TP,126,5292,1811,27,17,1/120.3,1/196.0,1/311.3,6.237008589251828
2023-04-06,アイムジャグラーEX-TP,127,6077,-555,20,18,1/159.9,1/303.9,1/337.6,6.024212357282326
2023-04-06,アイムジャグラーEX-TP,128,5363,633,22,18,1/134.1,1/243.8,1/297.9,6.172899756896174
2023-04-06,アイムジャグラーEX-TP,129,6142,-51,22,16,1/161.6,1/279.2,1/383.9,5.831168512814112
2023-04-06,アイムジャグラーEX-TP,130,4553,-713,14,13,1/168.6,1/325.2,1/350.2,6.027778061315913
2023-04-06,アイムジャグラーEX-TP,131,2589,-1439,3,10,1/199.2,1/863.0,1/258.9,6.090742750904548
2023-04-06,アイムジャグラーEX-TP,132,8792,-448,26,40,1/133.2,1/338.2,1/219.8,6.149063682660531
2023-04-06,アイムジャグラーEX-TP,145,2097,-694,5,7,1/174.8,1/419.4,1/299.6,6.248307563807229
2023-04-06,アイムジャグラーEX-TP,146,1061,488,6,5,1/96.5,1/176.8,1/212.2,7.1520203378921785
2023-04-06,アイムジャグラーEX-TP,147,5100,140,19,17,1/141.7,1/268.4,1/300.0,6.143253442932188
2023-04-06,アイムジャグラーEX-TP,148,598,-283,2,0,1/299.0,1/299.0,1/0.0,6.585582507988048
2023-04-06,アイムジャグラーEX-TP,149,615,-65,2,1,1/205.0,1/307.5,1/615.0,5.514663849854085
2023-04-06,アイムジャグラーEX-TP,150,2700,1126,16,5,1/128.6,1/168.8,1/540.0,6.2496130158607075
2023-04-06,アイムジャグラーEX-TP,151,4009,1047,18,15,1/121.5,1/222.7,1/267.3,6.1302214704210085
2023-04-06,アイムジャグラーEX-TP,152,1413,723,7,6,1/108.7,1/201.9,1/235.5,5.75189265966906
2023-04-06,アイムジャグラーEX-TP,153,1588,-958,2,4,1/264.7,1/794.0,1/397.0,5.845025408561019
2023-04-06,アイムジャグラーEX-TP,154,2937,-789,8,9,1/172.8,1/367.1,1/326.3,6.233310057639972
2023-04-06,アイムジャグラーEX-TP,155,623,-423,1,2,1/207.7,1/623.0,1/311.5,7.01583134166682
2023-04-06,アイムジャグラーEX-TP,156,5366,2241,28,18,1/116.7,1/191.6,1/298.1,6.081775466788733
2023-04-06,アイムジャグラーEX-TP,157,4812,-1498,11,15,1/185.1,1/437.5,1/320.8,5.944615896401998
2023-04-06,アイムジャグラーEX-TP,158,4687,-342,16,11,1/173.6,1/292.9,1/426.1,5.821921036938418
2023-04-06,アイムジャグラーEX-TP,159,3687,1637,19,14,1/111.7,1/194.1,1/263.4,6.079561324446039
2023-04-06,アイムジャグラーEX-TP,160,4821,995,20,18,1/126.9,1/241.1,1/267.8,5.984609535696341
2023-04-06,アイムジャグラーEX-TP,161,6158,580,25,17,1/146.6,1/246.3,1/362.2,5.972194169978577
2023-04-06,アイムジャグラーEX-TP,162,4046,-170,16,10,1/155.6,1/252.9,1/404.6,6.362782321731147
2023-04-06,アイムジャグラーEX-TP,163,4518,84,17,19,1/125.5,1/265.8,1/237.8,6.661322275125526
2023-04-06,アイムジャグラーEX-TP,164,2389,-135,8,8,1/149.3,1/298.6,1/298.6,6.0999187630743545
2023-04-06,アイムジャグラーEX-TP,165,3439,-285,13,9,1/156.3,1/264.5,1/382.1,6.418450976752368
2023-04-06,アイムジャグラーEX-TP,166,2333,-823,5,10,1/155.5,1/466.6,1/233.3,6.510348174704035
2023-04-06,アイムジャグラーEX-TP,167,5130,-1377,12,18,1/171.0,1/427.5,1/285.0,5.97921122665092
2023-04-06,アイムジャグラーEX-TP,168,2718,-690,10,3,1/209.1,1/271.8,1/906.0,6.4260564816319405
2023-04-06,アイムジャグラーEX-TP,169,3200,-323,11,7,1/177.8,1/290.9,1/457.1,5.9025289569770205
2023-04-06,アイムジャグラーEX-TP,170,6189,1592,31,17,1/128.9,1/199.6,1/364.1,6.321940547486385
2023-04-06,アイムジャグラーEX-TP,171,1992,-204,6,6,1/166.0,1/332.0,1/332.0,5.787725071902025
2023-04-06,アイムジャグラーEX-TP,172,3753,-251,14,9,1/163.2,1/268.1,1/417.0,6.173922303038513
2023-04-06,アイムジャグラーEX-TP,173,3819,810,20,8,1/136.4,1/190.9,1/477.4,6.530083113133255
2023-04-06,アイムジャグラーEX-TP,174,3545,160,16,8,1/147.7,1/221.6,1/443.1,6.533215827595345
2023-04-06,アイムジャグラーEX-TP,175,1269,-627,4,1,1/253.8,1/317.2,1/1269.0,6.853957398847013
2023-04-06,アイムジャグラーEX-TP,176,3284,-112,13,7,1/164.2,1/252.6,1/469.1,6.1700287060397665
2023-04-06,アイムジャグラーEX-TP,177,1648,30,8,2,1/164.8,1/206.0,1/824.0,6.604643400955317
2023-04-06,アイムジャグラーEX-TP,178,5617,1939,31,13,1/127.7,1/181.2,1/432.1,6.316937665579228
2023-04-06,マイジャグラーV,117,5891,-666,21,15,1/163.6,1/280.5,1/392.7,6.051087394130351
2023-04-06,マイジャグラーV,118,5265,-300,18,17,1/150.4,1/292.5,1/309.7,5.93449195835128
2023-04-06,マイジャグラーV,119,5009,1039,24,12,1/139.1,1/208.7,1/417.4,5.867551272550294
2023-04-06,マイジャグラーV,120,6633,-1498,21,15,1/184.2,1/315.9,1/442.2,6.006788207237123
2023-04-06,ファンキージャグラー2,113,4767,1166,21,17,1/125.4,1/227.0,1/280.4,5.798553277986667
2023-04-06,ファンキージャグラー2,114,690,-389,1,2,1/230.0,1/690.0,1/345.0,5.96078194228624
2023-04-06,ファンキージャグラー2,115,3807,-1664,9,8,1/223.9,1/423.0,1/475.9,6.033865127463122
2023-04-06,ファンキージャグラー2,116,1213,-575,2,4,1/202.2,1/606.5,1/303.2,5.9431174333424925
2023-04-06,ハッピージャグラーVIII,109,1988,-1097,5,3,1/248.5,1/397.6,1/662.7,6.772742301413945
2023-04-06,ハッピージャグラーVIII,110,6833,404,25,21,1/148.5,1/273.3,1/325.4,5.846611019687402
2023-04-06,ハッピージャグラーVIII,111,1571,-634,3,8,1/142.8,1/523.7,1/196.4,7.069207644081368
2023-04-06,ハッピージャグラーVIII,112,2389,-464,8,5,1/183.8,1/298.6,1/477.8,6.234877884703497
2023-04-05,アイムジャグラーEX-TP,121,4310,-652,15,10,1/172.4,1/287.3,1/431.0,6.242069331431651
2023-04-05,アイムジャグラーEX-TP,122,5253,254,19,21,1/131.3,1/276.5,1/250.1,6.215404994274917
2023-04-05,アイムジャグラーEX-TP,123,5052,351,21,14,1/144.3,1/240.6,1/360.9,6.204175358437573
2023-04-05,アイムジャグラーEX-TP,124,3830,-1374,10,11,1/182.4,1/383.0,1/348.2,6.451591711271226
2023-04-05,アイムジャグラーEX-TP,125,3578,-122,14,5,1/188.3,1/255.6,1/715.6,5.805403428728378
2023-04-05,アイムジャグラーEX-TP,126,7379,1881,32,31,1/117.1,1/230.6,1/238.0,6.184778570133675
2023-04-05,アイムジャグラーEX-TP,127,2507,-301,9,7,1/156.7,1/278.6,1/358.1,6.449915212043986
2023-04-05,アイムジャグラーEX-TP,128,4438,67,17,9,1/170.7,1/261.1,1/493.1,5.764399809730644
2023-04-05,アイムジャグラーEX-TP,129,3823,66,14,14,1/136.5,1/273.1,1/273.1,6.266227776117565
2023-04-05,アイムジャグラーEX-TP,130,4426,-55,17,14,1/142.8,1/260.4,1/316.1,6.402205251604857
2023-04-05,アイムジャグラーEX-TP,131,2667,439,11,10,1/127.0,1/242.5,1/266.7,6.156190943299034
2023-04-05,アイムジャグラーEX-TP,132,5125,685,26,5,1/165.3,1/197.1,1/1025.0,6.180385867115675
2023-04-05,アイムジャグラーEX-TP,145,4798,811,21,13,1/141.1,1/228.5,1/369.1,5.971951840726575
2023-04-05,アイムジャグラーEX-TP,146,1652,-114,5,6,1/150.2,1/330.4,1/275.3,5.913107458594019
2023-04-05,アイムジャグラーEX-TP,147,1603,-361,5,3,1/200.4,1/320.6,1/534.3,5.964937035866128
2023-04-05,アイムジャグラーEX-TP,148,2644,-142,8,9,1/155.5,1/330.5,1/293.8,5.754662751406558
2023-04-05,アイムジャグラーEX-TP,149,2196,309,10,6,1/137.2,1/219.6,1/366.0,6.325816903204978
2023-04-05,アイムジャグラーEX-TP,150,6045,1455,27,23,1/120.9,1/223.9,1/262.8,6.22859211253134
2023-04-05,アイムジャグラーEX-TP,151,3599,123,12,14,1/138.4,1/299.9,1/257.1,5.907355529210913
2023-04-05,アイムジャグラーEX-TP,152,3156,-968,8,8,1/197.2,1/394.5,1/394.5,5.955590767430331
2023-04-05,アイムジャグラーEX-TP,153,1647,-285,6,3,1/183.0,1/274.5,1/549.0,6.316718905203309
2023-04-05,アイムジャグラーEX-TP,154,2116,-396,5,9,1/151.1,1/423.2,1/235.1,5.959671276248958
2023-04-05,アイムジャグラーEX-TP,155,1353,0,5,3,1/169.1,1/270.6,1/451.0,5.761072116359861
2023-04-05,アイムジャグラーEX-TP,156,6609,2828,32,26,1/113.9,1/206.5,1/254.2,5.860882600145404
2023-04-05,アイムジャグラーEX-TP,157,6036,-488,17,23,1/150.9,1/355.1,1/262.4,5.81017343271438
2023-04-05,アイムジャグラーEX-TP,158,5299,843,17,27,1/120.4,1/311.7,1/196.3,5.73053222812826
2023-04-05,アイムジャグラーEX-TP,159,3300,-1069,7,12,1/173.7,1/471.4,1/275.0,6.03745140880727
2023-04-05,アイムジャグラーEX-TP,160,3284,-257,11,11,1/149.3,1/298.5,1/298.5,6.204270192868543
2023-04-05,アイムジャグラーEX-TP,161,4188,-1240,11,8,1/220.4,1/380.7,1/523.5,5.753879296884193
2023-04-05,アイムジャグラーEX-TP,162,4968,603,18,21,1/127.4,1/276.0,1/236.6,5.984691549322803
2023-04-05,アイムジャグラーEX-TP,163,2808,687,16,4,1/140.4,1/175.5,1/702.0,6.6353124523264135
2023-04-05,アイムジャグラーEX-TP,164,2624,799,14,4,1/145.8,1/187.4,1/656.0,5.938647345422374
2023-04-05,アイムジャグラーEX-TP,165,7100,2066,34,24,1/122.4,1/208.8,1/295.8,6.181591655373653
2023-04-05,アイムジャグラーEX-TP,166,2855,-1700,6,4,1/285.5,1/475.8,1/713.8,6.2922647899628785
2023-04-05,アイムジャグラーEX-TP,167,4520,504,18,20,1/118.9,1/251.1,1/226.0,6.569163040667915
2023-04-05,アイムジャグラーEX-TP,168,5717,-609,23,10,1/173.2,1/248.6,1/571.7,6.428872743325945
2023-04-05,アイムジャグラーEX-TP,169,5006,-161,18,14,1/156.4,1/278.1,1/357.6,6.0315342975016835
2023-04-05,アイムジャグラーEX-TP,170,3563,508,16,9,1/142.5,1/222.7,1/395.9,6.144223497845564
2023-04-05,アイムジャグラーEX-TP,171,4723,-756,14,14,1/168.7,1/337.4,1/337.4,5.965026329472136
2023-04-05,アイムジャグラーEX-TP,172,4578,202,19,11,1/152.6,1/240.9,1/416.2,6.1499721074987175
2023-04-05,アイムジャグラーEX-TP,173,2671,-953,6,7,1/205.5,1/445.2,1/381.6,5.893169393053637
2023-04-05,アイムジャグラーEX-TP,174,2782,1162,15,9,1/115.9,1/185.5,1/309.1,6.23454697388267
2023-04-05,アイムジャグラーEX-TP,175,6158,-486,22,18,1/153.9,1/279.9,1/342.1,6.282555943722336
2023-04-05,アイムジャグラーEX-TP,176,3495,-753,10,11,1/166.4,1/349.5,1/317.7,6.18142563837811
2023-04-05,アイムジャグラーEX-TP,177,2861,159,9,12,1/136.2,1/317.9,1/238.4,5.738824051365464
2023-04-05,アイムジャグラーEX-TP,178,5615,90,24,10,1/165.1,1/234.0,1/561.5,6.150040618745564
2023-04-05,マイジャグラーV,117,5993,2065,31,14,1/133.2,1/193.3,1/428.1,5.653629384021289
2023-04-05,マイジャグラーV,118,5858,248,23,17,1/146.4,1/254.7,1/344.6,5.894957893227987
2023-04-05,マイジャグラーV,119,4707,238,19,12,1/151.8,1/247.7,1/392.2,5.8286918940416195
2023-04-05,マイジャグラーV,120,4884,-846,17,12,1/168.4,1/287.3,1/407.0,6.199092027215612
2023-04-05,ファンキージャグラー2,113,1124,-365,2,5,1/160.6,1/562.0,1/224.8,5.906041396936424
2023-04-05,ファンキージャグラー2,114,4223,645,18,13,1/136.2,1/234.6,1/324.8,5.846044595539941
2023-04-05,ファンキージャグラー2,115,1949,-1002,3,7,1/194.9,1/649.7,1/278.4,6.13390666005281
2023-04-05,ファンキージャグラー2,116,3452,87,14,11,1/138.1,1/246.6,1/313.8,6.249628860395023
2023-04-05,ハッピージャグラーVIII,109,5175,350,23,10,1/156.8,1/225.0,1/517.5,6.164886133883011
2023-04-05,ハッピージャグラーVIII,110,2508,-30,10,4,1/179.1,1/250.8,1/627.0,5.882504018714244
2023-04-05,ハッピージャグラーVIII,111,6409,647,28,18,1/139.3,1/228.9,1/356.1,6.322817858635766
2023-04-05,ハッピージャグラーVIII,112,7002,1162,29,25,1/129.7,1/241.4,1/280.1,6.098466057675053
2023-04-03,アイムジャグラーEX-TP,113,5066,-382,18,10,1/180.9,1/281.4,1/506.6,5.830134508315273
2023-04-03,アイムジャグラーEX-TP,114,2097,297,7,10,1/123.4,1/299.6,1/209.7,5.809594408028511
2023-04-03,アイムジャグラーEX-TP,115,6229,1471,28,29,1/109.3,1/222.5,1/214.8,6.713500508944556
2023-04-03,アイムジャグラーEX-TP,116,3281,-1118,8,11,1/172.7,1/410.1,1/298.3,6.371387332598401
2023-04-03,アイムジャグラーEX-TP,117,5070,-162,18,14,1/158.4,1/281.7,1/362.1,5.964195066587239
2023-04-03,アイムジャグラーEX-TP,118,2369,-509,7,7,1/169.2,1/338.4,1/338.4,6.203417740140742
2023-04-03,アイムジャグラーEX-TP,119,4850,1491,24,15,1/124.4,1/202.1,1/323.3,6.164011640450025
2023-04-03,アイムジャグラーEX-TP,120,5755,1134,25,19,1/130.8,1/230.2,1/302.9,6.063094957654208
2023-04-03,アイムジャグラーEX-TP,121,6823,-661,20,21,1/166.4,1/341.1,1/324.9,5.706950620038898
2023-04-03,アイムジャグラーEX-TP,122,2712,-71,10,7,1/159.5,1/271.2,1/387.4,6.015714990684846
2023-04-03,アイムジャグラーEX-TP,123,3591,13,11,13,1/149.6,1/326.5,1/276.2,5.643789291995041
2023-04-03,アイムジャグラーEX-TP,124,5075,996,22,16,1/133.6,1/230.7,1/317.2,5.991979602474953
2023-04-03,アイムジャグラーEX-TP,125,4147,398,17,12,1/143.0,1/243.9,1/345.6,6.066531757650087
2023-04-03,アイムジャグラーEX-TP,126,3852,-1204,9,12,1/183.4,1/428.0,1/321.0,6.006035691662288
2023-04-03,アイムジャグラーEX-TP,127,4119,14,15,13,1/147.1,1/274.6,1/316.8,6.0784150067286085
2023-04-03,アイムジャグラーEX-TP,128,4356,-795,11,20,1/140.5,1/396.0,1/217.8,6.2793579987841746
2023-04-03,アイムジャグラーEX-TP,129,2016,676,9,7,1/126.0,1/224.0,1/288.0,5.668707251311338
2023-04-03,アイムジャグラーEX-TP,130,4715,357,19,13,1/147.3,1/248.2,1/362.7,6.019761671060305
2023-04-03,アイムジャグラーEX-TP,131,4520,-1901,9,15,1/188.3,1/502.2,1/301.3,6.194956373527361
2023-04-03,アイムジャグラーEX-TP,132,4906,-849,15,12,1/181.7,1/327.1,1/408.8,5.908006889559734
2023-04-03,アイムジャグラーEX-TP,150,3398,388,14,10,1/141.6,1/242.7,1/339.8,6.028521898685632
2023-04-03,アイムジャグラーEX-TP,151,2681,-206,9,7,1/167.6,1/297.9,1/383.0,5.88515186501582
2023-04-03,アイムジャグラーEX-TP,152,4670,-1690,10,12,1/212.3,1/467.0,1/389.2,5.7817115426114
2023-04-03,アイムジャグラーEX-TP,153,1739,-843,4,5,1/193.2,1/434.8,1/347.8,6.712670785649984
2023-04-03,アイムジャグラーEX-TP,154,2905,-116,10,9,1/152.9,1/290.5,1/322.8,6.022254978958905
2023-04-03,アイムジャグラーEX-TP,155,3423,-303,11,11,1/155.6,1/311.2,1/311.2,6.031798627371974
2023-04-03,アイムジャグラーEX-TP,156,3684,-347,12,12,1/153.5,1/307.0,1/307.0,6.128087406620689
2023-04-03,アイムジャグラーEX-TP,157,4849,-1203,11,22,1/146.9,1/440.8,1/220.4,6.259223690261961
2023-04-03,アイムジャグラーEX-TP,158,5829,43,19,28,1/124.0,1/306.8,1/208.2,6.353283016218333
2023-04-03,アイムジャグラーEX-TP,159,1876,-855,5,4,1/208.4,1/375.2,1/469.0,6.667619420671305
2023-04-03,アイムジャグラーEX-TP,160,7292,2450,35,25,1/121.5,1/208.3,1/291.7,6.0068931982626985
2023-04-03,アイムジャグラーEX-TP,161,4383,-890,11,14,1/175.3,1/398.5,1/313.1,5.753500732156924
2023-04-03,アイムジャグラーEX-TP,162,5748,527,24,12,1/159.7,1/239.5,1/479.0,5.830513899141766
2023-04-03,アイムジャグラーEX-TP,163,3476,-1122,8,7,1/231.7,1/434.5,1/496.6,5.573091357701735
2023-04-03,アイムジャグラーEX-TP,164,4834,571,20,16,1/134.3,1/241.7,1/302.1,6.1935660303326365
2023-04-03,アイムジャグラーEX-TP,165,5775,502,21,22,1/134.3,1/275.0,1/262.5,5.975710676266779
2023-04-03,アイムジャグラーEX-TP,166,5611,1588,27,22,1/114.5,1/207.8,1/255.0,6.510079850984956
2023-04-03,アイムジャグラーEX-TP,167,5067,571,21,16,1/136.9,1/241.3,1/316.7,6.158850726122667
2023-04-03,アイムジャグラーEX-TP,168,6959,1344,29,27,1/124.3,1/240.0,1/257.7,6.13088666875828
2023-04-03,アイムジャグラーEX-TP,169,4977,548,19,17,1/138.2,1/261.9,1/292.8,5.908778433606939
2023-04-03,アイムジャグラーEX-TP,170,2949,-376,11,4,1/196.6,1/268.1,1/737.2,5.995020900342362
2023-04-03,アイムジャグラーEX-TP,171,2367,-1518,3,6,1/263.0,1/789.0,1/394.5,6.028109325912977
2023-04-03,アイムジャグラーEX-TP,172,4856,-535,17,14,1/156.6,1/285.6,1/346.9,6.3293326155397445
2023-04-03,アイムジャグラーEX-TP,173,2874,-1209,4,13,1/169.1,1/718.5,1/221.1,6.02809280016048
2023-04-03,アイムジャグラーEX-TP,174,5543,-724,16,21,1/149.8,1/346.4,1/264.0,6.099396258804413
2023-04-03,アイムジャグラーEX-TP,175,3011,-429,9,9,1/167.3,1/334.6,1/334.6,5.925311478333924
2023-04-03,アイムジャグラーEX-TP,176,3990,-1446,12,7,1/210.0,1/332.5,1/570.0,6.435163669678693
2023-04-03,アイムジャグラーEX-TP,177,2920,-14,11,7,1/162.2,1/265.5,1/417.1,5.931652332855889
2023-04-03,アイムジャグラーEX-TP,178,4964,-2292,10,12,1/225.6,1/496.4,1/413.7,6.014162650339224
2023-04-03,マイジャグラーV,73,5751,-213,21,16,1/155.4,1/273.9,1/359.4,5.904647769799405
2023-04-03,マイジャグラーV,74,5963,184,24,14,1/156.9,1/248.5,1/425.9,5.818944472235672
2023-04-03,マイジャグラーV,75,2252,-1206,5,1,1/375.3,1/450.4,1/2252.0,5.627795381506737
2023-04-03,マイジャグラーV,76,5304,2214,26,21,1/112.9,1/204.0,1/252.6,5.722314709960853
2023-04-03,マイジャグラーV,77,3857,-307,13,12,1/154.3,1/296.7,1/321.4,5.933841349716907
2023-04-03,ファンキージャグラー2,61,2452,1044,14,5,1/129.1,1/175.1,1/490.4,5.737983814767024
2023-04-03,ファンキージャグラー2,62,6161,1533,32,12,1/140.0,1/192.5,1/513.4,5.92879810350634
2023-04-03,ファンキージャグラー2,63,357,-309,1,0,1/357.0,1/357.0,1/0.0,8.056510667683321
2023-04-03,ファンキージャグラー2,78,5249,2106,27,20,1/111.7,1/194.4,1/262.4,5.9865451286235425
2023-04-03,ファンキージャグラー2,79,1646,-890,3,3,1/274.3,1/548.7,1/548.7,5.804102206149474
2023-04-03,ファンキージャグラー2,80,3975,-930,15,6,1/189.3,1/265.0,1/662.5,6.409568397199745
2023-04-03,ファンキージャグラー2,81,1554,362,7,5,1/129.5,1/222.0,1/310.8,5.807718005018967
2023-04-03,ファンキージャグラー2,82,5815,1463,25,21,1/126.4,1/232.6,1/276.9,5.6829492160932285
2023-04-03,ファンキージャグラー2,83,236,-328,0,0,1/0.0,1/0.0,1/0.0,7.0245098841699996
2023-04-03,ファンキージャグラー2,84,5198,862,24,14,1/136.8,1/216.6,1/371.3,5.999986206264878
2023-04-03,ハッピージャグラーVIII,109,5380,542,20,16,1/149.4,1/269.0,1/336.2,5.69250876955841
2023-04-03,ハッピージャグラーVIII,110,3287,-1417,6,10,1/205.4,1/547.8,1/328.7,6.058223871876398
2023-04-03,ハッピージャグラーVIII,111,3651,-1521,9,6,1/243.4,1/405.7,1/608.5,6.081103912736908
2023-04-03,ハッピージャグラーVIII,112,3993,-1551,10,11,1/190.1,1/399.3,1/363.0,6.515011539854916
2023-04-02,アイムジャグラーEX-TP,113,5236,-1987,9,22,1/168.9,1/581.8,1/238.0,6.075537942993422
2023-04-02,アイムジャグラーEX-TP,114,5939,3699,32,26,1/102.4,1/185.6,1/228.4,5.795423822496054
2023-04-02,アイムジャグラーEX-TP,115,788,229,5,0,1/157.6,1/157.6,1/0.0,6.532194642489588
2023-04-02,アイムジャグラーEX-TP,116,6241,1003,27,18,1/138.7,1/231.1,1/346.7,6.027043627712807
2023-04-02,アイムジャグラーEX-TP,117,1115,-284,4,2,1/185.8,1/278.8,1/557.5,6.658819412220337
2023-04-02,アイムジャグラーEX-TP,118,4038,3535,30,12,1/96.1,1/134.6,1/336.5,6.379328120568101
2023-04-02,アイムジャグラーEX-TP,119,4134,120,15,15,1/137.8,1/275.6,1/275.6,6.153416919181522
2023-04-02,アイムジャグラーEX-TP,120,3134,-890,10,7,1/184.4,1/313.4,1/447.7,6.504596771972435
2023-04-02,アイムジャグラーEX-TP,121,3914,-1198,12,6,1/217.4,1/326.2,1/652.3,6.125981162592274
2023-04-02,アイムジャグラーEX-TP,122,5385,1021,26,8,1/158.4,1/207.1,1/673.1,5.868008066794823
2023-04-02,アイムジャグラーEX-TP,123,4345,752,18,14,1/135.8,1/241.4,1/310.4,5.910006313981429
2023-04-02,アイムジャグラーEX-TP,124,2072,-1168,3,5,1/259.0,1/690.7,1/414.4,5.8352245243447145
2023-04-02,アイムジャグラーEX-TP,125,2544,-296,7,10,1/149.6,1/363.4,1/254.4,5.94254359225966
2023-04-02,アイムジャグラーEX-TP,126,1515,213,7,3,1/151.5,1/216.4,1/505.0,6.063320274182141
2023-04-02,アイムジャグラーEX-TP,127,5707,-263,18,21,1/146.3,1/317.1,1/271.8,5.9732796685040155
2023-04-02,アイムジャグラーEX-TP,128,1130,-770,1,3,1/282.5,1/1130.0,1/376.7,5.832252044126922
2023-04-02,アイムジャグラーEX-TP,129,5849,1883,32,10,1/139.3,1/182.8,1/584.9,6.093784521070524
2023-04-02,アイムジャグラーEX-TP,130,3999,-794,13,11,1/166.6,1/307.6,1/363.5,6.394880666953271
2023-04-02,アイムジャグラーEX-TP,131,1334,-1008,2,1,1/444.7,1/667.0,1/1334.0,6.039516456573138
2023-04-02,アイムジャグラーEX-TP,132,5743,-896,17,18,1/164.1,1/337.8,1/319.1,6.014878713159902
2023-04-02,アイムジャグラーEX-TP,150,3961,-1061,11,11,1/180.0,1/360.1,1/360.1,6.162372302686392
2023-04-02,アイムジャグラーEX-TP,151,849,-1034,0,2,1/424.5,1/0.0,1/424.5,7.366245382214431
2023-04-02,アイムジャグラーEX-TP,152,7272,-1218,24,18,1/173.1,1/303.0,1/404.0,6.173539729911711
2023-04-02,アイムジャグラーEX-TP,153,831,-801,1,0,1/831.0,1/831.0,1/0.0,6.338769953681211
2023-04-02,アイムジャグラーEX-TP,154,2280,-941,5,6,1/207.3,1/456.0,1/380.0,6.088484099643383
2023-04-02,アイムジャグラーEX-TP,155,1660,-46,6,4,1/166.0,1/276.7,1/415.0,5.869584203605268
2023-04-02,アイムジャグラーEX-TP,156,5078,940,23,18,1/123.9,1/220.8,1/282.1,6.463068799214638
2023-04-02,アイムジャグラーEX-TP,157,2747,-1911,5,3,1/343.4,1/549.4,1/915.7,6.2927100225758705
2023-04-02,アイムジャグラーEX-TP,158,2839,22,10,9,1/149.4,1/283.9,1/315.4,5.929793129172303
2023-04-02,アイムジャグラーEX-TP,159,5856,1062,25,17,1/139.4,1/234.2,1/344.5,5.880003703920365
2023-04-02,アイムジャグラーEX-TP,160,2034,254,9,5,1/145.3,1/226.0,1/406.8,6.1193570667713315
2023-04-02,アイムジャグラーEX-TP,161,4638,1503,25,12,1/125.4,1/185.5,1/386.5,6.3916231866094755
2023-04-02,アイムジャグラーEX-TP,162,2584,1000,14,4,1/143.6,1/184.6,1/646.0,5.687435034150802
2023-04-02,アイムジャグラーEX-TP,163,3222,-132,11,8,1/169.6,1/292.9,1/402.8,5.7426795139426
2023-04-02,アイムジャグラーEX-TP,164,5939,1590,29,19,1/123.7,1/204.8,1/312.6,6.3267570711497365
2023-04-02,アイムジャグラーEX-TP,165,4632,-1326,12,15,1/171.6,1/386.0,1/308.8,6.236884214223886
2023-04-02,アイムジャグラーEX-TP,166,2557,-1111,6,6,1/213.1,1/426.2,1/426.2,6.246270436687832
2023-04-02,アイムジャグラーEX-TP,167,3427,-1116,10,6,1/214.2,1/342.7,1/571.2,6.14081683221009
2023-04-02,アイムジャグラーEX-TP,168,4005,-1301,12,9,1/190.7,1/333.8,1/445.0,6.469235715123935
2023-04-02,アイムジャグラーEX-TP,169,5400,-1415,18,8,1/207.7,1/300.0,1/675.0,6.212762971012284
2023-04-02,アイムジャグラーEX-TP,170,744,-432,2,0,1/372.0,1/372.0,1/0.0,6.287965493268074
2023-04-02,アイムジャグラーEX-TP,171,7989,2508,38,25,1/126.8,1/210.2,1/319.6,5.929857952624243
2023-04-02,アイムジャグラーEX-TP,172,3109,75,12,10,1/141.3,1/259.1,1/310.9,6.268071107063131
2023-04-02,アイムジャグラーEX-TP,173,4818,1784,26,11,1/130.2,1/185.3,1/438.0,6.0364633205858045
2023-04-02,アイムジャグラーEX-TP,174,4827,948,21,17,1/127.0,1/229.9,1/283.9,6.1719430450487405
2023-04-02,アイムジャグラーEX-TP,175,1640,-418,5,2,1/234.3,1/328.0,1/820.0,5.750111715203978
2023-04-02,アイムジャグラーEX-TP,176,2551,-1524,4,8,1/212.6,1/637.8,1/318.9,6.460795155462282
2023-04-02,アイムジャグラーEX-TP,177,3237,523,15,8,1/140.7,1/215.8,1/404.6,6.200523077429362
2023-04-02,アイムジャグラーEX-TP,178,7261,80,25,27,1/139.6,1/290.4,1/268.9,6.060219401141822
2023-04-02,マイジャグラーV,73,6043,1874,30,20,1/120.9,1/201.4,1/302.1,5.980583054370485
2023-04-02,マイジャグラーV,74,3672,-219,16,6,1/166.9,1/229.5,1/612.0,6.285510373428641
2023-04-02,マイジャグラーV,75,5022,1724,26,14,1/125.5,1/193.2,1/358.7,5.84095975529007
2023-04-02,マイジャグラーV,76,7018,-605,25,17,1/167.1,1/280.7,1/412.8,5.876639428167981
2023-04-02,マイジャグラーV,77,3366,-1518,8,5,1/258.9,1/420.8,1/673.2,5.841830639159923
2023-04-02,ファンキージャグラー2,61,3498,-215,13,10,1/152.1,1/269.1,1/349.8,6.126573913642018
2023-04-02,ファンキージャグラー2,62,4636,-686,14,17,1/149.5,1/331.1,1/272.7,6.111757896342424
2023-04-02,ファンキージャグラー2,63,770,44,4,0,1/192.5,1/192.5,1/0.0,5.956876469274219
2023-04-02,ファンキージャグラー2,78,4044,345,17,12,1/139.4,1/237.9,1/337.0,6.034905751605428
2023-04-02,ファンキージャグラー2,79,1370,-378,4,3,1/195.7,1/342.5,1/456.7,5.94499039634535
2023-04-02,ファンキージャグラー2,80,3057,1244,19,4,1/132.9,1/160.9,1/764.2,6.042269350462715
2023-04-02,ファンキージャグラー2,81,3040,289,13,5,1/168.9,1/233.8,1/608.0,5.540181349817802
2023-04-02,ファンキージャグラー2,82,1634,165,7,3,1/163.4,1/233.4,1/544.7,5.594942432271108
2023-04-02,ファンキージャグラー2,83,5243,1792,27,16,1/121.9,1/194.2,1/327.7,5.935843444308537
2023-04-02,ファンキージャグラー2,84,2646,-755,8,6,1/189.0,1/330.8,1/441.0,6.134869400142046
2023-04-02,ハッピージャグラーVIII,109,5193,195,23,11,1/152.7,1/225.8,1/472.1,6.382157096280748
2023-04-02,ハッピージャグラーVIII,110,6064,2061,31,20,1/118.9,1/195.6,1/303.2,6.254093806662901
2023-04-02,ハッピージャグラーVIII,111,2682,-1114,7,5,1/223.5,1/383.1,1/536.4,6.344616653684292
2023-04-02,ハッピージャグラーVIII,112,2604,-594,8,6,1/186.0,1/325.5,1/434.0,6.1762852703779165
2023-04-01,アイムジャグラーEX-TP,109,3877,-830,12,9,1/184.6,1/323.1,1/430.8,6.081513011418265
2023-04-01,アイムジャグラーEX-TP,110,778,-76,3,2,1/155.6,1/259.3,1/389.0,6.573840323446463
2023-04-01,アイムジャグラーEX-TP,111,8131,3111,41,28,1/117.8,1/198.3,1/290.4,6.078956955953221
2023-04-01,アイムジャグラーEX-TP,112,550,-266,1,1,1/275.0,1/550.0,1/550.0,5.654974578318828
2023-04-01,アイムジャグラーEX-TP,113,5185,588,20,18,1/136.4,1/259.2,1/288.1,5.96162095841479
2023-04-01,アイムジャグラーEX-TP,114,2841,-255,10,5,1/189.4,1/284.1,1/568.2,5.769689002796075
2023-04-01,アイムジャグラーEX-TP,115,4073,-1206,10,15,1/162.9,1/407.3,1/271.5,6.3262564946447295
2023-04-01,アイムジャグラーEX-TP,116,3385,441,16,6,1/153.9,1/211.6,1/564.2,6.143566342984509
2023-04-01,アイムジャグラーEX-TP,117,5211,1652,24,22,1/113.3,1/217.1,1/236.9,6.220626757929902
2023-04-01,アイムジャグラーEX-TP,118,1581,587,7,7,1/112.9,1/225.9,1/225.9,5.858881230138264
2023-04-01,アイムジャグラーEX-TP,119,4367,218,17,13,1/145.6,1/256.9,1/335.9,6.076171171210029
2023-04-01,アイムジャグラーEX-TP,120,5933,1618,30,16,1/129.0,1/197.8,1/370.8,6.28078050887809
2023-04-01,アイムジャグラーEX-TP,121,6900,2724,36,19,1/125.5,1/191.7,1/363.2,5.926143504141537
2023-04-01,アイムジャグラーEX-TP,122,3440,908,16,10,1/132.3,1/215.0,1/344.0,5.940097227649564
2023-04-01,アイムジャグラーEX-TP,123,1514,-1103,2,3,1/302.8,1/757.0,1/504.7,6.254174527242858
2023-04-01,アイムジャグラーEX-TP,124,7723,392,28,30,1/133.2,1/275.8,1/257.4,6.162552773690555
2023-04-01,アイムジャグラーEX-TP,125,922,-718,1,2,1/307.3,1/922.0,1/461.0,6.296948377248402
2023-04-01,アイムジャグラーEX-TP,126,3355,-1081,9,8,1/197.4,1/372.8,1/419.4,6.130284161054167
2023-04-01,アイムジャグラーEX-TP,127,2902,-564,9,10,1/152.7,1/322.4,1/290.2,6.522384127834413
2023-04-01,アイムジャグラーEX-TP,128,6688,2275,30,30,1/111.5,1/222.9,1/222.9,6.087329587538275
2023-04-01,アイムジャグラーEX-TP,129,3764,1728,21,7,1/134.4,1/179.2,1/537.7,5.67979855003978
2023-04-01,アイムジャグラーEX-TP,130,4064,-293,13,16,1/140.1,1/312.6,1/254.0,6.2621314350815975
2023-04-01,アイムジャグラーEX-TP,131,2758,-295,11,2,1/212.2,1/250.7,1/1379.0,5.9250402491335485
2023-04-01,アイムジャグラーEX-TP,132,7237,310,25,29,1/134.0,1/289.5,1/249.6,6.053564569183359
2023-04-01,アイムジャグラーEX-TP,154,1217,-713,2,3,1/243.4,1/608.5,1/405.7,6.178780605208768
2023-04-01,アイムジャグラーEX-TP,155,4879,1648,23,15,1/128.4,1/212.1,1/325.3,5.7601832755965185
2023-04-01,アイムジャグラーEX-TP,156,4492,-872,12,17,1/154.9,1/374.3,1/264.2,6.141894470630977
2023-04-01,アイムジャグラーEX-TP,157,5268,-2316,10,17,1/195.1,1/526.8,1/309.9,6.13321246666943
2023-04-01,アイムジャグラーEX-TP,158,4877,-1169,17,8,1/195.1,1/286.9,1/609.6,6.366459823950742
2023-04-01,アイムジャグラーEX-TP,159,3487,-1608,5,13,1/193.7,1/697.4,1/268.2,5.9180035239190705
2023-04-01,アイムジャグラーEX-TP,160,6110,-778,20,17,1/165.1,1/305.5,1/359.4,6.090369824500162
2023-04-01,アイムジャグラーEX-TP,161,2592,-330,8,10,1/144.0,1/324.0,1/259.2,6.358970041155194
2023-04-01,アイムジャグラーEX-TP,162,6085,1750,28,26,1/112.7,1/217.3,1/234.0,6.385663204906121
2023-04-01,アイムジャグラーEX-TP,163,6178,2129,34,14,1/128.7,1/181.7,1/441.3,6.2776889471581985
2023-04-01,アイムジャグラーEX-TP,164,2452,76,9,8,1/144.2,1/272.4,1/306.5,6.031626731451389
2023-04-01,アイムジャグラーEX-TP,165,5570,-546,17,18,1/159.1,1/327.6,1/309.4,5.901211077897523
2023-04-01,アイムジャグラーEX-TP,166,5295,97,18,22,1/132.4,1/294.2,1/240.7,6.169122742590411
2023-04-01,アイムジャグラーEX-TP,167,4170,-1256,11,10,1/198.6,1/379.1,1/417.0,5.988320190741641
2023-04-01,アイムジャグラーEX-TP,168,7202,741,25,28,1/135.9,1/288.1,1/257.2,5.760614566229843
2023-04-01,アイムジャグラーEX-TP,169,5030,-591,16,14,1/167.7,1/314.4,1/359.3,5.941281476537195
2023-04-01,アイムジャグラーEX-TP,170,6614,3385,36,24,1/110.2,1/183.7,1/275.6,6.028958544538305
2023-04-01,アイムジャグラーEX-TP,171,3023,-705,10,7,1/177.8,1/302.3,1/431.9,6.433863259058854
2023-04-01,アイムジャグラーEX-TP,172,6145,-778,19,21,1/153.6,1/323.4,1/292.6,6.156908692793601
2023-04-01,アイムジャグラーEX-TP,173,4722,326,21,12,1/143.1,1/224.9,1/393.5,6.462432362919691
2023-04-01,アイムジャグラーEX-TP,174,1808,-1171,3,2,1/361.6,1/602.7,1/904.0,5.889364573068138
2023-04-01,アイムジャグラーEX-TP,175,7606,-23,25,26,1/149.1,1/304.2,1/292.5,5.822969077423585
2023-04-01,アイムジャグラーEX-TP,176,1408,-76,5,5,1/140.8,1/281.6,1/281.6,6.431519708725244
2023-04-01,アイムジャグラーEX-TP,177,5713,886,25,14,1/146.5,1/228.5,1/408.1,5.923627795975908
2023-04-01,アイムジャグラーEX-TP,178,4879,797,23,11,1/143.5,1/212.1,1/443.5,6.189490562174975
2023-04-01,マイジャグラーV,73,4070,-575,14,11,1/162.8,1/290.7,1/370.0,6.112250160132131
2023-04-01,マイジャグラーV,74,6858,1764,30,28,1/118.2,1/228.6,1/244.9,5.915973801474916
2023-04-01,マイジャグラーV,75,1954,-532,6,4,1/195.4,1/325.7,1/488.5,6.021210700766852
2023-04-01,マイジャグラーV,76,2227,-863,6,3,1/247.4,1/371.2,1/742.3,5.838937019024896
2023-04-01,マイジャグラーV,77,5485,-245,19,19,1/144.3,1/288.7,1/288.7,6.027922096195347
2023-04-01,ファンキージャグラー2,61,2997,-904,9,5,1/214.1,1/333.0,1/599.4,5.9272973079276685
2023-04-01,ファンキージャグラー2,62,2207,-693,5,8,1/169.8,1/441.4,1/275.9,6.026780053146671
2023-04-01,ファンキージャグラー2,63,593,-707,0,1,1/593.0,1/0.0,1/593.0,6.803685980061356
2023-04-01,ファンキージャグラー2,78,1366,-80,6,3,1/151.8,1/227.7,1/455.3,6.611193461984609
2023-04-01,ファンキージャグラー2,79,2756,53,12,7,1/145.1,1/229.7,1/393.7,6.327727615663561
2023-04-01,ファンキージャグラー2,80,1741,-1208,1,5,1/290.2,1/1741.0,1/348.2,5.618469985901787
2023-04-01,ファンキージャグラー2,81,1379,626,8,3,1/125.4,1/172.4,1/459.7,5.76587184011852
2023-04-01,ファンキージャグラー2,82,4848,-1333,13,14,1/179.6,1/372.9,1/346.3,5.982980715315449
2023-04-01,ファンキージャグラー2,83,1131,184,5,3,1/141.4,1/226.2,1/377.0,5.792723077298345
2023-04-01,ファンキージャグラー2,84,2875,-1451,4,12,1/179.7,1/718.8,1/239.6,6.184437401057405
2023-04-01,ハッピージャグラーVIII,150,4892,297,24,8,1/152.9,1/203.8,1/611.5,6.619501590229711
2023-04-01,ハッピージャグラーVIII,151,4198,-183,16,9,1/167.9,1/262.4,1/466.4,6.069983307184425
2023-04-01,ハッピージャグラーVIII,152,4867,-1417,13,16,1/167.8,1/374.4,1/304.2,6.481425885728981
2023-04-01,ハッピージャグラーVIII,153,1641,-1445,1,3,1/410.2,1/1641.0,1/547.0,6.256277782546024
2023-03-31,アイムジャグラーEX-TP,109,1250,-832,2,3,1/250.0,1/625.0,1/416.7,6.492874070707399
2023-03-31,アイムジャグラーEX-TP,110,5178,1707,28,11,1/132.8,1/184.9,1/470.7,6.168057261013064
2023-03-31,アイムジャグラーEX-TP,111,1470,102,6,3,1/163.3,1/245.0,1/490.0,5.806316680066619
2023-03-31,アイムジャグラーEX-TP,112,449,-146,1,2,1/149.7,1/449.0,1/224.5,6.561141878336556
2023-03-31,アイムジャグラーEX-TP,113,7428,2902,31,39,1/106.1,1/239.6,1/190.5,5.837981305916178
2023-03-31,アイムジャグラーEX-TP,114,1259,-492,2,5,1/179.9,1/629.5,1/251.8,5.88178655505817
2023-03-31,アイムジャグラーEX-TP,115,2343,941,12,9,1/111.6,1/195.2,1/260.3,6.2634419733536655
2023-03-31,アイムジャグラーEX-TP,116,1401,205,6,4,1/140.1,1/233.5,1/350.2,6.03009780637868
2023-03-31,アイムジャグラーEX-TP,117,1611,-376,5,4,1/179.0,1/322.2,1/402.8,6.2566948285252
2023-03-31,アイムジャグラーEX-TP,118,1621,478,10,2,1/135.1,1/162.1,1/810.5,6.922148757958975
2023-03-31,アイムジャグラーEX-TP,119,1787,59,8,2,1/178.7,1/223.4,1/893.5,6.015296154202706
2023-03-31,アイムジャグラーEX-TP,120,5428,-538,18,16,1/159.6,1/301.6,1/339.2,6.082456369301112
2023-03-31,アイムジャグラーEX-TP,121,5656,-30,19,20,1/145.0,1/297.7,1/282.8,5.9604069849351875
2023-03-31,アイムジャグラーEX-TP,122,4345,451,17,13,1/144.8,1/255.6,1/334.2,5.864637155776506
2023-03-31,アイムジャグラーEX-TP,123,769,-857,1,0,1/769.0,1/769.0,1/0.0,7.358604510030332
2023-03-31,アイムジャグラーEX-TP,124,3144,193,11,12,1/136.7,1/285.8,1/262.0,5.938675132577994
2023-03-31,アイムジャグラーEX-TP,125,5630,1409,22,29,1/110.4,1/255.9,1/194.1,6.124814916089219
2023-03-31,アイムジャグラーEX-TP,126,755,-638,1,1,1/377.5,1/755.0,1/755.0,6.534098039164778
2023-03-31,アイムジャグラーEX-TP,127,2186,145,7,10,1/128.6,1/312.3,1/218.6,5.90679600118017
2023-03-31,アイムジャグラーEX-TP,128,1970,-1324,2,6,1/246.2,1/985.0,1/328.3,6.10192758963329
2023-03-31,アイムジャグラーEX-TP,129,3861,0,13,16,1/133.1,1/297.0,1/241.3,6.212897308627918
2023-03-31,アイムジャグラーEX-TP,130,389,-402,0,1,1/389.0,1/0.0,1/389.0,6.399783098353808
2023-03-31,アイムジャグラーEX-TP,131,3578,-414,10,14,1/149.1,1/357.8,1/255.6,5.980366213692091
2023-03-31,アイムジャグラーEX-TP,132,1878,259,8,6,1/134.1,1/234.8,1/313.0,6.193714454988417
2023-03-31,アイムジャグラーEX-TP,154,5889,565,22,28,1/117.8,1/267.7,1/210.3,6.48945599493168
2023-03-31,アイムジャグラーEX-TP,155,917,52,3,4,1/131.0,1/305.7,1/229.2,5.936622636607545
2023-03-31,アイムジャグラーEX-TP,156,2461,57,11,5,1/153.8,1/223.7,1/492.2,6.478030080802435
2023-03-31,アイムジャグラーEX-TP,157,2492,249,12,4,1/155.8,1/207.7,1/623.0,6.321717372150369
2023-03-31,アイムジャグラーEX-TP,158,2978,-155,10,8,1/165.4,1/297.8,1/372.2,5.810962785212804
2023-03-31,アイムジャグラーEX-TP,159,1246,-46,4,6,1/124.6,1/311.5,1/207.7,6.5244709025877645
2023-03-31,アイムジャグラーEX-TP,160,7346,853,28,29,1/128.9,1/262.4,1/253.3,6.103363746878434
2023-03-31,アイムジャグラーEX-TP,161,2322,480,10,7,1/136.6,1/232.2,1/331.7,5.857148684022038
2023-03-31,アイムジャグラーEX-TP,162,1212,-172,3,6,1/134.7,1/404.0,1/202.0,6.187328096804934
2023-03-31,アイムジャグラーEX-TP,163,4607,-842,13,17,1/153.6,1/354.4,1/271.0,6.225181194391072
2023-03-31,アイムジャグラーEX-TP,164,2881,-222,9,10,1/151.6,1/320.1,1/288.1,5.989075933812002
2023-03-31,アイムジャグラーEX-TP,165,1883,1329,11,6,1/110.8,1/171.2,1/313.8,5.468717122896015
2023-03-31,アイムジャグラーEX-TP,166,5126,212,20,15,1/146.5,1/256.3,1/341.7,6.103817602116802
2023-03-31,アイムジャグラーEX-TP,167,2086,-38,8,5,1/160.5,1/260.8,1/417.2,6.068748681916372
2023-03-31,アイムジャグラーEX-TP,168,7054,2259,35,22,1/123.8,1/201.5,1/320.6,6.130901384781498
2023-03-31,アイムジャグラーEX-TP,169,3101,239,12,10,1/141.0,1/258.4,1/310.1,6.033337565684291
2023-03-31,アイムジャグラーEX-TP,170,2780,847,13,9,1/126.4,1/213.8,1/308.9,5.927142624747697
2023-03-31,アイムジャグラーEX-TP,171,4530,1198,20,14,1/133.2,1/226.5,1/323.6,5.75897214170326
2023-03-31,アイムジャグラーEX-TP,172,1473,-351,5,3,1/184.1,1/294.6,1/491.0,6.435070531518479
2023-03-31,アイムジャグラーEX-TP,173,3912,-157,13,12,1/156.5,1/300.9,1/326.0,5.87769322717406
2023-03-31,アイムジャグラーEX-TP,174,1093,-1264,0,1,1/1093.0,1/0.0,1/1093.0,6.227016512190509
2023-03-31,アイムジャグラーEX-TP,175,5671,2498,24,35,1/96.1,1/236.3,1/162.0,6.07144786923281
2023-03-31,アイムジャグラーEX-TP,176,1547,-494,4,5,1/171.9,1/386.8,1/309.4,6.392360439214251
2023-03-31,アイムジャグラーEX-TP,177,6025,698,22,27,1/123.0,1/273.9,1/223.1,6.154334886217583
2023-03-31,アイムジャグラーEX-TP,178,2007,-1004,4,5,1/223.0,1/501.8,1/401.4,6.201410887409538
2023-03-31,マイジャグラーV,73,2377,-644,6,7,1/182.8,1/396.2,1/339.6,5.8173900995784775
2023-03-31,マイジャグラーV,74,6006,-1322,16,16,1/187.7,1/375.4,1/375.4,5.636550084202302
2023-03-31,マイジャグラーV,75,1795,-278,6,3,1/199.4,1/299.2,1/598.3,5.646759747891052
2023-03-31,マイジャグラーV,76,929,-1088,0,1,1/929.0,1/0.0,1/929.0,6.365126124862827
2023-03-31,マイジャグラーV,77,4857,806,20,15,1/138.8,1/242.8,1/323.8,5.645184785446532
2023-03-31,ファンキージャグラー2,61,3854,999,16,20,1/107.1,1/240.9,1/192.7,6.152115034973393
2023-03-31,ファンキージャグラー2,62,708,-84,2,2,1/177.0,1/354.0,1/354.0,5.460226529991337
2023-03-31,ファンキージャグラー2,63,468,-169,2,0,1/234.0,1/234.0,1/0.0,6.985966119557048
2023-03-31,ファンキージャグラー2,78,318,-110,1,0,1/318.0,1/318.0,1/0.0,5.592725587554954
2023-03-31,ファンキージャグラー2,79,738,-263,3,0,1/246.0,1/246.0,1/0.0,6.667942128948334
2023-03-31,ファンキージャグラー2,80,578,-217,2,0,1/289.0,1/289.0,1/0.0,6.035855382784706
2023-03-31,ファンキージャグラー2,81,2741,-251,11,4,1/182.7,1/249.2,1/685.2,5.979140575980907
2023-03-31,ファンキージャグラー2,82,310,-201,1,0,1/310.0,1/310.0,1/0.0,7.216707842640848
2023-03-31,ファンキージャグラー2,83,521,-588,0,1,1/521.0,1/0.0,1/521.0,6.57203130797141
2023-03-31,ファンキージャグラー2,84,5862,-43,20,22,1/139.6,1/293.1,1/266.5,5.9363983576470885
2023-03-31,ハッピージャグラーVIII,150,3107,-726,8,13,1/148.0,1/388.4,1/239.0,6.509205316797257
2023-03-31,ハッピージャグラーVIII,151,5840,1928,32,16,1/121.7,1/182.5,1/365.0,6.478674179266247
2023-03-31,ハッピージャグラーVIII,152,838,-875,0,2,1/419.0,1/0.0,1/419.0,6.6239076826460535
2023-03-31,ハッピージャグラーVIII,153,1625,-737,3,5,1/203.1,1/541.7,1/325.0,6.202622993839126
2023-03-30,アイムジャグラーEX-TP,109,4554,-356,14,15,1/157.0,1/325.3,1/303.6,5.865042890347743
2023-03-30,アイムジャグラーEX-TP,110,2986,-1190,4,11,1/199.1,1/746.5,1/271.5,5.546560093458609
2023-03-30,アイムジャグラーEX-TP,111,2077,-226,8,3,1/188.8,1/259.6,1/692.3,6.087404281282861
2023-03-30,アイムジャグラーEX-TP,112,3780,-918,11,10,1/180.0,1/343.6,1/378.0,6.142846034195664
2023-03-30,アイムジャグラーEX-TP,113,1465,-634,4,3,1/209.3,1/366.2,1/488.3,6.587086567581597
2023-03-30,アイムジャグラーEX-TP,114,974,-251,3,2,1/194.8,1/324.7,1/487.0,6.1483412955615595
2023-03-30,アイムジャグラーEX-TP,115,4851,-505,17,12,1/167.3,1/285.4,1/404.2,6.115704515229309
2023-03-30,アイムジャグラーEX-TP,116,862,153,3,5,1/107.8,1/287.3,1/172.4,6.255375486533236
2023-03-30,アイムジャグラーEX-TP,117,5045,839,22,16,1/132.8,1/229.3,1/315.3,6.16854268209703
2023-03-30,アイムジャグラーEX-TP,118,1531,947,10,3,1/117.8,1/153.1,1/510.3,6.064543458514462
2023-03-30,アイムジャグラーEX-TP,119,1798,-58,6,6,1/149.8,1/299.7,1/299.7,5.971142180533598
2023-03-30,アイムジャグラーEX-TP,120,2985,-79,13,5,1/165.8,1/229.6,1/597.0,6.409817306249045
2023-03-30,アイムジャグラーEX-TP,121,4609,71,17,16,1/139.7,1/271.1,1/288.1,6.219157972428201
2023-03-30,アイムジャグラーEX-TP,122,4042,-31,15,14,1/139.4,1/269.5,1/288.7,6.357570761830912
2023-03-30,アイムジャグラーEX-TP,123,631,-293,1,1,1/315.5,1/631.0,1/631.0,5.281053304826246
2023-03-30,アイムジャグラーEX-TP,124,2561,-547,8,7,1/170.7,1/320.1,1/365.9,6.3015229779585225
2023-03-30,アイムジャグラーEX-TP,125,3956,-569,11,11,1/179.8,1/359.6,1/359.6,5.629780136593038
2023-03-30,アイムジャグラーEX-TP,126,1026,-508,2,2,1/256.5,1/513.0,1/513.0,5.892080515452526
2023-03-30,アイムジャグラーEX-TP,127,5412,-106,17,21,1/142.4,1/318.4,1/257.7,5.926276463775503
2023-03-30,アイムジャグラーEX-TP,128,842,295,3,6,1/93.6,1/280.7,1/140.3,6.131465464666411
2023-03-30,アイムジャグラーEX-TP,129,4550,433,18,15,1/137.9,1/252.8,1/303.3,6.081255598848304
2023-03-30,アイムジャグラーEX-TP,130,931,-23,4,0,1/232.8,1/232.8,1/0.0,5.617460926969146
2023-03-30,アイムジャグラーEX-TP,131,5557,1811,28,17,1/123.5,1/198.5,1/326.9,6.1687689713651555
2023-03-30,アイムジャグラーEX-TP,132,2414,-184,8,8,1/150.9,1/301.8,1/301.8,6.1359274156897134
2023-03-30,アイムジャグラーEX-TP,154,420,471,4,1,1/84.0,1/105.0,1/420.0,7.766193206245126
2023-03-30,アイムジャグラーEX-TP,155,6408,4170,36,33,1/92.9,1/178.0,1/194.2,6.264523186933049
2023-03-30,アイムジャグラーEX-TP,156,267,-465,0,0,1/0.0,1/0.0,1/0.0,10.168453572440523
2023-03-30,アイムジャグラーEX-TP,157,5335,258,20,15,1/152.4,1/266.8,1/355.7,5.852317668629707
2023-03-30,アイムジャグラーEX-TP,158,4080,-736,11,16,1/151.1,1/370.9,1/255.0,6.168038689929748
2023-03-30,アイムジャグラーEX-TP,159,933,-537,1,4,1/186.6,1/933.0,1/233.2,6.2739952579893075
2023-03-30,アイムジャグラーEX-TP,160,3246,-490,12,6,1/180.3,1/270.5,1/541.0,6.287001745911618
2023-03-30,アイムジャグラーEX-TP,161,1473,-1066,2,2,1/368.2,1/736.5,1/736.5,5.996289383775221
2023-03-30,アイムジャグラーEX-TP,162,1950,958,12,7,1/102.6,1/162.5,1/278.6,7.0701037039185595
2023-03-30,アイムジャグラーEX-TP,163,828,-724,1,2,1/276.0,1/828.0,1/414.0,7.14024730608731
2023-03-30,アイムジャグラーEX-TP,164,4524,1243,22,11,1/137.1,1/205.6,1/411.3,5.927411146449494
2023-03-30,アイムジャグラーEX-TP,165,1395,20,7,1,1/174.4,1/199.3,1/1395.0,6.591823870246444
2023-03-30,アイムジャグラーEX-TP,166,3832,-70,14,11,1/153.3,1/273.7,1/348.4,6.0665641081708275
2023-03-30,アイムジャグラーEX-TP,167,950,-227,3,3,1/158.3,1/316.7,1/316.7,6.693652655794765
2023-03-30,アイムジャグラーEX-TP,168,4591,-1037,14,12,1/176.6,1/327.9,1/382.6,6.2145336052765945
2023-03-30,アイムジャグラーEX-TP,169,7826,2030,34,32,1/118.6,1/230.2,1/244.6,6.1223537932863366
2023-03-30,アイムジャグラーEX-TP,170,1546,-294,5,4,1/171.8,1/309.2,1/386.5,6.254258083780277
2023-03-30,アイムジャグラーEX-TP,171,2808,-456,10,5,1/187.2,1/280.8,1/561.6,6.1464837089616315
2023-03-30,アイムジャグラーEX-TP,172,844,-597,1,2,1/281.3,1/844.0,1/422.0,6.165353765296232
2023-03-30,アイムジャグラーEX-TP,173,5454,834,23,14,1/147.4,1/237.1,1/389.6,5.808919708044591
2023-03-30,アイムジャグラーEX-TP,174,197,-151,0,1,1/197.0,1/0.0,1/197.0,6.258213905751298
2023-03-30,アイムジャグラーEX-TP,175,6903,1725,32,23,1/125.5,1/215.7,1/300.1,6.172180664690479
2023-03-30,アイムジャグラーEX-TP,176,784,-433,1,2,1/261.3,1/784.0,1/392.0,5.663446376156428
2023-03-30,アイムジャグラーEX-TP,177,3245,-1438,7,8,1/216.3,1/463.6,1/405.6,6.114495962501276
2023-03-30,アイムジャグラーEX-TP,178,4754,-1151,13,12,1/190.2,1/365.7,1/396.2,5.8878686015981385
2023-03-30,マイジャグラーV,73,6646,1560,30,21,1/130.3,1/221.5,1/316.5,5.779034716379338
2023-03-30,マイジャグラーV,74,1692,-1045,2,4,1/282.0,1/846.0,1/423.0,5.694197466388375
2023-03-30,マイジャグラーV,75,6157,1291,27,20,1/131.0,1/228.0,1/307.9,5.790243644238661
2023-03-30,マイジャグラーV,76,5680,1034,24,20,1/129.1,1/236.7,1/284.0,5.85536043299978
2023-03-30,マイジャグラーV,77,8677,5957,48,45,1/93.3,1/180.8,1/192.8,5.715999031801198
2023-03-30,ファンキージャグラー2,61,845,-247,2,2,1/211.2,1/422.5,1/422.5,5.537572552644825
2023-03-30,ファンキージャグラー2,62,1838,206,8,3,1/167.1,1/229.8,1/612.7,5.540315250870704
2023-03-30,ファンキージャグラー2,63,367,-33,2,0,1/183.5,1/183.5,1/0.0,7.048662902738294
2023-03-30,ファンキージャグラー2,78,118,-182,0,0,1/0.0,1/0.0,1/0.0,8.110899364703497
2023-03-30,ファンキージャグラー2,79,275,-225,0,1,1/275.0,1/0.0,1/275.0,5.8644381801582055
2023-03-30,ファンキージャグラー2,80,406,-438,0,1,1/406.0,1/0.0,1/406.0,6.582864851433577
2023-03-30,ファンキージャグラー2,81,3103,659,14,11,1/124.1,1/221.6,1/282.1,6.042392995010765
2023-03-30,ファンキージャグラー2,82,4348,1336,21,15,1/120.8,1/207.0,1/289.9,5.9178729085072765
2023-03-30,ファンキージャグラー2,83,1839,642,10,3,1/141.5,1/183.9,1/613.0,5.628092998039463
2023-03-30,ファンキージャグラー2,84,1332,-506,4,2,1/222.0,1/333.0,1/666.0,6.214395236003556
2023-03-30,ハッピージャグラーVIII,150,4452,-1943,11,9,1/222.6,1/404.7,1/494.7,6.358528908918857
2023-03-30,ハッピージャグラーVIII,151,3707,214,14,15,1/127.8,1/264.8,1/247.1,6.422979121787554
2023-03-30,ハッピージャグラーVIII,152,2099,-657,7,4,1/190.8,1/299.9,1/524.8,6.747976461007028
2023-03-30,ハッピージャグラーVIII,153,2793,-399,10,6,1/174.6,1/279.3,1/465.5,6.2812073242857975
2023-03-29,アイムジャグラーEX-TP,109,3901,437,16,12,1/139.3,1/243.8,1/325.1,6.075169137629974
2023-03-29,アイムジャグラーEX-TP,110,1019,74,4,3,1/145.6,1/254.8,1/339.7,5.995845508655701
2023-03-29,アイムジャグラーEX-TP,111,697,447,5,0,1/139.4,1/139.4,1/0.0,5.8510641423536205
2023-03-29,アイムジャグラーEX-TP,112,6638,107,25,21,1/144.3,1/265.5,1/316.1,6.168795148810428
2023-03-29,アイムジャグラーEX-TP,113,632,87,3,1,1/158.0,1/210.7,1/632.0,6.048583138540883
2023-03-29,アイムジャグラーEX-TP,114,2061,841,11,5,1/128.8,1/187.4,1/412.2,5.863718643472933
2023-03-29,アイムジャグラーEX-TP,115,4117,-746,15,11,1/158.3,1/274.5,1/374.3,6.7957010233563135
2023-03-29,アイムジャグラーEX-TP,116,4619,536,19,13,1/144.3,1/243.1,1/355.3,5.957780169546118
2023-03-29,アイムジャグラーEX-TP,117,2116,-1122,5,4,1/235.1,1/423.2,1/529.0,6.534204103523409
2023-03-29,アイムジャグラーEX-TP,118,388,-142,1,0,1/388.0,1/388.0,1/0.0,5.281263343526987
2023-03-29,アイムジャグラーEX-TP,119,3051,557,14,10,1/127.1,1/217.9,1/305.1,6.421629682064715
2023-03-29,アイムジャグラーEX-TP,120,1988,-648,5,6,1/180.7,1/397.6,1/331.3,6.235517438323973
2023-03-29,アイムジャグラーEX-TP,121,2766,-1566,4,10,1/197.6,1/691.5,1/276.6,6.377251941153874
2023-03-29,アイムジャグラーEX-TP,122,930,-509,2,1,1/310.0,1/465.0,1/930.0,5.977883758443359
2023-03-29,アイムジャグラーEX-TP,123,4491,1144,21,12,1/136.1,1/213.9,1/374.2,5.909759589637663
2023-03-29,アイムジャグラーEX-TP,124,1170,-554,2,5,1/167.1,1/585.0,1/234.0,6.566649670081978
2023-03-29,アイムジャグラーEX-TP,125,888,-749,1,1,1/444.0,1/888.0,1/888.0,6.179281842194223
2023-03-29,アイムジャグラーEX-TP,126,561,-235,2,0,1/280.5,1/280.5,1/0.0,6.591397063644227
2023-03-29,アイムジャグラーEX-TP,127,2645,-1149,4,10,1/188.9,1/661.2,1/264.5,5.909118428786634
2023-03-29,アイムジャグラーEX-TP,128,1189,-164,4,3,1/169.9,1/297.2,1/396.3,6.131147461521893
2023-03-29,アイムジャグラーEX-TP,129,3184,615,13,14,1/117.9,1/244.9,1/227.4,6.265525944757778
2023-03-29,アイムジャグラーEX-TP,130,823,83,4,0,1/205.8,1/205.8,1/0.0,5.681703643994805
2023-03-29,アイムジャグラーEX-TP,131,1952,-556,4,8,1/162.7,1/488.0,1/244.0,5.977918207134131
2023-03-29,アイムジャグラーEX-TP,132,6720,-278,22,26,1/140.0,1/305.5,1/258.5,6.17341338682645
2023-03-29,アイムジャグラーEX-TP,154,584,-501,0,1,1/584.0,1/0.0,1/584.0,5.307348651274568
2023-03-29,アイムジャグラーEX-TP,155,201,-275,0,0,1/0.0,1/0.0,1/0.0,6.895595875541699
2023-03-29,アイムジャグラーEX-TP,156,3038,93,12,8,1/151.9,1/253.2,1/379.8,6.08050541128955
2023-03-29,アイムジャグラーEX-TP,157,2920,-1076,6,10,1/182.5,1/486.7,1/292.0,6.072746511914229
2023-03-29,アイムジャグラーEX-TP,158,3001,988,16,7,1/130.5,1/187.6,1/428.7,6.173724746796538
2023-03-29,アイムジャグラーEX-TP,159,959,-116,3,3,1/159.8,1/319.7,1/319.7,6.044948446486068
2023-03-29,アイムジャグラーEX-TP,160,5864,-1469,12,25,1/158.5,1/488.7,1/234.6,5.892861408391263
2023-03-29,アイムジャグラーEX-TP,161,4259,-72,15,14,1/146.9,1/283.9,1/304.2,6.0909587076046785
2023-03-29,アイムジャグラーEX-TP,162,763,-221,2,1,1/254.3,1/381.5,1/763.0,5.497325295470428
2023-03-29,アイムジャグラーEX-TP,163,666,-398,1,1,1/333.0,1/666.0,1/666.0,5.671940094774201
2023-03-29,アイムジャグラーEX-TP,164,1946,-112,8,4,1/162.2,1/243.2,1/486.5,6.4407475715469085
2023-03-29,アイムジャグラーEX-TP,165,4831,-1309,12,13,1/193.2,1/402.6,1/371.6,5.809926131918468
2023-03-29,アイムジャグラーEX-TP,166,3239,-448,8,15,1/140.8,1/404.9,1/215.9,6.022575155332327
2023-03-29,アイムジャグラーEX-TP,167,616,-239,2,1,1/205.3,1/308.0,1/616.0,6.837842887017189
2023-03-29,アイムジャグラーEX-TP,168,2971,-566,10,7,1/174.8,1/297.1,1/424.4,6.310554158626516
2023-03-29,アイムジャグラーEX-TP,169,4452,-1517,11,12,1/193.6,1/404.7,1/371.0,6.106649673757179
2023-03-29,アイムジャグラーEX-TP,170,3095,-779,9,11,1/154.8,1/343.9,1/281.4,6.6253688906927595
2023-03-29,アイムジャグラーEX-TP,171,1821,566,10,4,1/130.1,1/182.1,1/455.2,6.399098377229414
2023-03-29,アイムジャグラーEX-TP,172,3032,995,16,5,1/144.4,1/189.5,1/606.4,5.824306155037228
2023-03-29,アイムジャグラーEX-TP,173,1588,-32,6,4,1/158.8,1/264.7,1/397.0,6.065490027807293
2023-03-29,アイムジャグラーEX-TP,174,2652,-519,8,7,1/176.8,1/331.5,1/378.9,6.045556000005744
2023-03-29,アイムジャグラーEX-TP,175,656,-388,2,0,1/328.0,1/328.0,1/0.0,6.832640105056006
2023-03-29,アイムジャグラーEX-TP,176,1639,-703,3,6,1/182.1,1/546.3,1/273.2,6.1975742036618175
2023-03-29,アイムジャグラーEX-TP,177,709,-748,0,1,1/709.0,1/0.0,1/709.0,5.974747128729509
2023-03-29,アイムジャグラーEX-TP,178,4301,1248,24,5,1/148.3,1/179.2,1/860.2,6.126721366897319
2023-03-29,マイジャグラーV,73,2948,-405,9,9,1/163.8,1/327.6,1/327.6,5.831125175436907
2023-03-29,マイジャグラーV,74,1959,-1177,3,4,1/279.9,1/653.0,1/489.8,5.844363024041241
2023-03-29,マイジャグラーV,75,1476,-215,6,1,1/210.9,1/246.0,1/1476.0,5.935719654834685
2023-03-29,マイジャグラーV,76,4070,52,13,18,1/131.3,1/313.1,1/226.1,5.891605567646878
2023-03-29,マイジャグラーV,77,6241,3366,35,26,1/102.3,1/178.3,1/240.0,6.009059518963063
2023-03-29,ファンキージャグラー2,61,1117,1,4,5,1/124.1,1/279.2,1/223.4,6.418120589562122
2023-03-29,ファンキージャグラー2,62,279,-297,0,0,1/0.0,1/0.0,1/0.0,5.463794649446901
2023-03-29,ファンキージャグラー2,63,146,-166,0,0,1/0.0,1/0.0,1/0.0,5.748308727487841
2023-03-29,ファンキージャグラー2,78,213,-267,0,0,1/0.0,1/0.0,1/0.0,6.273629659246921
2023-03-29,ファンキージャグラー2,79,419,-88,2,0,1/209.5,1/209.5,1/0.0,6.798839734999402
2023-03-29,ファンキージャグラー2,80,1018,-411,1,5,1/169.7,1/1018.0,1/203.6,5.625410387640785
2023-03-29,ファンキージャグラー2,81,675,-225,2,1,1/225.0,1/337.5,1/675.0,5.9463343326478535
2023-03-29,ファンキージャグラー2,82,3040,1225,16,5,1/144.8,1/190.0,1/608.0,5.277780068480932
2023-03-29,ファンキージャグラー2,83,537,208,2,5,1/76.7,1/268.5,1/107.4,7.029233988571604
2023-03-29,ファンキージャグラー2,84,2535,115,11,4,1/169.0,1/230.5,1/633.8,5.773658083569715
2023-03-29,ハッピージャグラーVIII,150,4147,1621,19,19,1/109.1,1/218.3,1/218.3,5.9947192767971815
2023-03-29,ハッピージャグラーVIII,151,2343,-218,7,9,1/146.4,1/334.7,1/260.3,6.1372373899073285
2023-03-29,ハッピージャグラーVIII,152,3314,-362,14,5,1/174.4,1/236.7,1/662.8,6.58942845109012
2023-03-29,ハッピージャグラーVIII,153,2616,21,10,7,1/153.9,1/261.6,1/373.7,6.079188400462352
2023-03-28,アイムジャグラーEX-TP,109,5387,-667,18,16,1/158.4,1/299.3,1/336.7,6.23986485289035
2023-03-28,アイムジャグラーEX-TP,110,5217,-358,17,12,1/179.9,1/306.9,1/434.8,5.626317829065692
2023-03-28,アイムジャグラーEX-TP,111,3884,48,15,8,1/168.9,1/258.9,1/485.5,5.821730255704512
2023-03-28,アイムジャグラーEX-TP,112,4561,-826,10,22,1/142.5,1/456.1,1/207.3,5.983927441160321
2023-03-28,アイムジャグラーEX-TP,113,4049,3,15,13,1/144.6,1/269.9,1/311.5,6.18975006740086
2023-03-28,アイムジャグラーEX-TP,114,2895,898,14,7,1/137.9,1/206.8,1/413.6,5.7422867650406015
2023-03-28,アイムジャグラーEX-TP,115,1357,-308,4,1,1/271.4,1/339.2,1/1357.0,5.367136033325761
2023-03-28,アイムジャグラーEX-TP,116,3349,595,16,8,1/139.5,1/209.3,1/418.6,6.259310467331446
2023-03-28,アイムジャグラーEX-TP,117,3243,-876,9,11,1/162.2,1/360.3,1/294.8,6.462827918268722
2023-03-28,アイムジャグラーEX-TP,118,3406,213,14,8,1/154.8,1/243.3,1/425.8,5.995215022804876
2023-03-28,アイムジャグラーEX-TP,119,2422,-322,8,6,1/173.0,1/302.8,1/403.7,6.017221177696889
2023-03-28,アイムジャグラーEX-TP,120,4051,1287,21,11,1/126.6,1/192.9,1/368.3,6.226052521017961
2023-03-28,アイムジャグラーEX-TP,121,3577,-826,9,13,1/162.6,1/397.4,1/275.2,6.064895432352102
2023-03-28,アイムジャグラーEX-TP,122,1296,-339,4,2,1/216.0,1/324.0,1/648.0,5.951087023902706
2023-03-28,アイムジャグラーEX-TP,123,6019,1188,29,10,1/154.3,1/207.6,1/601.9,5.89577240206668
2023-03-28,アイムジャグラーEX-TP,124,760,190,4,1,1/152.0,1/190.0,1/760.0,6.012223007590826
2023-03-28,アイムジャグラーEX-TP,125,3799,183,14,12,1/146.1,1/271.4,1/316.6,5.92715364352385
2023-03-28,アイムジャグラーEX-TP,126,1544,-351,3,5,1/193.0,1/514.7,1/308.8,5.317889227816307
2023-03-28,アイムジャグラーEX-TP,127,2189,-404,7,5,1/182.4,1/312.7,1/437.8,6.048021233334373
2023-03-28,アイムジャグラーEX-TP,128,2090,-283,7,6,1/160.8,1/298.6,1/348.3,6.259971213118024
2023-03-28,アイムジャグラーEX-TP,129,2727,-560,8,10,1/151.5,1/340.9,1/272.7,6.46931223500907
2023-03-28,アイムジャグラーEX-TP,130,2406,-552,8,6,1/171.9,1/300.8,1/401.0,6.525546701677879
2023-03-28,アイムジャグラーEX-TP,131,7543,358,26,33,1/127.8,1/290.1,1/228.6,6.186991148583532
2023-03-28,アイムジャグラーEX-TP,132,2687,837,12,13,1/107.5,1/223.9,1/206.7,6.364761270643222
2023-03-28,アイムジャグラーEX-TP,154,2196,1153,12,8,1/109.8,1/183.0,1/274.5,5.999609205782879
2023-03-28,アイムジャグラーEX-TP,155,4773,134,18,16,1/140.4,1/265.2,1/298.3,6.203564087288059
2023-03-28,アイムジャグラーEX-TP,156,1158,106,5,3,1/144.8,1/231.6,1/386.0,6.209970359457539
2023-03-28,アイムジャグラーEX-TP,157,6128,1660,29,17,1/133.2,1/211.3,1/360.5,5.943711538643214
2023-03-28,アイムジャグラーEX-TP,158,1157,-374,3,4,1/165.3,1/385.7,1/289.2,6.534340898202481
2023-03-28,アイムジャグラーEX-TP,159,4371,-579,15,12,1/161.9,1/291.4,1/364.2,6.288601579453287
2023-03-28,アイムジャグラーEX-TP,160,2038,-426,6,4,1/203.8,1/339.7,1/509.5,5.744453234316022
2023-03-28,アイムジャグラーEX-TP,161,3151,-596,8,13,1/150.0,1/393.9,1/242.4,6.114756494813547
2023-03-28,アイムジャグラーEX-TP,162,3306,1450,18,11,1/114.0,1/183.7,1/300.5,6.240126052811284
2023-03-28,アイムジャグラーEX-TP,163,1909,-868,5,2,1/272.7,1/381.8,1/954.5,6.080070741575304
2023-03-28,アイムジャグラーEX-TP,164,1422,-932,2,2,1/355.5,1/711.0,1/711.0,5.7738249048212165
2023-03-28,アイムジャグラーEX-TP,165,4680,1152,19,18,1/126.5,1/246.3,1/260.0,5.76329163751925
2023-03-28,アイムジャグラーEX-TP,166,5177,-825,17,13,1/172.6,1/304.5,1/398.2,6.131513708830533
2023-03-28,アイムジャグラーEX-TP,167,3932,320,14,13,1/145.6,1/280.9,1/302.5,5.7134509908035085
2023-03-28,アイムジャグラーEX-TP,168,5961,365,23,21,1/135.5,1/259.2,1/283.9,6.227770016194918
2023-03-28,アイムジャグラーEX-TP,169,5260,-193,19,18,1/142.2,1/276.8,1/292.2,6.358692002548554
2023-03-28,アイムジャグラーEX-TP,170,2702,-435,9,10,1/142.2,1/300.2,1/270.2,6.791566985172391
2023-03-28,アイムジャグラーEX-TP,171,3461,-1421,7,12,1/182.2,1/494.4,1/288.4,6.253266997751949
2023-03-28,アイムジャグラーEX-TP,172,5957,-1084,17,21,1/156.8,1/350.4,1/283.7,6.1845109654795065
2023-03-28,アイムジャグラーEX-TP,173,476,-305,1,0,1/476.0,1/476.0,1/0.0,5.8835315378921065
2023-03-28,アイムジャグラーEX-TP,174,6261,1396,26,25,1/122.8,1/240.8,1/250.4,6.025941925415394
2023-03-28,アイムジャグラーEX-TP,175,2168,-506,6,6,1/180.7,1/361.3,1/361.3,5.98812781846648
2023-03-28,アイムジャグラーEX-TP,176,1982,-550,5,6,1/180.2,1/396.4,1/330.3,6.021158569945068
2023-03-28,アイムジャグラーEX-TP,177,4113,-4,15,10,1/164.5,1/274.2,1/411.3,5.799359340698713
2023-03-28,アイムジャグラーEX-TP,178,4682,-193,17,10,1/173.4,1/275.4,1/468.2,5.833500798331155
2023-03-28,マイジャグラーV,73,8312,-259,27,31,1/143.3,1/307.9,1/268.1,5.852354076687398
2023-03-28,マイジャグラーV,74,2152,-335,6,9,1/143.5,1/358.7,1/239.1,6.10940455960306
2023-03-28,マイジャグラーV,75,3197,1016,16,10,1/123.0,1/199.8,1/319.7,5.912699723736411
2023-03-28,マイジャグラーV,76,1845,-716,3,7,1/184.5,1/615.0,1/263.6,5.746929855547842
2023-03-28,マイジャグラーV,77,3095,-527,11,7,1/171.9,1/281.4,1/442.1,6.179972453945883
2023-03-28,ファンキージャグラー2,61,1136,-683,2,2,1/284.0,1/568.0,1/568.0,5.976575611573091
2023-03-28,ファンキージャグラー2,62,471,-565,0,1,1/471.0,1/0.0,1/471.0,7.0991509091453775
2023-03-28,ファンキージャグラー2,63,4000,1568,23,10,1/121.2,1/173.9,1/400.0,6.121414429321576
2023-03-28,ファンキージャグラー2,78,5334,604,22,14,1/148.2,1/242.5,1/381.0,5.693330421914583
2023-03-28,ファンキージャグラー2,79,837,-181,3,1,1/209.2,1/279.0,1/837.0,5.965139744712331
2023-03-28,ファンキージャグラー2,80,584,-329,2,0,1/292.0,1/292.0,1/0.0,6.980836170294151
2023-03-28,ファンキージャグラー2,81,2421,435,11,6,1/142.4,1/220.1,1/403.5,5.775057743868495
2023-03-28,ファンキージャグラー2,82,4046,349,18,10,1/144.5,1/224.8,1/404.6,6.082929680859304
2023-03-28,ファンキージャグラー2,83,488,-415,1,0,1/488.0,1/488.0,1/0.0,6.733871997096708
2023-03-28,ファンキージャグラー2,84,1466,-894,2,4,1/244.3,1/733.0,1/366.5,6.00335528591645
2023-03-28,ハッピージャグラーVIII,150,3805,255,16,9,1/152.2,1/237.8,1/422.8,6.092823688514196
2023-03-28,ハッピージャグラーVIII,151,3807,-483,13,10,1/165.5,1/292.8,1/380.7,6.2328067516179235
2023-03-28,ハッピージャグラーVIII,152,1158,-737,2,2,1/289.5,1/579.0,1/579.0,6.32619483068483
2023-03-28,ハッピージャグラーVIII,153,2941,-880,7,9,1/183.8,1/420.1,1/326.8,6.071174300271229
2023-03-27,アイムジャグラーEX-TP,109,4075,229,17,8,1/163.0,1/239.7,1/509.4,5.9287236476417675
2023-03-27,アイムジャグラーEX-TP,110,204,-19,1,0,1/204.0,1/204.0,1/0.0,6.646919234392202
2023-03-27,アイムジャグラーEX-TP,111,4760,499,19,16,1/136.0,1/250.5,1/297.5,6.106426417273028
2023-03-27,アイムジャグラーEX-TP,112,630,-350,1,1,1/315.0,1/630.0,1/630.0,5.622856286040947
2023-03-27,アイムジャグラーEX-TP,113,1019,-521,1,5,1/169.8,1/1019.0,1/203.8,6.139210298739155
2023-03-27,アイムジャグラーEX-TP,114,3702,1510,19,13,1/115.7,1/194.8,1/284.8,6.096535929181901
2023-03-27,アイムジャグラーEX-TP,115,511,-636,0,1,1/511.0,1/0.0,1/511.0,7.290606574186772
2023-03-27,アイムジャグラーEX-TP,116,1816,-848,3,5,1/227.0,1/605.3,1/363.2,5.780151063102188
2023-03-27,アイムジャグラーEX-TP,117,3949,-373,13,12,1/158.0,1/303.8,1/329.1,6.07294880233499
2023-03-27,アイムジャグラーEX-TP,118,798,-403,2,1,1/266.0,1/399.0,1/798.0,6.2782160771581745
2023-03-27,アイムジャグラーEX-TP,119,1853,-716,5,4,1/205.9,1/370.6,1/463.2,6.357519664309238
2023-03-27,アイムジャグラーEX-TP,120,2416,-1210,6,3,1/268.4,1/402.7,1/805.3,6.224455675086918
2023-03-27,アイムジャグラーEX-TP,121,3301,-904,9,10,1/173.7,1/366.8,1/330.1,6.245633047129706
2023-03-27,アイムジャグラーEX-TP,122,1631,-634,6,0,1/271.8,1/271.8,1/0.0,6.582618480876947
2023-03-27,アイムジャグラーEX-TP,123,983,-661,2,1,1/327.7,1/491.5,1/983.0,6.411277796362294
2023-03-27,アイムジャグラーEX-TP,124,1166,-25,4,4,1/145.8,1/291.5,1/291.5,6.0688821244043805
2023-03-27,アイムジャグラーEX-TP,125,1461,-69,6,2,1/182.6,1/243.5,1/730.5,6.065778447379932
2023-03-27,アイムジャグラーEX-TP,126,1155,-1075,0,4,1/288.8,1/0.0,1/288.8,6.310571929046223
2023-03-27,アイムジャグラーEX-TP,127,2781,520,12,7,1/146.4,1/231.8,1/397.3,5.749568281023185
2023-03-27,アイムジャグラーEX-TP,128,4459,2575,26,16,1/106.2,1/171.5,1/278.7,6.158543250251791
2023-03-27,アイムジャグラーEX-TP,129,1034,-69,3,4,1/147.7,1/344.7,1/258.5,5.864450320364032
2023-03-27,アイムジャグラーEX-TP,130,1788,-176,5,6,1/162.5,1/357.6,1/298.0,5.683212942773701
2023-03-27,アイムジャグラーEX-TP,131,3378,416,14,13,1/125.1,1/241.3,1/259.8,6.432884325751741
2023-03-27,アイムジャグラーEX-TP,132,3094,-645,9,10,1/162.8,1/343.8,1/309.4,6.244399289494731
2023-03-27,アイムジャグラーEX-TP,154,962,-638,1,2,1/320.7,1/962.0,1/481.0,5.690229243484022
2023-03-27,アイムジャグラーEX-TP,155,1944,-481,6,5,1/176.7,1/324.0,1/388.8,6.346967352721382
2023-03-27,アイムジャグラーEX-TP,156,3229,1807,20,10,1/107.6,1/161.4,1/322.9,6.468599965391287
2023-03-27,アイムジャグラーEX-TP,157,3250,831,13,14,1/120.4,1/250.0,1/232.1,5.844942663360527
2023-03-27,アイムジャグラーEX-TP,158,2365,-159,9,6,1/157.7,1/262.8,1/394.2,6.332573647630699
2023-03-27,アイムジャグラーEX-TP,159,3659,-1136,9,13,1/166.3,1/406.6,1/281.5,6.341939270393772
2023-03-27,アイムジャグラーEX-TP,160,2435,786,12,8,1/121.8,1/202.9,1/304.4,6.1539254715398
2023-03-27,アイムジャグラーEX-TP,161,1351,-440,4,3,1/193.0,1/337.8,1/450.3,6.414204038821553
2023-03-27,アイムジャグラーEX-TP,162,348,-247,0,2,1/174.0,1/0.0,1/174.0,6.293582607431274
2023-03-27,アイムジャグラーEX-TP,163,7255,-266,23,27,1/145.1,1/315.4,1/268.7,5.967226560581907
2023-03-27,アイムジャグラーEX-TP,164,282,-275,0,1,1/282.0,1/0.0,1/282.0,6.5823211458467314
2023-03-27,アイムジャグラーEX-TP,165,3785,371,16,9,1/151.4,1/236.6,1/420.6,5.980122767101551
2023-03-27,アイムジャグラーEX-TP,166,3764,-671,11,13,1/156.8,1/342.2,1/289.5,6.216868007964197
2023-03-27,アイムジャグラーEX-TP,167,563,-409,1,1,1/281.5,1/563.0,1/563.0,6.743078642981174
2023-03-27,アイムジャグラーEX-TP,168,4250,-1494,9,14,1/184.8,1/472.2,1/303.6,6.0106671663770355
2023-03-27,アイムジャグラーEX-TP,169,973,-496,2,2,1/243.2,1/486.5,1/486.5,6.1240448252387685
2023-03-27,アイムジャグラーEX-TP,170,4354,-940,11,14,1/174.2,1/395.8,1/311.0,5.833474715377279
2023-03-27,アイムジャグラーEX-TP,171,655,-717,0,1,1/655.0,1/0.0,1/655.0,6.210005314057982
2023-03-27,アイムジャグラーEX-TP,172,4715,70,15,19,1/138.7,1/314.3,1/248.2,5.882234790118993
2023-03-27,アイムジャグラーEX-TP,173,3089,1456,16,12,1/110.3,1/193.1,1/257.4,6.022938719903439
2023-03-27,アイムジャグラーEX-TP,174,719,-269,2,3,1/143.8,1/359.5,1/239.7,7.562330590384525
2023-03-27,アイムジャグラーEX-TP,175,6600,1115,30,15,1/146.7,1/220.0,1/440.0,5.975783138829891
2023-03-27,アイムジャグラーEX-TP,176,400,-404,0,1,1/400.0,1/0.0,1/400.0,6.249047996594269
2023-03-27,アイムジャグラーEX-TP,177,2851,-746,7,10,1/167.7,1/407.3,1/285.1,6.080527555187079
2023-03-27,アイムジャグラーEX-TP,178,5936,87,22,16,1/156.2,1/269.8,1/371.0,5.903818638828863
2023-03-27,マイジャグラーV,73,5476,1809,28,17,1/121.7,1/195.6,1/322.1,5.961949339032287
2023-03-27,マイジャグラーV,74,7492,436,26,32,1/129.2,1/288.2,1/234.1,5.918885459015551
2023-03-27,マイジャグラーV,75,1026,-273,3,2,1/205.2,1/342.0,1/513.0,5.8004042729136
2023-03-27,マイジャグラーV,76,1432,-750,2,6,1/179.0,1/716.0,1/238.7,6.281669627429875
2023-03-27,マイジャグラーV,77,6726,-1617,15,25,1/168.2,1/448.4,1/269.0,5.704021347134521
2023-03-27,ファンキージャグラー2,61,2541,-611,8,5,1/195.5,1/317.6,1/508.2,5.936609521348591
2023-03-27,ファンキージャグラー2,62,998,-733,2,0,1/499.0,1/499.0,1/0.0,6.084704513061308
2023-03-27,ファンキージャグラー2,63,344,42,2,0,1/172.0,1/172.0,1/0.0,6.350190874923392
2023-03-27,ファンキージャグラー2,78,664,208,4,1,1/132.8,1/166.0,1/664.0,6.363148934579833
2023-03-27,ファンキージャグラー2,79,871,-312,3,1,1/217.8,1/290.3,1/871.0,6.466835149624914
2023-03-27,ファンキージャグラー2,80,554,-383,1,0,1/554.0,1/554.0,1/0.0,5.691904114018907
2023-03-27,ファンキージャグラー2,81,333,-335,0,1,1/333.0,1/0.0,1/333.0,6.469048250989359
2023-03-27,ファンキージャグラー2,82,1002,46,4,1,1/200.4,1/250.5,1/1002.0,5.247765084476841
2023-03-27,ファンキージャグラー2,83,435,-268,1,0,1/435.0,1/435.0,1/0.0,5.871094056445171
2023-03-27,ファンキージャグラー2,84,1340,-566,3,4,1/191.4,1/446.7,1/335.0,6.219150807445344
2023-03-27,ハッピージャグラーVIII,150,2690,-815,8,4,1/224.2,1/336.2,1/672.5,6.050710691397728
2023-03-27,ハッピージャグラーVIII,151,2906,-767,8,10,1/161.4,1/363.2,1/290.6,6.519071902659893
2023-03-27,ハッピージャグラーVIII,152,2625,623,11,11,1/119.3,1/238.6,1/238.6,6.096874988659086
2023-03-27,ハッピージャグラーVIII,153,1099,-482,2,4,1/183.2,1/549.5,1/274.8,6.3634074541470245
2023-03-26,アイムジャグラーEX-TP,109,3326,207,14,5,1/175.1,1/237.6,1/665.2,5.756264363727095
2023-03-26,アイムジャグラーEX-TP,110,3629,382,15,8,1/157.8,1/241.9,1/453.6,5.775761571723986
2023-03-26,アイムジャグラーEX-TP,111,2023,-273,8,2,1/202.3,1/252.9,1/1011.5,6.127305849363017
2023-03-26,アイムジャグラーEX-TP,112,3764,81,16,7,1/163.7,1/235.2,1/537.7,6.131733118238304
2023-03-26,アイムジャグラーEX-TP,113,2154,-454,6,7,1/165.7,1/359.0,1/307.7,6.1155149222396945
2023-03-26,アイムジャグラーEX-TP,114,2437,405,11,4,1/162.5,1/221.5,1/609.2,5.6976429456669075
2023-03-26,アイムジャグラーEX-TP,115,1131,-476,4,0,1/282.8,1/282.8,1/0.0,6.563513688553092
2023-03-26,アイムジャグラーEX-TP,116,2525,-573,8,7,1/168.3,1/315.6,1/360.7,6.444906577569555
2023-03-26,アイムジャグラーEX-TP,117,2968,-147,11,9,1/148.4,1/269.8,1/329.8,6.3553689334491805
2023-03-26,アイムジャグラーEX-TP,118,2196,57,7,10,1/129.2,1/313.7,1/219.6,6.062235807225208
2023-03-26,アイムジャグラーEX-TP,119,3042,-1294,7,9,1/190.1,1/434.6,1/338.0,6.436138107252381
2023-03-26,アイムジャグラーEX-TP,120,5000,-2353,8,18,1/192.3,1/625.0,1/277.8,6.093752380372023
2023-03-26,アイムジャグラーEX-TP,121,3872,-1214,11,6,1/227.8,1/352.0,1/645.3,5.910993475420365
2023-03-26,アイムジャグラーEX-TP,122,2145,-396,7,5,1/178.8,1/306.4,1/429.0,6.145589443682334
2023-03-26,アイムジャグラーEX-TP,123,4854,-1230,12,17,1/167.4,1/404.5,1/285.5,6.059721514224784
2023-03-26,アイムジャグラーEX-TP,124,1867,71,8,3,1/169.7,1/233.4,1/622.3,5.9848772697855415
2023-03-26,アイムジャグラーEX-TP,125,2380,-427,8,6,1/170.0,1/297.5,1/396.7,6.327890549827219
2023-03-26,アイムジャグラーEX-TP,126,4006,612,18,8,1/154.1,1/222.6,1/500.8,5.873954209609021
2023-03-26,アイムジャグラーEX-TP,127,3270,-731,9,12,1/155.7,1/363.3,1/272.5,6.330528509109234
2023-03-26,アイムジャグラーEX-TP,128,1984,-1286,2,6,1/248.0,1/992.0,1/330.7,5.975483170822679
2023-03-26,アイムジャグラーEX-TP,129,4886,1653,28,8,1/135.7,1/174.5,1/610.8,6.2950010116321735
2023-03-26,アイムジャグラーEX-TP,130,946,-284,3,2,1/189.2,1/315.3,1/473.0,6.50428461154329
2023-03-26,アイムジャグラーEX-TP,131,5124,-2466,7,18,1/205.0,1/732.0,1/284.7,5.842760571642285
2023-03-26,アイムジャグラーEX-TP,132,5118,804,24,12,1/142.2,1/213.2,1/426.5,6.231070293339505
2023-03-26,アイムジャグラーEX-TP,154,2664,-371,7,10,1/156.7,1/380.6,1/266.4,5.833798369256268
2023-03-26,アイムジャグラーEX-TP,155,534,-421,1,0,1/534.0,1/534.0,1/0.0,6.302066546754313
2023-03-26,アイムジャグラーEX-TP,156,5208,719,22,16,1/137.1,1/236.7,1/325.5,6.09569239843983
2023-03-26,アイムジャグラーEX-TP,157,4072,-244,17,4,1/193.9,1/239.5,1/1018.0,6.033632790885741
2023-03-26,アイムジャグラーEX-TP,158,2665,344,12,8,1/133.2,1/222.1,1/333.1,6.450885163109359
2023-03-26,アイムジャグラーEX-TP,159,1274,-1287,1,2,1/424.7,1/1274.0,1/637.0,6.8295900943282195
2023-03-26,アイムジャグラーEX-TP,160,4709,493,20,11,1/151.9,1/235.4,1/428.1,5.955003417519428
2023-03-26,アイムジャグラーEX-TP,161,2998,-44,10,9,1/157.8,1/299.8,1/333.1,5.75686920944264
2023-03-26,アイムジャグラーEX-TP,162,6429,1470,29,20,1/131.2,1/221.7,1/321.4,6.027197426040761
2023-03-26,アイムジャグラーEX-TP,163,3392,-425,10,11,1/161.5,1/339.2,1/308.4,5.910937609757286
2023-03-26,アイムジャグラーEX-TP,164,2208,701,11,8,1/116.2,1/200.7,1/276.0,6.4051506694209195
2023-03-26,アイムジャグラーEX-TP,165,5203,-436,18,14,1/162.6,1/289.1,1/371.6,6.065119638011093
2023-03-26,アイムジャグラーEX-TP,166,1587,285,9,2,1/144.3,1/176.3,1/793.5,6.878713969159696
2023-03-26,アイムジャグラーEX-TP,167,1654,246,8,3,1/150.4,1/206.8,1/551.3,6.206113276726126
2023-03-26,アイムジャグラーEX-TP,168,6496,2029,30,23,1/122.6,1/216.5,1/282.4,5.956411155547523
2023-03-26,アイムジャグラーEX-TP,169,5700,528,24,16,1/142.5,1/237.5,1/356.2,6.174323911531688
2023-03-26,アイムジャグラーEX-TP,170,5337,-1390,13,19,1/166.8,1/410.5,1/280.9,6.0754359458261895
2023-03-26,アイムジャグラーEX-TP,171,2224,-222,8,5,1/171.1,1/278.0,1/444.8,6.1041597460801285
2023-03-26,アイムジャグラーEX-TP,172,2868,-419,9,7,1/179.2,1/318.7,1/409.7,5.876715363627295
2023-03-26,アイムジャグラーEX-TP,173,5251,-937,17,11,1/187.5,1/308.9,1/477.4,5.9838680114837395
2023-03-26,アイムジャグラーEX-TP,174,3828,278,16,13,1/132.0,1/239.2,1/294.5,6.518297967508532
2023-03-26,アイムジャグラーEX-TP,175,5039,1364,23,13,1/140.0,1/219.1,1/387.6,5.687997307508192
2023-03-26,アイムジャグラーEX-TP,176,2670,-646,8,7,1/178.0,1/333.8,1/381.4,6.231284994820682
2023-03-26,アイムジャグラーEX-TP,177,4021,-1836,11,5,1/251.3,1/365.5,1/804.2,6.319377603698298
2023-03-26,アイムジャグラーEX-TP,178,5047,-2057,10,12,1/229.4,1/504.7,1/420.6,5.728773418872725
2023-03-26,マイジャグラーV,73,4336,-938,15,9,1/180.7,1/289.1,1/481.8,6.207167715467096
2023-03-26,マイジャグラーV,74,4190,-635,15,8,1/182.2,1/279.3,1/523.8,5.9674170129812865
2023-03-26,マイジャグラーV,75,4041,-28,16,8,1/168.4,1/252.6,1/505.1,5.764753823996612
2023-03-26,マイジャグラーV,76,3094,40,13,8,1/147.3,1/238.0,1/386.8,6.1923194214508355
2023-03-26,マイジャグラーV,77,2172,-879,6,4,1/217.2,1/362.0,1/543.0,6.203917010956212
2023-03-26,ファンキージャグラー2,61,1467,-78,6,2,1/183.4,1/244.5,1/733.5,5.851607015526353
2023-03-26,ファンキージャグラー2,62,2872,-502,11,2,1/220.9,1/261.1,1/1436.0,5.834172384964777
2023-03-26,ファンキージャグラー2,63,594,-199,2,0,1/297.0,1/297.0,1/0.0,5.763158909647204
2023-03-26,ファンキージャグラー2,78,6829,50,23,25,1/142.3,1/296.9,1/273.2,5.790666658342601
2023-03-26,ファンキージャグラー2,79,412,-446,0,0,1/0.0,1/0.0,1/0.0,5.5318311905319755
2023-03-26,ファンキージャグラー2,80,3857,858,19,7,1/148.3,1/203.0,1/551.0,5.715454356301121
2023-03-26,ファンキージャグラー2,81,344,-178,1,0,1/344.0,1/344.0,1/0.0,6.080117926008146
2023-03-26,ファンキージャグラー2,82,1951,-121,9,2,1/177.4,1/216.8,1/975.5,6.32224398182768
2023-03-26,ファンキージャグラー2,83,1455,193,6,4,1/145.5,1/242.5,1/363.8,5.662143680787408
2023-03-26,ファンキージャグラー2,84,3560,-1162,10,5,1/237.3,1/356.0,1/712.0,5.7287432046605575
2023-03-26,ハッピージャグラーVIII,150,4881,685,19,21,1/122.0,1/256.9,1/232.4,6.270409683305933
2023-03-26,ハッピージャグラーVIII,151,3851,787,18,9,1/142.6,1/213.9,1/427.9,5.967379346370905
2023-03-26,ハッピージャグラーVIII,152,3799,1248,18,15,1/115.1,1/211.1,1/253.3,6.1765331289446594
2023-03-26,ハッピージャグラーVIII,153,7984,2030,35,30,1/122.8,1/228.1,1/266.1,6.041496393300809
2023-03-25,アイムジャグラーEX-TP,109,3930,-696,12,10,1/178.6,1/327.5,1/393.0,5.96267909088716
2023-03-25,アイムジャグラーEX-TP,110,7135,934,29,24,1/134.6,1/246.0,1/297.3,6.071492225149994
2023-03-25,アイムジャグラーEX-TP,111,5277,-470,19,17,1/146.6,1/277.7,1/310.4,6.515876017733654
2023-03-25,アイムジャグラーEX-TP,112,2179,-787,4,9,1/167.6,1/544.8,1/242.1,6.095191676994785
2023-03-25,アイムジャグラーEX-TP,113,2728,-927,8,5,1/209.8,1/341.0,1/545.6,6.264051780195065
2023-03-25,アイムジャグラーEX-TP,114,2232,-1746,2,6,1/279.0,1/1116.0,1/372.0,6.32471494577747
2023-03-25,アイムジャグラーEX-TP,115,4897,1099,23,11,1/144.0,1/212.9,1/445.2,5.887866879814582
2023-03-25,アイムジャグラーEX-TP,116,3302,-1142,9,7,1/206.4,1/366.9,1/471.7,6.174108205976925
2023-03-25,アイムジャグラーEX-TP,117,1788,-917,3,4,1/255.4,1/596.0,1/447.0,5.793705773780999
2023-03-25,アイムジャグラーEX-TP,118,6842,224,24,25,1/139.6,1/285.1,1/273.7,6.007343164859962
2023-03-25,アイムジャグラーEX-TP,119,4002,-61,15,12,1/148.2,1/266.8,1/333.5,6.222031080211294
2023-03-25,アイムジャグラーEX-TP,120,4632,-355,16,16,1/144.8,1/289.5,1/289.5,6.375578736552994
2023-03-25,アイムジャグラーEX-TP,121,3765,-862,10,10,1/188.2,1/376.5,1/376.5,5.8010932248778
2023-03-25,アイムジャグラーEX-TP,122,6048,1078,23,25,1/126.0,1/263.0,1/241.9,5.893818187714834
2023-03-25,アイムジャグラーEX-TP,123,3259,-738,9,9,1/181.1,1/362.1,1/362.1,5.948036970763874
2023-03-25,アイムジャグラーEX-TP,124,4976,307,20,14,1/146.4,1/248.8,1/355.4,6.096712732379282
2023-03-25,アイムジャグラーEX-TP,125,1984,-881,4,6,1/198.4,1/496.0,1/330.7,6.203181844587408
2023-03-25,アイムジャグラーEX-TP,126,5908,-309,21,17,1/155.5,1/281.3,1/347.5,6.1121341567513285
2023-03-25,アイムジャグラーEX-TP,127,1976,-301,6,7,1/152.0,1/329.3,1/282.3,6.271248177378827
2023-03-25,アイムジャグラーEX-TP,128,5414,-43,15,27,1/128.9,1/360.9,1/200.5,5.929232128517892
2023-03-25,アイムジャグラーEX-TP,129,1403,-745,2,3,1/280.6,1/701.5,1/467.7,5.573036228667991
2023-03-25,アイムジャグラーEX-TP,130,7453,278,28,23,1/146.1,1/266.2,1/324.0,6.025170856601848
2023-03-25,アイムジャグラーEX-TP,131,1710,-387,5,5,1/171.0,1/342.0,1/342.0,6.207101577583869
2023-03-25,アイムジャグラーEX-TP,132,5419,555,24,11,1/154.8,1/225.8,1/492.6,6.039383534411518
2023-03-25,アイムジャグラーEX-TP,154,5568,-85,20,17,1/150.5,1/278.4,1/327.5,6.061698224602837
2023-03-25,アイムジャグラーEX-TP,155,947,-717,2,0,1/473.5,1/473.5,1/0.0,6.448652721869404
2023-03-25,アイムジャグラーEX-TP,156,2385,-388,9,6,1/159.0,1/265.0,1/397.5,6.7917439162277535
2023-03-25,アイムジャグラーEX-TP,157,4173,-186,18,4,1/189.7,1/231.8,1/1043.2,6.112965313777938
2023-03-25,アイムジャグラーEX-TP,158,5692,2112,26,27,1/107.4,1/218.9,1/210.8,6.154388900483932
2023-03-25,アイムジャグラーEX-TP,159,2353,-467,7,6,1/181.0,1/336.1,1/392.2,5.972295402370649
2023-03-25,アイムジャグラーEX-TP,160,2220,-728,6,2,1/277.5,1/370.0,1/1110.0,5.572865467011147
2023-03-25,アイムジャグラーEX-TP,161,5624,-155,21,12,1/170.4,1/267.8,1/468.7,5.885137005916247
2023-03-25,アイムジャグラーEX-TP,162,3379,-1640,6,9,1/225.3,1/563.2,1/375.4,5.956227352036005
2023-03-25,アイムジャグラーEX-TP,163,3943,32,16,10,1/151.7,1/246.4,1/394.3,6.272836872737392
2023-03-25,アイムジャグラーEX-TP,164,4284,-455,13,13,1/164.8,1/329.5,1/329.5,5.836688316456848
2023-03-25,アイムジャグラーEX-TP,165,3888,-822,11,12,1/169.0,1/353.5,1/324.0,6.097199809236684
2023-03-25,アイムジャグラーEX-TP,166,4915,-523,18,12,1/163.8,1/273.1,1/409.6,6.303107528193101
2023-03-25,アイムジャグラーEX-TP,167,4842,-71,18,11,1/167.0,1/269.0,1/440.2,5.868312521891793
2023-03-25,アイムジャグラーEX-TP,168,2233,-778,6,5,1/203.0,1/372.2,1/446.6,6.1941993278919245
2023-03-25,アイムジャグラーEX-TP,169,4753,-1101,15,10,1/190.1,1/316.9,1/475.3,6.137996812761537
2023-03-25,アイムジャグラーEX-TP,170,2624,1017,13,9,1/119.3,1/201.8,1/291.6,5.950431004865884
2023-03-25,アイムジャグラーEX-TP,171,5374,2015,26,19,1/119.4,1/206.7,1/282.8,5.92181065564703
2023-03-25,アイムジャグラーEX-TP,172,4075,18,16,11,1/150.9,1/254.7,1/370.5,6.205795603936226
2023-03-25,アイムジャグラーEX-TP,173,3381,-314,10,12,1/153.7,1/338.1,1/281.8,5.907289210501369
2023-03-25,アイムジャグラーEX-TP,174,2695,-1452,5,4,1/299.4,1/539.0,1/673.8,5.7885839459047705
2023-03-25,アイムジャグラーEX-TP,175,3238,-905,10,8,1/179.9,1/323.8,1/404.8,6.464363886429871
2023-03-25,アイムジャグラーEX-TP,176,2444,-204,11,5,1/152.8,1/222.2,1/488.8,7.14825217629766
2023-03-25,アイムジャグラーEX-TP,177,3380,-1392,8,8,1/211.2,1/422.5,1/422.5,6.171090376896606
2023-03-25,アイムジャグラーEX-TP,178,2055,-1693,2,3,1/411.0,1/1027.5,1/685.0,6.0564808839927515
2023-03-25,マイジャグラーV,73,5038,-1708,13,12,1/201.5,1/387.5,1/419.8,5.937921604920027
2023-03-25,マイジャグラーV,74,5089,-148,21,6,1/188.5,1/242.3,1/848.2,5.70666265073412
2023-03-25,マイジャグラーV,75,4075,-693,13,10,1/177.2,1/313.5,1/407.5,5.867361895057103
2023-03-25,マイジャグラーV,76,6273,-535,22,14,1/174.2,1/285.1,1/448.1,5.7405531538863155
2023-03-25,マイジャグラーV,77,4938,-935,15,15,1/164.6,1/329.2,1/329.2,6.037360164023754
2023-03-25,ファンキージャグラー2,61,2480,1567,16,8,1/103.3,1/155.0,1/310.0,6.108043406514917
2023-03-25,ファンキージャグラー2,62,1625,-111,6,5,1/147.7,1/270.8,1/325.0,6.2308655511020845
2023-03-25,ファンキージャグラー2,63,4334,896,21,11,1/135.4,1/206.4,1/394.0,5.995104113579972
2023-03-25,ファンキージャグラー2,78,2108,-523,7,5,1/175.7,1/301.1,1/421.6,6.34820347799036
2023-03-25,ファンキージャグラー2,79,1738,-621,4,6,1/173.8,1/434.5,1/289.7,6.19226869600637
2023-03-25,ファンキージャグラー2,80,1372,-375,4,3,1/196.0,1/343.0,1/457.3,5.9277616694166815
2023-03-25,ファンキージャグラー2,81,6499,293,24,21,1/144.4,1/270.8,1/309.5,5.786680402204561
2023-03-25,ファンキージャグラー2,82,1100,-183,5,1,1/183.3,1/220.0,1/1100.0,6.732615697705555
2023-03-25,ファンキージャグラー2,83,868,-430,2,2,1/217.0,1/434.0,1/434.0,6.336277488074769
2023-03-25,ファンキージャグラー2,84,3873,-665,15,9,1/161.4,1/258.2,1/430.3,6.6167589408837735
2023-03-25,ハッピージャグラーVIII,150,2601,-826,5,11,1/162.6,1/520.2,1/236.5,6.167050422898488
2023-03-25,ハッピージャグラーVIII,151,3449,-523,11,10,1/164.2,1/313.5,1/344.9,6.21741851980868
2023-03-25,ハッピージャグラーVIII,152,4680,-93,17,14,1/151.0,1/275.3,1/334.3,6.137600276978884
2023-03-25,ハッピージャグラーVIII,153,1838,-1008,3,4,1/262.6,1/612.7,1/459.5,6.004349559968236
2023-03-24,アイムジャグラーEX-TP,109,2970,-580,10,8,1/165.0,1/297.0,1/371.2,6.50137700040475
2023-03-24,アイムジャグラーEX-TP,110,3077,-288,9,14,1/133.8,1/341.9,1/219.8,6.316831103066316
2023-03-24,アイムジャグラーEX-TP,111,2439,-1030,5,8,1/187.6,1/487.8,1/304.9,6.257210447330002
2023-03-24,アイムジャグラーEX-TP,112,1569,-1006,3,2,1/313.8,1/523.0,1/784.5,6.2240784882875655
2023-03-24,アイムジャグラーEX-TP,113,431,-194,1,1,1/215.5,1/431.0,1/431.0,6.278155195413771
2023-03-24,アイムジャグラーEX-TP,114,6358,918,24,22,1/138.2,1/264.9,1/289.0,5.73596437574583
2023-03-24,アイムジャグラーEX-TP,115,1567,344,8,3,1/142.5,1/195.9,1/522.3,6.236420512721322
2023-03-24,アイムジャグラーEX-TP,116,1866,16,8,3,1/169.6,1/233.2,1/622.0,6.122812796573745
2023-03-24,アイムジャグラーEX-TP,117,3383,-1559,6,10,1/211.4,1/563.8,1/338.3,5.968718621442305
2023-03-24,アイムジャグラーEX-TP,118,4264,414,17,15,1/133.2,1/250.8,1/284.3,6.208100417946093
2023-03-24,アイムジャグラーEX-TP,119,947,-851,1,1,1/473.5,1/947.0,1/947.0,6.330113197396994
2023-03-24,アイムジャグラーEX-TP,120,6657,374,24,25,1/135.9,1/277.4,1/266.3,6.056101331957476
2023-03-24,アイムジャグラーEX-TP,121,2050,-175,7,5,1/170.8,1/292.9,1/410.0,5.914052943755914
2023-03-24,アイムジャグラーEX-TP,122,5596,-630,18,16,1/164.6,1/310.9,1/349.8,5.991451752956813
2023-03-24,アイムジャグラーEX-TP,123,706,-356,2,1,1/235.3,1/353.0,1/706.0,6.794636164075642
2023-03-24,アイムジャグラーEX-TP,124,4598,-770,15,14,1/158.6,1/306.5,1/328.4,6.393919952266147
2023-03-24,アイムジャグラーEX-TP,125,1281,-501,3,4,1/183.0,1/427.0,1/320.2,6.392901753077389
2023-03-24,アイムジャグラーEX-TP,126,2473,761,13,6,1/130.2,1/190.2,1/412.2,6.229640154270376
2023-03-24,アイムジャグラーEX-TP,127,5893,713,25,19,1/133.9,1/235.7,1/310.2,6.267990558170462
2023-03-24,アイムジャグラーEX-TP,128,896,-496,2,1,1/298.7,1/448.0,1/896.0,6.117999968454063
2023-03-24,アイムジャグラーEX-TP,129,3144,451,15,6,1/149.7,1/209.6,1/524.0,6.19539727305175
2023-03-24,アイムジャグラーEX-TP,130,3986,765,16,16,1/124.6,1/249.1,1/249.1,6.017871477952396
2023-03-24,アイムジャグラーEX-TP,131,2379,-318,9,6,1/158.6,1/264.3,1/396.5,6.644965366155607
2023-03-24,アイムジャグラーEX-TP,132,1915,-877,5,5,1/191.5,1/383.0,1/383.0,6.863083456169984
2023-03-24,アイムジャグラーEX-TP,154,780,-621,1,1,1/390.0,1/780.0,1/780.0,6.211491737521471
2023-03-24,アイムジャグラーEX-TP,155,2056,85,6,11,1/120.9,1/342.7,1/186.9,6.0293787343988
2023-03-24,アイムジャグラーEX-TP,156,4392,-1004,15,9,1/183.0,1/292.8,1/488.0,6.418259375071972
2023-03-24,アイムジャグラーEX-TP,157,3778,-746,11,13,1/157.4,1/343.5,1/290.6,6.2914330332407475
2023-03-24,アイムジャグラーEX-TP,158,6506,-975,19,22,1/158.7,1/342.4,1/295.7,6.048576465297631
2023-03-24,アイムジャグラーEX-TP,159,1817,540,9,6,1/121.1,1/201.9,1/302.8,6.316683905732549
2023-03-24,アイムジャグラーEX-TP,160,2524,-605,6,10,1/157.8,1/420.7,1/252.4,6.08838345121415
2023-03-24,アイムジャグラーEX-TP,161,780,-223,2,2,1/195.0,1/390.0,1/390.0,5.908589574217945
2023-03-24,アイムジャグラーEX-TP,162,3438,-562,9,12,1/163.7,1/382.0,1/286.5,5.819580117802317
2023-03-24,アイムジャグラーEX-TP,163,2330,37,9,7,1/145.6,1/258.9,1/332.9,6.213363157476489
2023-03-24,アイムジャグラーEX-TP,164,5343,-958,16,18,1/157.1,1/333.9,1/296.8,6.270838095927085
2023-03-24,アイムジャグラーEX-TP,165,2077,-595,8,3,1/188.8,1/259.6,1/692.3,7.038975965574155
2023-03-24,アイムジャグラーEX-TP,166,2325,214,9,8,1/136.8,1/258.3,1/290.6,6.060420436780365
2023-03-24,アイムジャグラーEX-TP,167,1657,510,9,3,1/138.1,1/184.1,1/552.3,6.158631479980471
2023-03-24,アイムジャグラーEX-TP,168,7136,1775,30,35,1/109.8,1/237.9,1/203.9,6.3815125578035055
2023-03-24,アイムジャグラーEX-TP,169,5139,2306,28,17,1/114.2,1/183.5,1/302.3,6.187106255971074
2023-03-24,アイムジャグラーEX-TP,170,3746,-1868,10,2,1/312.2,1/374.6,1/1873.0,6.1158101299888825
2023-03-24,アイムジャグラーEX-TP,171,2903,622,13,10,1/126.2,1/223.3,1/290.3,6.204710078135531
2023-03-24,アイムジャグラーEX-TP,172,5432,302,22,16,1/142.9,1/246.9,1/339.5,6.221924453604042
2023-03-24,アイムジャグラーEX-TP,173,503,-395,0,1,1/503.0,1/0.0,1/503.0,5.149105504148101
2023-03-24,アイムジャグラーEX-TP,174,4921,617,20,16,1/136.7,1/246.1,1/307.6,6.047439353682714
2023-03-24,アイムジャグラーEX-TP,175,409,-277,1,1,1/204.5,1/409.0,1/409.0,7.969158382833691
2023-03-24,アイムジャグラーEX-TP,176,5590,2104,29,18,1/118.9,1/192.8,1/310.6,6.179732831024602
2023-03-24,アイムジャグラーEX-TP,177,1364,-706,3,3,1/227.3,1/454.7,1/454.7,6.407032780051918
2023-03-24,アイムジャグラーEX-TP,178,2791,-982,6,10,1/174.4,1/465.2,1/279.1,6.177270989242475
2023-03-24,マイジャグラーV,73,3542,56,11,13,1/147.6,1/322.0,1/272.5,5.503057807396651
2023-03-24,マイジャグラーV,74,3414,-46,13,11,1/142.2,1/262.6,1/310.4,6.157967810377666
2023-03-24,マイジャグラーV,75,3285,-2529,4,5,1/365.0,1/821.2,1/657.0,6.040627981202476
2023-03-24,マイジャグラーV,76,7046,1913,31,28,1/119.4,1/227.3,1/251.6,5.835580663745495
2023-03-24,マイジャグラーV,77,6208,1338,29,17,1/135.0,1/214.1,1/365.2,5.849684700298547
2023-03-24,ファンキージャグラー2,61,3026,-311,9,9,1/168.1,1/336.2,1/336.2,5.590315157711871
2023-03-24,ファンキージャグラー2,62,321,-415,0,0,1/0.0,1/0.0,1/0.0,6.473198362442139
2023-03-24,ファンキージャグラー2,63,1121,-686,1,4,1/224.2,1/1121.0,1/280.2,5.867486788831388
2023-03-24,ファンキージャグラー2,78,178,-216,0,0,1/0.0,1/0.0,1/0.0,6.082647113348249
2023-03-24,ファンキージャグラー2,79,5420,108,20,18,1/142.6,1/271.0,1/301.1,5.928312807097131
2023-03-24,ファンキージャグラー2,80,496,-44,2,1,1/165.3,1/248.0,1/496.0,6.234237653915598
2023-03-24,ファンキージャグラー2,81,2570,-1005,5,10,1/171.3,1/514.0,1/257.0,6.146470756879877
2023-03-24,ファンキージャグラー2,82,555,-554,1,0,1/555.0,1/555.0,1/0.0,7.276559236354608
2023-03-24,ファンキージャグラー2,83,2615,256,12,5,1/153.8,1/217.9,1/523.0,5.940986859826362
2023-03-24,ファンキージャグラー2,84,555,-734,0,0,1/0.0,1/0.0,1/0.0,6.632523114865889
2023-03-24,ハッピージャグラーVIII,150,4270,-94,12,21,1/129.4,1/355.8,1/203.3,6.088278975778952
2023-03-24,ハッピージャグラーVIII,151,2877,75,10,10,1/143.8,1/287.7,1/287.7,5.967605825634057
2023-03-24,ハッピージャグラーVIII,152,1010,-427,2,2,1/252.5,1/505.0,1/505.0,5.741478558633073
2023-03-24,ハッピージャグラーVIII,153,6145,2514,33,18,1/120.5,1/186.2,1/341.4,6.052142358059194
2023-03-23,アイムジャグラーEX-TP,109,5431,239,21,18,1/139.3,1/258.6,1/301.7,6.225037881779733
2023-03-23,アイムジャグラーEX-TP,110,2936,-812,9,6,1/195.7,1/326.2,1/489.3,6.216391969260026
2023-03-23,アイムジャグラーEX-TP,111,1213,-293,4,1,1/242.6,1/303.2,1/1213.0,5.798271675270782
2023-03-23,アイムジャグラーEX-TP,112,2997,972,16,6,1/136.2,1/187.3,1/499.5,6.0577961046491255
2023-03-23,アイムジャグラーEX-TP,113,1457,493,7,4,1/132.5,1/208.1,1/364.2,5.72210601935313
2023-03-23,アイムジャグラーEX-TP,114,3788,746,14,14,1/135.3,1/270.6,1/270.6,5.537732218543591
2023-03-23,アイムジャグラーEX-TP,115,6171,1246,24,26,1/123.4,1/257.1,1/237.3,5.918173611152535
2023-03-23,アイムジャグラーEX-TP,116,819,-158,2,3,1/163.8,1/409.5,1/273.0,5.826879358909515
2023-03-23,アイムジャグラーEX-TP,117,3195,-301,11,10,1/152.1,1/290.5,1/319.5,6.2944310243147275
2023-03-23,アイムジャグラーEX-TP,118,1610,-28,6,6,1/134.2,1/268.3,1/268.3,6.559396763650676
2023-03-23,アイムジャグラーEX-TP,119,3187,-1712,7,4,1/289.7,1/455.3,1/796.8,6.061808035910858
2023-03-23,アイムジャグラーEX-TP,120,4797,525,18,18,1/133.2,1/266.5,1/266.5,5.980969520021771
2023-03-23,アイムジャグラーEX-TP,121,4238,494,19,14,1/128.4,1/223.1,1/302.7,6.6455365366753405
2023-03-23,アイムジャグラーEX-TP,122,693,-174,3,0,1/231.0,1/231.0,1/0.0,6.725088568834192
2023-03-23,アイムジャグラーEX-TP,123,3385,-173,12,9,1/161.2,1/282.1,1/376.1,6.0002926582918406
2023-03-23,アイムジャグラーEX-TP,124,4297,726,18,18,1/119.4,1/238.7,1/238.7,6.421590364165296
2023-03-23,アイムジャグラーEX-TP,125,2008,940,12,3,1/133.9,1/167.3,1/669.3,5.914326445548419
2023-03-23,アイムジャグラーEX-TP,126,1822,-243,5,8,1/140.2,1/364.4,1/227.8,6.21485320581537
2023-03-23,アイムジャグラーEX-TP,127,6841,963,25,27,1/131.6,1/273.6,1/253.4,5.8182671031793
2023-03-23,アイムジャグラーEX-TP,128,5826,994,25,19,1/132.4,1/233.0,1/306.6,6.106124314821792
2023-03-23,アイムジャグラーEX-TP,129,810,186,5,0,1/162.0,1/162.0,1/0.0,6.627873152326934
2023-03-23,アイムジャグラーEX-TP,130,571,-141,2,0,1/285.5,1/285.5,1/0.0,5.7087817459754095
2023-03-23,アイムジャグラーEX-TP,131,4430,1003,22,11,1/134.2,1/201.4,1/402.7,6.296853726575402
2023-03-23,アイムジャグラーEX-TP,132,632,-227,2,0,1/316.0,1/316.0,1/0.0,5.8222135503176515
2023-03-23,アイムジャグラーEX-TP,154,1354,754,8,3,1/123.1,1/169.2,1/451.3,5.756817162083866
2023-03-23,アイムジャグラーEX-TP,155,2540,310,11,8,1/133.7,1/230.9,1/317.5,6.337754665766405
2023-03-23,アイムジャグラーEX-TP,156,1969,-923,5,5,1/196.9,1/393.8,1/393.8,6.781581349046305
2023-03-23,アイムジャグラーEX-TP,157,5662,-861,15,25,1/141.6,1/377.5,1/226.5,6.201238083426213
2023-03-23,アイムジャグラーEX-TP,158,427,-568,0,0,1/0.0,1/0.0,1/0.0,6.67718753733439
2023-03-23,アイムジャグラーEX-TP,159,5613,2019,26,26,1/107.9,1/215.9,1/215.9,6.235402127115287
2023-03-23,アイムジャグラーEX-TP,160,1453,-190,5,2,1/207.6,1/290.6,1/726.5,5.70671409248498
2023-03-23,アイムジャグラーEX-TP,161,1743,-746,5,2,1/249.0,1/348.6,1/871.5,6.297785076576262
2023-03-23,アイムジャグラーEX-TP,162,3426,-23,14,10,1/142.8,1/244.7,1/342.6,6.574200075666626
2023-03-23,アイムジャグラーEX-TP,163,1000,564,5,4,1/111.1,1/200.0,1/250.0,5.498017277519294
2023-03-23,アイムジャグラーEX-TP,164,1695,64,8,3,1/154.1,1/211.9,1/565.0,6.602548583753329
2023-03-23,アイムジャグラーEX-TP,165,3539,470,15,10,1/141.6,1/235.9,1/353.9,6.028351717989108
2023-03-23,アイムジャグラーEX-TP,166,3278,-245,13,5,1/182.1,1/252.2,1/655.6,6.098132457166759
2023-03-23,アイムジャグラーEX-TP,167,2052,-303,6,5,1/186.5,1/342.0,1/410.4,5.658031082939704
2023-03-23,アイムジャグラーEX-TP,168,3134,-1317,8,6,1/223.9,1/391.8,1/522.3,6.228673897042762
2023-03-23,アイムジャグラーEX-TP,169,1876,-1046,3,5,1/234.5,1/625.3,1/375.2,6.083185814996441
2023-03-23,アイムジャグラーEX-TP,170,2486,-398,8,8,1/155.4,1/310.8,1/310.8,6.3837637315117375
2023-03-23,アイムジャグラーEX-TP,171,639,-255,2,0,1/319.5,1/319.5,1/0.0,5.957372066134101
2023-03-23,アイムジャグラーEX-TP,172,1789,-802,2,10,1/149.1,1/894.5,1/178.9,6.315516868396067
2023-03-23,アイムジャグラーEX-TP,173,5161,2792,29,17,1/112.2,1/178.0,1/303.6,5.953431911830054
2023-03-23,アイムジャグラーEX-TP,174,4336,-1126,10,17,1/160.6,1/433.6,1/255.1,6.08023194177774
2023-03-23,アイムジャグラーEX-TP,175,4393,1195,20,14,1/129.2,1/219.7,1/313.8,5.913103995710368
2023-03-23,アイムジャグラーEX-TP,176,629,-521,1,1,1/314.5,1/629.0,1/629.0,6.961687256216434
2023-03-23,アイムジャグラーEX-TP,177,2557,-1232,5,8,1/196.7,1/511.4,1/319.6,6.363339519401877
2023-03-23,アイムジャグラーEX-TP,178,6562,2198,30,28,1/113.1,1/218.7,1/234.4,6.115324584039107
2023-03-23,マイジャグラーV,73,4923,1112,23,15,1/129.6,1/214.0,1/328.2,5.932844976214456
2023-03-23,マイジャグラーV,74,1286,-203,4,5,1/142.9,1/321.5,1/257.2,6.358421736388314
2023-03-23,マイジャグラーV,75,5298,2006,22,27,1/108.1,1/240.8,1/196.2,5.593403038259353
2023-03-23,マイジャグラーV,76,5883,-71,20,20,1/147.1,1/294.1,1/294.1,5.791702504805132
2023-03-23,マイジャグラーV,77,2556,-489,8,6,1/182.6,1/319.5,1/426.0,5.853097757140341
2023-03-23,ファンキージャグラー2,61,6653,2041,34,22,1/118.8,1/195.7,1/302.4,6.1641511458107
2023-03-23,ファンキージャグラー2,62,413,-156,1,1,1/206.5,1/413.0,1/413.0,5.965480738484627
2023-03-23,ファンキージャグラー2,63,1059,-807,1,1,1/529.5,1/1059.0,1/1059.0,5.5142130598981405
2023-03-23,ファンキージャグラー2,78,1446,-553,3,4,1/206.6,1/482.0,1/361.5,5.770294972411027
2023-03-23,ファンキージャグラー2,79,1241,809,9,1,1/124.1,1/137.9,1/1241.0,5.844755912266728
2023-03-23,ファンキージャグラー2,80,5263,1488,25,17,1/125.3,1/210.5,1/309.6,5.850989239496607
2023-03-23,ファンキージャグラー2,81,266,-109,1,0,1/266.0,1/266.0,1/0.0,6.560122225435149
2023-03-23,ファンキージャグラー2,82,1485,254,7,3,1/148.5,1/212.1,1/495.0,5.799027100933093
2023-03-23,ファンキージャグラー2,83,617,-459,1,1,1/308.5,1/617.0,1/617.0,6.437914621722302
2023-03-23,ファンキージャグラー2,84,1238,-213,4,3,1/176.9,1/309.5,1/412.7,5.913610415597123
2023-03-23,ハッピージャグラーVIII,150,3376,765,17,9,1/129.8,1/198.6,1/375.1,6.426967678216044
2023-03-23,ハッピージャグラーVIII,151,1166,-48,4,4,1/145.8,1/291.5,1/291.5,6.208609547015109
2023-03-23,ハッピージャグラーVIII,152,2759,763,13,9,1/125.4,1/212.2,1/306.6,6.082539163579766
2023-03-23,ハッピージャグラーVIII,153,1605,329,7,5,1/133.8,1/229.3,1/321.0,5.9624380334820595
2023-03-22,アイムジャグラーEX-TP,109,2254,105,9,6,1/150.3,1/250.4,1/375.7,6.069166798986529
2023-03-22,アイムジャグラーEX-TP,110,6638,45,25,23,1/138.3,1/265.5,1/288.6,6.355202877645055
2023-03-22,アイムジャグラーEX-TP,111,4229,-751,12,14,1/162.7,1/352.4,1/302.1,6.049243675751041
2023-03-22,アイムジャグラーEX-TP,112,4090,38,14,17,1/131.9,1/292.1,1/240.6,6.241798578075553
2023-03-22,アイムジャグラーEX-TP,113,2993,328,12,12,1/124.7,1/249.4,1/249.4,6.406829796155353
2023-03-22,アイムジャグラーEX-TP,114,1795,-161,7,5,1/149.6,1/256.4,1/359.0,6.702968500155717
2023-03-22,アイムジャグラーEX-TP,115,5175,1770,22,25,1/110.1,1/235.2,1/207.0,5.960860471806425
2023-03-22,アイムジャグラーEX-TP,116,2271,949,13,4,1/133.6,1/174.7,1/567.8,5.969316137952869
2023-03-22,アイムジャグラーEX-TP,117,2887,-607,10,6,1/180.4,1/288.7,1/481.2,6.400869400802353
2023-03-22,アイムジャグラーEX-TP,118,1395,-186,4,5,1/155.0,1/348.8,1/279.0,6.000785909380389
2023-03-22,アイムジャグラーEX-TP,119,6102,133,23,21,1/138.7,1/265.3,1/290.6,6.273091804015372
2023-03-22,アイムジャグラーEX-TP,120,1862,-864,5,3,1/232.8,1/372.4,1/620.7,6.471648756442454
2023-03-22,アイムジャグラーEX-TP,121,4518,45,19,10,1/155.8,1/237.8,1/451.8,6.295000001880976
2023-03-22,アイムジャグラーEX-TP,122,1580,-284,5,4,1/175.6,1/316.0,1/395.0,6.095985928303875
2023-03-22,アイムジャグラーEX-TP,123,4581,252,18,14,1/143.2,1/254.5,1/327.2,6.130238543760429
2023-03-22,アイムジャグラーEX-TP,124,2746,-701,7,9,1/171.6,1/392.3,1/305.1,6.058856428579057
2023-03-22,アイムジャグラーEX-TP,125,1583,-289,4,7,1/143.9,1/395.8,1/226.1,6.203037121395787
2023-03-22,アイムジャグラーEX-TP,126,3430,-579,9,12,1/163.3,1/381.1,1/285.8,5.852134310065355
2023-03-22,アイムジャグラーEX-TP,127,2351,-115,9,5,1/167.9,1/261.2,1/470.2,6.083620043227601
2023-03-22,アイムジャグラーEX-TP,128,349,-427,0,0,1/0.0,1/0.0,1/0.0,6.131093674678899
2023-03-22,アイムジャグラーEX-TP,129,6697,2316,33,24,1/117.5,1/202.9,1/279.0,6.178821592159155
2023-03-22,アイムジャグラーEX-TP,130,585,-539,1,1,1/292.5,1/585.0,1/585.0,7.884532703289535
2023-03-22,アイムジャグラーEX-TP,131,1010,-621,2,1,1/336.7,1/505.0,1/1010.0,6.0531000712288066
2023-03-22,アイムジャグラーEX-TP,132,5181,555,20,20,1/129.5,1/259.1,1/259.1,6.163980879452663
2023-03-22,アイムジャグラーEX-TP,154,1112,604,6,3,1/123.6,1/185.3,1/370.7,5.483769300389886
2023-03-22,アイムジャグラーEX-TP,155,2355,-661,5,10,1/157.0,1/471.0,1/235.5,6.108070836503543
2023-03-22,アイムジャグラーEX-TP,156,2234,-539,7,6,1/171.8,1/319.1,1/372.3,6.431051257234537
2023-03-22,アイムジャグラーEX-TP,157,3859,97,16,10,1/148.4,1/241.2,1/385.9,6.324561690174621
2023-03-22,アイムジャグラーEX-TP,158,1252,-624,2,5,1/178.9,1/626.0,1/250.4,6.409392360424091
2023-03-22,アイムジャグラーEX-TP,159,3950,604,18,12,1/131.7,1/219.4,1/329.2,6.415769474093691
2023-03-22,アイムジャグラーEX-TP,160,6064,395,22,21,1/141.0,1/275.6,1/288.8,5.916831767641488
2023-03-22,アイムジャグラーEX-TP,161,4636,2670,25,21,1/100.8,1/185.4,1/220.8,6.070256223734456
2023-03-22,アイムジャグラーEX-TP,162,1047,-365,3,3,1/174.5,1/349.0,1/349.0,6.740428109246181
2023-03-22,アイムジャグラーEX-TP,163,4950,1339,20,23,1/115.1,1/247.5,1/215.2,5.965262289268825
2023-03-22,アイムジャグラーEX-TP,164,1920,242,8,6,1/137.1,1/240.0,1/320.0,6.107660883581303
2023-03-22,アイムジャグラーEX-TP,165,297,-135,1,0,1/297.0,1/297.0,1/0.0,6.515639839122929
2023-03-22,アイムジャグラーEX-TP,166,4383,1116,19,17,1/121.8,1/230.7,1/257.8,6.0406986801921
2023-03-22,アイムジャグラーEX-TP,167,665,-646,0,2,1/332.5,1/0.0,1/332.5,6.297103995015344
2023-03-22,アイムジャグラーEX-TP,168,4404,-1938,11,8,1/231.8,1/400.4,1/550.5,6.212692369692269
2023-03-22,アイムジャグラーEX-TP,169,3061,175,12,8,1/153.1,1/255.1,1/382.6,5.91899687447573
2023-03-22,アイムジャグラーEX-TP,170,2162,-922,5,6,1/196.5,1/432.4,1/360.3,6.367068321087427
2023-03-22,アイムジャグラーEX-TP,171,5104,604,19,19,1/134.3,1/268.6,1/268.6,5.896279135953893
2023-03-22,アイムジャグラーEX-TP,172,2778,-1353,5,9,1/198.4,1/555.6,1/308.7,6.247657971626997
2023-03-22,アイムジャグラーEX-TP,173,630,-619,0,1,1/630.0,1/0.0,1/630.0,5.736453660608638
2023-03-22,アイムジャグラーEX-TP,174,3059,-530,10,8,1/169.9,1/305.9,1/382.4,6.2275569251430545
2023-03-22,アイムジャグラーEX-TP,175,5049,455,17,22,1/129.5,1/297.0,1/229.5,5.893426606896341
2023-03-22,アイムジャグラーEX-TP,176,1049,18,4,3,1/149.9,1/262.2,1/349.7,6.083550167338224
2023-03-22,アイムジャグラーEX-TP,177,3322,472,15,8,1/144.4,1/221.5,1/415.2,6.123038081923853
2023-03-22,アイムジャグラーEX-TP,178,6335,476,27,14,1/154.5,1/234.6,1/452.5,6.050868461999615
2023-03-22,マイジャグラーV,73,2607,-1674,4,5,1/289.7,1/651.8,1/521.4,5.976202284544303
2023-03-22,マイジャグラーV,74,2463,-380,7,7,1/175.9,1/351.9,1/351.9,5.6117640323058176
2023-03-22,マイジャグラーV,75,2663,-756,8,5,1/204.8,1/332.9,1/532.6,5.93004739175074
2023-03-22,マイジャグラーV,76,1964,-1030,4,3,1/280.6,1/491.0,1/654.7,5.825276726968018
2023-03-22,マイジャグラーV,77,2641,-868,7,8,1/176.1,1/377.3,1/330.1,6.253885497945489
2023-03-22,ファンキージャグラー2,61,3288,472,17,6,1/143.0,1/193.4,1/548.0,6.341957051178997
2023-03-22,ファンキージャグラー2,62,817,-474,2,1,1/272.3,1/408.5,1/817.0,6.419184325561857
2023-03-22,ファンキージャグラー2,63,4115,-179,18,9,1/152.4,1/228.6,1/457.2,6.5022658678149785
2023-03-22,ファンキージャグラー2,78,90,-140,0,0,1/0.0,1/0.0,1/0.0,8.220773437767603
2023-03-22,ファンキージャグラー2,79,4817,631,18,21,1/123.5,1/267.6,1/229.4,5.924060329058676
2023-03-22,ファンキージャグラー2,80,87,-99,0,0,1/0.0,1/0.0,1/0.0,5.752213486461223
2023-03-22,ファンキージャグラー2,81,1110,162,5,1,1/185.0,1/222.0,1/1110.0,5.294042949711957
2023-03-22,ファンキージャグラー2,82,171,-199,0,0,1/0.0,1/0.0,1/0.0,5.860989161882835
2023-03-22,ファンキージャグラー2,83,841,322,4,4,1/105.1,1/210.2,1/210.2,6.057786493098957
2023-03-22,ファンキージャグラー2,84,6717,2312,36,18,1/124.4,1/186.6,1/373.2,5.99078378518157
2023-03-22,ハッピージャグラーVIII,150,1801,-635,4,5,1/200.1,1/450.2,1/360.2,6.016569033135101
2023-03-22,ハッピージャグラーVIII,151,2138,-18,8,6,1/152.7,1/267.2,1/356.3,6.123702660438038
2023-03-22,ハッピージャグラーVIII,152,1884,-642,4,5,1/209.3,1/471.0,1/376.8,5.811260798372847
2023-03-22,ハッピージャグラーVIII,153,1793,-662,3,6,1/199.2,1/597.7,1/298.8,5.756301301921735
2023-03-21,アイムジャグラーEX-TP,109,4085,1213,20,13,1/123.8,1/204.2,1/314.2,6.191812968142175
2023-03-21,アイムジャグラーEX-TP,110,6106,44,21,24,1/135.7,1/290.8,1/254.4,6.167932269598359
2023-03-21,アイムジャグラーEX-TP,111,1620,499,8,5,1/124.6,1/202.5,1/324.0,6.146175400084717
2023-03-21,アイムジャグラーEX-TP,112,4551,53,17,16,1/137.9,1/267.7,1/284.4,6.316299721481854
2023-03-21,アイムジャグラーEX-TP,113,6645,1259,27,27,1/123.1,1/246.1,1/246.1,6.1074059719125495
2023-03-21,アイムジャグラーEX-TP,114,828,-524,2,0,1/414.0,1/414.0,1/0.0,6.208356958330977
2023-03-21,アイムジャグラーEX-TP,115,2483,1418,15,10,1/99.3,1/165.5,1/248.3,6.67794323759006
2023-03-21,アイムジャグラーEX-TP,116,3296,259,14,8,1/149.8,1/235.4,1/412.0,6.113832966299314
2023-03-21,アイムジャグラーEX-TP,117,4431,281,16,17,1/134.3,1/276.9,1/260.6,6.064944675892217
2023-03-21,アイムジャグラーEX-TP,118,983,-542,2,2,1/245.8,1/491.5,1/491.5,6.289496502451303
2023-03-21,アイムジャグラーEX-TP,119,3254,-720,10,7,1/191.4,1/325.4,1/464.9,6.014921849177739
2023-03-21,アイムジャグラーEX-TP,120,4821,1890,27,11,1/126.9,1/178.6,1/438.3,6.173318984496327
2023-03-21,アイムジャグラーEX-TP,121,3630,-906,11,7,1/201.7,1/330.0,1/518.6,5.998386880090264
2023-03-21,アイムジャグラーEX-TP,122,1900,-754,4,6,1/190.0,1/475.0,1/316.7,6.1456155076521
2023-03-21,アイムジャグラーEX-TP,123,3556,-1285,9,8,1/209.2,1/395.1,1/444.5,6.075444272415061
2023-03-21,アイムジャグラーEX-TP,124,1400,-510,2,6,1/175.0,1/700.0,1/233.3,5.727001996269267
2023-03-21,アイムジャグラーEX-TP,125,3913,-570,14,9,1/170.1,1/279.5,1/434.8,6.325872785744468
2023-03-21,アイムジャグラーEX-TP,126,2495,463,13,4,1/146.8,1/191.9,1/623.8,6.389431905237682
2023-03-21,アイムジャグラーEX-TP,127,3187,-110,11,11,1/144.9,1/289.7,1/289.7,6.164028770522087
2023-03-21,アイムジャグラーEX-TP,128,1443,-504,5,0,1/288.6,1/288.6,1/0.0,6.114031906603014
2023-03-21,アイムジャグラーEX-TP,129,3006,274,13,8,1/143.1,1/231.2,1/375.8,6.252925338344938
2023-03-21,アイムジャグラーEX-TP,130,3262,-32,14,8,1/148.3,1/233.0,1/407.8,6.630283713132868
2023-03-21,アイムジャグラーEX-TP,131,1289,-314,5,1,1/214.8,1/257.8,1/1289.0,6.471271420586153
2023-03-21,アイムジャグラーEX-TP,132,5785,262,21,22,1/134.5,1/275.5,1/263.0,6.15705448641997
2023-03-21,アイムジャグラーEX-TP,154,2257,36,9,6,1/150.5,1/250.8,1/376.2,6.205518468318574
2023-03-21,アイムジャグラーEX-TP,155,2807,975,14,8,1/127.6,1/200.5,1/350.9,5.921169177570063
2023-03-21,アイムジャグラーEX-TP,156,1637,-978,3,5,1/204.6,1/545.7,1/327.4,6.782470549493639
2023-03-21,アイムジャグラーEX-TP,157,3295,-250,15,4,1/173.4,1/219.7,1/823.8,6.705563002224029
2023-03-21,アイムジャグラーEX-TP,158,3889,-225,14,14,1/138.9,1/277.8,1/277.8,6.540756295086902
2023-03-21,アイムジャグラーEX-TP,159,4422,621,20,14,1/130.1,1/221.1,1/315.9,6.499678146873853
2023-03-21,アイムジャグラーEX-TP,160,2856,-1747,4,8,1/238.0,1/714.0,1/357.0,6.163670840640104
2023-03-21,アイムジャグラーEX-TP,161,1585,-491,3,5,1/198.1,1/528.3,1/317.0,5.54586729666786
2023-03-21,アイムジャグラーEX-TP,162,6102,-1648,15,19,1/179.5,1/406.8,1/321.2,5.952220815335637
2023-03-21,アイムジャグラーEX-TP,163,3542,16,13,11,1/147.6,1/272.5,1/322.0,6.084199550202102
2023-03-21,アイムジャグラーEX-TP,164,2867,-840,9,5,1/204.8,1/318.6,1/573.4,6.247559649158667
2023-03-21,アイムジャグラーEX-TP,165,3679,425,16,11,1/136.3,1/229.9,1/334.5,6.317317790842726
2023-03-21,アイムジャグラーEX-TP,166,2730,-967,6,13,1/143.7,1/455.0,1/210.0,6.847331716476824
2023-03-21,アイムジャグラーEX-TP,167,6728,229,27,18,1/149.5,1/249.2,1/373.8,6.15744572238594
2023-03-21,アイムジャグラーEX-TP,168,4396,-1526,9,15,1/183.2,1/488.4,1/293.1,5.962199115098978
2023-03-21,アイムジャグラーEX-TP,169,7107,394,26,27,1/134.1,1/273.3,1/263.2,6.140938133327447
2023-03-21,アイムジャグラーEX-TP,170,4127,-484,14,8,1/187.6,1/294.8,1/515.9,5.822027544580833
2023-03-21,アイムジャグラーEX-TP,171,2502,-981,5,8,1/192.5,1/500.4,1/312.8,6.016942237570956
2023-03-21,アイムジャグラーEX-TP,172,2139,-133,8,6,1/152.8,1/267.4,1/356.5,6.352891825072663
2023-03-21,アイムジャグラーEX-TP,173,4918,1581,23,16,1/126.1,1/213.8,1/307.4,5.861279298456115
2023-03-21,アイムジャグラーEX-TP,174,1229,-771,2,3,1/245.8,1/614.5,1/409.7,6.351194383704437
2023-03-21,アイムジャグラーEX-TP,175,4771,-180,17,16,1/144.6,1/280.6,1/298.2,6.270036667032495
2023-03-21,アイムジャグラーEX-TP,176,4692,264,18,16,1/138.0,1/260.7,1/293.2,6.173300978499782
2023-03-21,アイムジャグラーEX-TP,177,4481,184,17,14,1/144.5,1/263.6,1/320.1,6.067035338240063
2023-03-21,アイムジャグラーEX-TP,178,4064,-1174,13,5,1/225.8,1/312.6,1/812.8,6.067264887439247
2023-03-21,マイジャグラーV,73,7213,217,29,16,1/160.3,1/248.7,1/450.8,5.766096825366294
2023-03-21,マイジャグラーV,74,4726,668,21,16,1/127.7,1/225.0,1/295.4,6.219408404174322
2023-03-21,マイジャグラーV,75,5365,551,22,16,1/141.2,1/243.9,1/335.3,5.847575996842254
2023-03-21,マイジャグラーV,76,6237,-637,19,22,1/152.1,1/328.3,1/283.5,5.866897334720724
2023-03-21,マイジャグラーV,77,5287,-139,20,13,1/160.2,1/264.4,1/406.7,5.860881298764313
2023-03-21,ファンキージャグラー2,61,1343,-342,5,2,1/191.9,1/268.6,1/671.5,6.443974101509745
2023-03-21,ファンキージャグラー2,62,464,-681,0,0,1/0.0,1/0.0,1/0.0,7.539860512580517
2023-03-21,ファンキージャグラー2,63,3295,1327,19,6,1/131.8,1/173.4,1/549.2,5.8038452236016145
2023-03-21,ファンキージャグラー2,78,971,-688,1,1,1/485.5,1/971.0,1/971.0,5.421296048476771
2023-03-21,ファンキージャグラー2,79,1063,-276,3,2,1/212.6,1/354.3,1/531.5,5.655164883234876
2023-03-21,ファンキージャグラー2,80,784,-699,1,1,1/392.0,1/784.0,1/784.0,6.609056599320042
2023-03-21,ファンキージャグラー2,81,3513,2214,24,8,1/109.8,1/146.4,1/439.1,6.118446141966368
2023-03-21,ファンキージャグラー2,82,504,-234,2,0,1/252.0,1/252.0,1/0.0,7.174826608356965
2023-03-21,ファンキージャグラー2,83,5032,1255,23,17,1/125.8,1/218.8,1/296.0,5.870430773190097
2023-03-21,ファンキージャグラー2,84,4120,-119,15,12,1/152.6,1/274.7,1/343.3,5.920078225499658
2023-03-21,ハッピージャグラーVIII,150,4752,200,20,13,1/144.0,1/237.6,1/365.5,6.391085189319088
2023-03-21,ハッピージャグラーVIII,151,2943,160,12,7,1/154.9,1/245.2,1/420.4,6.016524128998631
2023-03-21,ハッピージャグラーVIII,152,4544,-312,15,15,1/151.5,1/302.9,1/302.9,6.13278836454568
2023-03-21,ハッピージャグラーVIII,153,4968,1280,24,13,1/134.3,1/207.0,1/382.2,6.01704976104997
2023-03-20,アイムジャグラーEX-TP,109,1882,-205,8,3,1/171.1,1/235.2,1/627.3,6.669181961755112
2023-03-20,アイムジャグラーEX-TP,110,2156,-270,7,5,1/179.7,1/308.0,1/431.2,5.854603157292983
2023-03-20,アイムジャグラーEX-TP,111,2640,779,14,6,1/132.0,1/188.6,1/440.0,6.27681316685196
2023-03-20,アイムジャグラーEX-TP,112,1401,17,6,3,1/155.7,1/233.5,1/467.0,6.346810664218424
2023-03-20,アイムジャグラーEX-TP,113,4631,703,19,15,1/136.2,1/243.7,1/308.7,5.966678285648481
2023-03-20,アイムジャグラーEX-TP,114,2117,-439,7,3,1/211.7,1/302.4,1/705.7,5.9031979271158885
2023-03-20,アイムジャグラーEX-TP,115,3443,843,17,11,1/123.0,1/202.5,1/313.0,6.513114798878874
2023-03-20,アイムジャグラーEX-TP,116,4188,99,15,12,1/155.1,1/279.2,1/349.0,5.80070048029052
2023-03-20,アイムジャグラーEX-TP,117,3424,-515,11,10,1/163.0,1/311.3,1/342.4,6.189278661805649
2023-03-20,アイムジャグラーEX-TP,118,3858,-717,11,10,1/183.7,1/350.7,1/385.8,5.800404124890188
2023-03-20,アイムジャグラーEX-TP,119,2475,-1603,5,3,1/309.4,1/495.0,1/825.0,6.361257755594051
2023-03-20,アイムジャグラーEX-TP,120,3602,534,16,8,1/150.1,1/225.1,1/450.2,5.930427816650272
2023-03-20,アイムジャグラーEX-TP,121,2533,20,9,8,1/149.0,1/281.4,1/316.6,5.958274623863626
2023-03-20,アイムジャグラーEX-TP,122,7361,1111,28,30,1/126.9,1/262.9,1/245.4,5.99096785701281
2023-03-20,アイムジャグラーEX-TP,123,807,-476,1,3,1/201.8,1/807.0,1/269.0,6.284103134669498
2023-03-20,アイムジャグラーEX-TP,124,2345,888,12,7,1/123.4,1/195.4,1/335.0,5.9837448827179625
2023-03-20,アイムジャグラーEX-TP,125,2974,1476,17,6,1/129.3,1/174.9,1/495.7,5.729596821911704
2023-03-20,アイムジャグラーEX-TP,126,3568,1534,20,13,1/108.1,1/178.4,1/274.5,6.650829069275188
2023-03-20,アイムジャグラーEX-TP,127,2546,770,13,7,1/127.3,1/195.8,1/363.7,6.220941046101327
2023-03-20,アイムジャグラーEX-TP,128,2428,-339,8,7,1/161.9,1/303.5,1/346.9,6.219638755286341
2023-03-20,アイムジャグラーEX-TP,129,3789,-226,14,10,1/157.9,1/270.6,1/378.9,6.206636675184835
2023-03-20,アイムジャグラーEX-TP,130,2370,-1377,2,10,1/197.5,1/1185.0,1/237.0,5.999775198296367
2023-03-20,アイムジャグラーEX-TP,131,5773,917,23,20,1/134.3,1/251.0,1/288.6,5.898911257986815
2023-03-20,アイムジャグラーEX-TP,132,3768,-1647,8,7,1/251.2,1/471.0,1/538.3,5.793625434458482
2023-03-20,アイムジャグラーEX-TP,154,2269,-558,8,2,1/226.9,1/283.6,1/1134.5,6.094837825471459
2023-03-20,アイムジャグラーEX-TP,155,652,-197,2,1,1/217.3,1/326.0,1/652.0,6.109769887511826
2023-03-20,アイムジャグラーEX-TP,156,5611,63,22,14,1/155.9,1/255.0,1/400.8,6.0754667606460115
2023-03-20,アイムジャグラーEX-TP,157,6057,1088,25,20,1/134.6,1/242.3,1/302.9,5.897915352265872
2023-03-20,アイムジャグラーEX-TP,158,5921,1853,27,18,1/131.6,1/219.3,1/328.9,5.68989583377678
2023-03-20,アイムジャグラーEX-TP,159,1918,122,10,2,1/159.8,1/191.8,1/959.0,6.764484355137261
2023-03-20,アイムジャグラーEX-TP,160,3401,-288,11,11,1/154.6,1/309.2,1/309.2,6.047140957628869
2023-03-20,アイムジャグラーEX-TP,161,967,-1168,0,0,1/0.0,1/0.0,1/0.0,6.05849182523375
2023-03-20,アイムジャグラーEX-TP,162,1796,-56,8,1,1/199.6,1/224.5,1/1796.0,6.037957302564763
2023-03-20,アイムジャグラーEX-TP,163,4311,597,19,12,1/139.1,1/226.9,1/359.2,6.180825136284613
2023-03-20,アイムジャグラーEX-TP,164,4272,885,18,13,1/137.8,1/237.3,1/328.6,5.7678744058309634
2023-03-20,アイムジャグラーEX-TP,165,3223,1104,16,11,1/119.4,1/201.4,1/293.0,6.161014039828902
2023-03-20,アイムジャグラーEX-TP,166,6664,112,22,24,1/144.9,1/302.9,1/277.7,5.828215992355313
2023-03-20,アイムジャグラーEX-TP,167,5529,1023,24,17,1/134.9,1/230.4,1/325.2,6.015641909302725
2023-03-20,アイムジャグラーEX-TP,168,5947,1558,29,16,1/132.2,1/205.1,1/371.7,6.112284548007967
2023-03-20,アイムジャグラーEX-TP,169,3021,1481,16,8,1/125.9,1/188.8,1/377.6,5.572445256120724
2023-03-20,アイムジャグラーEX-TP,170,6386,-158,23,17,1/159.7,1/277.7,1/375.6,5.947483478736545
2023-03-20,アイムジャグラーEX-TP,171,978,-138,4,1,1/195.6,1/244.5,1/978.0,6.338060891656293
2023-03-20,アイムジャグラーEX-TP,172,1802,-1334,2,4,1/300.3,1/901.0,1/450.5,6.164549407358281
2023-03-20,アイムジャグラーEX-TP,173,3703,791,16,12,1/132.2,1/231.4,1/308.6,5.936234422233983
2023-03-20,アイムジャグラーEX-TP,174,7646,1592,33,27,1/127.4,1/231.7,1/283.2,6.07999492098567
2023-03-20,アイムジャグラーEX-TP,175,1066,350,6,2,1/133.2,1/177.7,1/533.0,6.330217393679664
2023-03-20,アイムジャグラーEX-TP,176,3751,-783,11,13,1/156.3,1/341.0,1/288.5,6.386408823057895
2023-03-20,アイムジャグラーEX-TP,177,4814,-928,15,12,1/178.3,1/320.9,1/401.2,6.082523622119821
2023-03-20,アイムジャグラーEX-TP,178,810,-865,0,1,1/810.0,1/0.0,1/810.0,5.95758420695912
2023-03-20,マイジャグラーV,73,5248,-104,21,12,1/159.0,1/249.9,1/437.3,5.99003724860377
2023-03-20,マイジャグラーV,74,4440,733,20,15,1/126.9,1/222.0,1/296.0,6.172235394600461
2023-03-20,マイジャグラーV,75,3614,-288,11,15,1/139.0,1/328.5,1/240.9,6.027307061537666
2023-03-20,マイジャグラーV,76,3021,-1513,5,10,1/201.4,1/604.2,1/302.1,6.067816846523699
2023-03-20,マイジャグラーV,77,2557,246,11,4,1/170.5,1/232.5,1/639.2,5.5229537220891745
2023-03-20,ファンキージャグラー2,61,3459,-3,15,6,1/164.7,1/230.6,1/576.5,6.037277044059096
2023-03-20,ファンキージャグラー2,62,1565,198,6,6,1/130.4,1/260.8,1/260.8,5.827550583208881
2023-03-20,ファンキージャグラー2,63,4550,-183,16,17,1/137.9,1/284.4,1/267.6,6.195391411723757
2023-03-20,ファンキージャグラー2,78,1307,-561,3,4,1/186.7,1/435.7,1/326.8,6.3552230530732245
2023-03-20,ファンキージャグラー2,79,1236,-1060,1,1,1/618.0,1/1236.0,1/1236.0,5.712393467443633
2023-03-20,ファンキージャグラー2,80,888,-917,1,0,1/888.0,1/888.0,1/0.0,6.522004973028792
2023-03-20,ファンキージャグラー2,81,414,-252,1,0,1/414.0,1/414.0,1/0.0,5.960781942286241
2023-03-20,ファンキージャグラー2,82,6071,1389,25,22,1/129.2,1/242.8,1/276.0,5.605732796688989
2023-03-20,ファンキージャグラー2,83,380,-174,1,0,1/380.0,1/380.0,1/0.0,5.550929780738273
2023-03-20,ファンキージャグラー2,84,1352,-707,3,2,1/270.4,1/450.7,1/676.0,5.997053370891802
2023-03-20,ハッピージャグラーVIII,150,1650,-329,6,3,1/183.3,1/275.0,1/550.0,6.4763185073067095
2023-03-20,ハッピージャグラーVIII,151,1850,-81,8,1,1/205.6,1/231.2,1/1850.0,5.933635494366052
2023-03-20,ハッピージャグラーVIII,152,2626,-83,8,9,1/154.5,1/328.2,1/291.8,5.753460388186586
2023-03-20,ハッピージャグラーVIII,153,1601,-1140,3,2,1/320.2,1/533.7,1/800.5,6.669234453844218
2023-03-19,アイムジャグラーEX-TP,109,6259,-1250,20,15,1/178.8,1/312.9,1/417.3,6.165739430019896
2023-03-19,アイムジャグラーEX-TP,110,3059,-669,9,11,1/152.9,1/339.9,1/278.1,6.515214933085611
2023-03-19,アイムジャグラーEX-TP,111,1832,-757,4,5,1/203.6,1/458.0,1/366.4,6.122912181363333
2023-03-19,アイムジャグラーEX-TP,112,5837,-1471,18,12,1/194.6,1/324.3,1/486.4,6.127035607072712
2023-03-19,アイムジャグラーEX-TP,113,4125,-1020,12,12,1/171.9,1/343.8,1/343.8,6.2841342748109055
2023-03-19,アイムジャグラーEX-TP,114,2139,185,9,3,1/178.2,1/237.7,1/713.0,5.617718436275113
2023-03-19,アイムジャグラーEX-TP,115,2886,1528,19,3,1/131.2,1/151.9,1/962.0,6.131893849650977
2023-03-19,アイムジャグラーEX-TP,116,3754,-1085,8,15,1/163.2,1/469.2,1/250.3,6.045620016741891
2023-03-19,アイムジャグラーEX-TP,117,4095,859,18,12,1/136.5,1/227.5,1/341.2,5.9059265937312375
2023-03-19,アイムジャグラーEX-TP,118,8053,73,28,33,1/132.0,1/287.6,1/244.0,6.282013314981918
2023-03-19,アイムジャグラーEX-TP,119,2084,55,9,5,1/148.9,1/231.6,1/416.8,6.445729095161292
2023-03-19,アイムジャグラーEX-TP,120,5647,546,25,13,1/148.6,1/225.9,1/434.4,6.185169223798393
2023-03-19,アイムジャグラーEX-TP,121,6028,1850,29,21,1/120.6,1/207.9,1/287.0,6.179226559701671
2023-03-19,アイムジャグラーEX-TP,122,5499,-158,19,20,1/141.0,1/289.4,1/274.9,6.225445984599227
2023-03-19,アイムジャグラーEX-TP,123,2406,-1280,3,8,1/218.7,1/802.0,1/300.8,5.855104559732031
2023-03-19,アイムジャグラーEX-TP,124,5762,1583,29,11,1/144.1,1/198.7,1/523.8,5.896755728214129
2023-03-19,アイムジャグラーEX-TP,125,1309,-869,1,5,1/218.2,1/1309.0,1/261.8,6.11299866354625
2023-03-19,アイムジャグラーEX-TP,126,3957,-481,13,11,1/164.9,1/304.4,1/359.7,6.076518245033963
2023-03-19,アイムジャグラーEX-TP,127,3697,-99,14,8,1/168.0,1/264.1,1/462.1,5.95246356478858
2023-03-19,アイムジャグラーEX-TP,128,897,-813,1,0,1/897.0,1/897.0,1/0.0,5.961850933388578
2023-03-19,アイムジャグラーEX-TP,129,7827,1391,33,24,1/137.3,1/237.2,1/326.1,5.905548214636279
2023-03-19,アイムジャグラーEX-TP,130,2871,-174,10,10,1/143.6,1/287.1,1/287.1,6.3450901599519645
2023-03-19,アイムジャグラーEX-TP,131,4707,-1889,11,11,1/214.0,1/427.9,1/427.9,6.073252325841458
2023-03-19,アイムジャグラーEX-TP,132,5196,59,21,13,1/152.8,1/247.4,1/399.7,6.221217142580599
2023-03-19,アイムジャグラーEX-TP,154,3300,-1009,7,12,1/173.7,1/471.4,1/275.0,5.955729976226711
2023-03-19,アイムジャグラーEX-TP,155,2404,-1303,4,5,1/267.1,1/601.0,1/480.8,5.838793297269312
2023-03-19,アイムジャグラーEX-TP,156,4430,-890,14,10,1/184.6,1/316.4,1/443.0,6.068017684093793
2023-03-19,アイムジャグラーEX-TP,157,3490,-1022,12,4,1/218.1,1/290.8,1/872.5,6.337048163018656
2023-03-19,アイムジャグラーEX-TP,158,5790,751,20,30,1/115.8,1/289.5,1/193.0,6.169852523475011
2023-03-19,アイムジャグラーEX-TP,159,4514,1432,23,13,1/125.4,1/196.3,1/347.2,6.196467612625947
2023-03-19,アイムジャグラーEX-TP,160,2787,-694,9,5,1/199.1,1/309.7,1/557.4,6.167757971069209
2023-03-19,アイムジャグラーEX-TP,161,6355,3433,36,20,1/113.5,1/176.5,1/317.8,5.945869477919913
2023-03-19,アイムジャグラーEX-TP,162,4214,-973,14,9,1/183.2,1/301.0,1/468.2,6.352855025662352
2023-03-19,アイムジャグラーEX-TP,163,5286,2054,28,12,1/132.2,1/188.8,1/440.5,5.840319693310516
2023-03-19,アイムジャグラーEX-TP,164,1725,15,9,0,1/191.7,1/191.7,1/0.0,6.524508037910229
2023-03-19,アイムジャグラーEX-TP,165,6018,-1836,14,22,1/167.2,1/429.9,1/273.5,6.198987371000184
2023-03-19,アイムジャグラーEX-TP,166,2292,-765,6,4,1/229.2,1/382.0,1/573.0,5.836870471745955
2023-03-19,アイムジャグラーEX-TP,167,4540,-47,18,8,1/174.6,1/252.2,1/567.5,5.908503312340794
2023-03-19,アイムジャグラーEX-TP,168,5031,-1895,12,16,1/179.7,1/419.2,1/314.4,6.4028223630795065
2023-03-19,アイムジャグラーEX-TP,169,5249,324,23,10,1/159.1,1/228.2,1/524.9,6.117803249186401
2023-03-19,アイムジャグラーEX-TP,170,5779,-473,19,19,1/152.1,1/304.2,1/304.2,6.1196655000791775
2023-03-19,アイムジャグラーEX-TP,171,3416,-771,9,12,1/162.7,1/379.6,1/284.7,6.125306375147508
2023-03-19,アイムジャグラーEX-TP,172,2823,148,11,8,1/148.6,1/256.6,1/352.9,6.006866467571209
2023-03-19,アイムジャグラーEX-TP,173,7169,110,24,28,1/137.9,1/298.7,1/256.0,6.012668992985549
2023-03-19,アイムジャグラーEX-TP,174,6025,1023,25,19,1/136.9,1/241.0,1/317.1,5.903153018544228
2023-03-19,アイムジャグラーEX-TP,175,3051,-304,12,3,1/203.4,1/254.2,1/1017.0,5.9399083361756055
2023-03-19,アイムジャグラーEX-TP,176,2367,-14,8,7,1/157.8,1/295.9,1/338.1,5.749011841531391
2023-03-19,アイムジャグラーEX-TP,177,2213,239,8,9,1/130.2,1/276.6,1/245.9,5.96712655245394
2023-03-19,アイムジャグラーEX-TP,178,6878,1561,33,21,1/127.4,1/208.4,1/327.5,6.354335289134544
2023-03-19,マイジャグラーV,73,2656,-870,8,3,1/241.5,1/332.0,1/885.3,5.819237184329661
2023-03-19,マイジャグラーV,74,6474,482,30,9,1/166.0,1/215.8,1/719.3,5.865524280463015
2023-03-19,マイジャグラーV,75,1751,-944,3,5,1/218.9,1/583.7,1/350.2,6.109139293753231
2023-03-19,マイジャグラーV,76,4942,-1034,15,14,1/170.4,1/329.5,1/353.0,6.036372202233627
2023-03-19,マイジャグラーV,77,3185,-344,12,6,1/176.9,1/265.4,1/530.8,5.962691453615602
2023-03-19,ファンキージャグラー2,61,2835,-101,12,4,1/177.2,1/236.2,1/708.8,5.943607274314902
2023-03-19,ファンキージャグラー2,62,1859,-882,4,3,1/265.6,1/464.8,1/619.7,5.773060420364354
2023-03-19,ファンキージャグラー2,63,1303,-429,4,2,1/217.2,1/325.8,1/651.5,6.0661217748341025
2023-03-19,ファンキージャグラー2,78,3922,-196,15,9,1/163.4,1/261.5,1/435.8,5.947423908287751
2023-03-19,ファンキージャグラー2,79,2276,82,11,3,1/162.6,1/206.9,1/758.7,6.2359982864704175
2023-03-19,ファンキージャグラー2,80,2053,220,8,5,1/157.9,1/256.6,1/410.6,5.436302498723094
2023-03-19,ファンキージャグラー2,81,2685,-579,10,2,1/223.8,1/268.5,1/1342.5,5.9213363695343935
2023-03-19,ファンキージャグラー2,82,741,-536,1,1,1/370.5,1/741.0,1/741.0,5.908698056060267
2023-03-19,ファンキージャグラー2,83,2723,-109,10,6,1/170.2,1/272.3,1/453.8,5.713611117894087
2023-03-19,ファンキージャグラー2,84,4815,-663,16,14,1/160.5,1/300.9,1/343.9,6.065004663298952
2023-03-19,ハッピージャグラーVIII,150,2095,-1349,4,3,1/299.3,1/523.8,1/698.3,6.442861791580726
2023-03-19,ハッピージャグラーVIII,151,2714,-599,8,8,1/169.6,1/339.2,1/339.2,6.294548089889347
2023-03-19,ハッピージャグラーVIII,152,6677,2336,36,14,1/133.5,1/185.5,1/476.9,5.98299963851777
2023-03-19,ハッピージャグラーVIII,153,1722,-811,3,4,1/246.0,1/574.0,1/430.5,5.84180166998519
2023-03-18,アイムジャグラーEX-TP,109,8918,2682,43,30,1/122.2,1/207.4,1/297.3,6.167194154938354
2023-03-18,アイムジャグラーEX-TP,110,2701,-485,9,6,1/180.1,1/300.1,1/450.2,6.153947244518287
2023-03-18,アイムジャグラーEX-TP,111,5542,2294,29,19,1/115.5,1/191.1,1/291.7,6.149280292317833
2023-03-18,アイムジャグラーEX-TP,112,3215,1192,17,8,1/128.6,1/189.1,1/401.9,5.999115340409676
2023-03-18,アイムジャグラーEX-TP,113,6582,1012,28,22,1/131.6,1/235.1,1/299.2,6.178177165153075
2023-03-18,アイムジャグラーEX-TP,114,4583,-749,14,15,1/158.0,1/327.4,1/305.5,6.222631977265275
2023-03-18,アイムジャグラーEX-TP,115,3924,378,14,15,1/135.3,1/280.3,1/261.6,5.8645091251179124
2023-03-18,アイムジャグラーEX-TP,116,6342,341,22,27,1/129.4,1/288.3,1/234.9,6.130234541980958
2023-03-18,アイムジャグラーEX-TP,117,1304,-54,6,2,1/163.0,1/217.3,1/652.0,6.752412641179278
2023-03-18,アイムジャグラーEX-TP,118,3252,-693,11,6,1/191.3,1/295.6,1/542.0,6.203374189190667
2023-03-18,アイムジャグラーEX-TP,119,5657,8,22,13,1/161.6,1/257.1,1/435.2,5.998179255178822
2023-03-18,アイムジャグラーEX-TP,120,6556,1143,29,20,1/133.8,1/226.1,1/327.8,6.150515055444839
2023-03-18,アイムジャグラーEX-TP,121,5119,-1978,11,11,1/232.7,1/465.4,1/465.4,5.725174234197273
2023-03-18,アイムジャグラーEX-TP,122,2747,384,12,7,1/144.6,1/228.9,1/392.4,6.024874198674734
2023-03-18,アイムジャグラーEX-TP,123,5769,255,24,14,1/151.8,1/240.4,1/412.1,6.172216986518889
2023-03-18,アイムジャグラーEX-TP,124,1287,-905,2,2,1/321.8,1/643.5,1/643.5,6.217587143324515
2023-03-18,アイムジャグラーEX-TP,125,5999,-413,20,20,1/150.0,1/299.9,1/299.9,6.133639771980331
2023-03-18,アイムジャグラーEX-TP,126,4282,-728,13,14,1/158.6,1/329.4,1/305.9,6.230044343744632
2023-03-18,アイムジャグラーEX-TP,127,2917,-1072,8,5,1/224.4,1/364.6,1/583.4,6.113927003819663
2023-03-18,アイムジャグラーEX-TP,128,3330,-955,10,9,1/175.3,1/333.0,1/370.0,6.506200575222376
2023-03-18,アイムジャグラーEX-TP,129,4126,-785,11,14,1/165.0,1/375.1,1/294.7,5.94781785936536
2023-03-18,アイムジャグラーEX-TP,130,3478,309,14,7,1/165.6,1/248.4,1/496.9,5.657300299535995
2023-03-18,アイムジャグラーEX-TP,131,5168,-902,17,16,1/156.6,1/304.0,1/323.0,6.49133309686693
2023-03-18,アイムジャグラーEX-TP,132,4327,-125,16,10,1/166.4,1/270.4,1/432.7,5.924819720209939
2023-03-18,アイムジャグラーEX-TP,154,3813,37,13,15,1/136.2,1/293.3,1/254.2,6.122247260691743
2023-03-18,アイムジャグラーEX-TP,155,1445,-388,4,4,1/180.6,1/361.2,1/361.2,6.150825913323158
2023-03-18,アイムジャグラーEX-TP,156,5855,-1250,15,20,1/167.3,1/390.3,1/292.8,5.944491646720131
2023-03-18,アイムジャグラーEX-TP,157,6243,1768,28,25,1/117.8,1/223.0,1/249.7,6.138604014977407
2023-03-18,アイムジャグラーEX-TP,158,3804,931,17,11,1/135.9,1/223.8,1/345.8,5.819039260097226
2023-03-18,アイムジャグラーEX-TP,159,4249,-546,13,15,1/151.8,1/326.8,1/283.3,6.1783060582471325
2023-03-18,アイムジャグラーEX-TP,160,5384,-116,17,19,1/149.6,1/316.7,1/283.4,5.80839402695138
2023-03-18,アイムジャグラーEX-TP,161,2320,-399,8,5,1/178.5,1/290.0,1/464.0,6.2272425488157435
2023-03-18,アイムジャグラーEX-TP,162,5527,-424,19,16,1/157.9,1/290.9,1/345.4,6.096845775272516
2023-03-18,アイムジャグラーEX-TP,163,1743,-157,7,2,1/193.7,1/249.0,1/871.5,6.060996575971602
2023-03-18,アイムジャグラーEX-TP,164,6967,2463,29,33,1/112.4,1/240.2,1/211.1,5.776765707367573
2023-03-18,アイムジャグラーEX-TP,165,2921,-139,12,4,1/182.6,1/243.4,1/730.2,6.06925928690172
2023-03-18,アイムジャグラーEX-TP,166,2743,-450,10,6,1/171.4,1/274.3,1/457.2,6.451875127073478
2023-03-18,アイムジャグラーEX-TP,167,5421,-526,19,15,1/159.4,1/285.3,1/361.4,6.215386425857456
2023-03-18,アイムジャグラーEX-TP,168,3666,-339,15,7,1/166.6,1/244.4,1/523.7,6.525568426672636
2023-03-18,アイムジャグラーEX-TP,169,7014,-125,22,25,1/149.2,1/318.8,1/280.6,5.78480996820903
2023-03-18,アイムジャグラーEX-TP,170,4231,-762,13,12,1/169.2,1/325.5,1/352.6,6.125146485607085
2023-03-18,アイムジャグラーEX-TP,171,5020,1937,24,18,1/119.5,1/209.2,1/278.9,5.833252864655868
2023-03-18,アイムジャグラーEX-TP,172,7247,484,31,18,1/147.9,1/233.8,1/402.6,6.231643276765026
2023-03-18,アイムジャグラーEX-TP,173,4480,-1285,10,19,1/154.5,1/448.0,1/235.8,6.266146604472365
2023-03-18,アイムジャグラーEX-TP,174,1532,343,7,2,1/170.2,1/218.9,1/766.0,5.405938903786391
2023-03-18,アイムジャグラーEX-TP,175,6569,2025,27,31,1/113.3,1/243.3,1/211.9,5.906687501415079
2023-03-18,アイムジャグラーEX-TP,176,6044,358,25,18,1/140.6,1/241.8,1/335.8,6.325967276139702
2023-03-18,アイムジャグラーEX-TP,177,1779,-875,4,3,1/254.1,1/444.8,1/593.0,6.102572407501862
2023-03-18,アイムジャグラーEX-TP,178,4637,-404,17,11,1/165.6,1/272.8,1/421.5,6.181821982510976
2023-03-18,マイジャグラーV,73,5717,359,23,18,1/139.4,1/248.6,1/317.6,6.010942599268815
2023-03-18,マイジャグラーV,74,6082,-1207,18,16,1/178.9,1/337.9,1/380.1,5.824845130361832
2023-03-18,マイジャグラーV,75,3928,-1233,10,12,1/178.5,1/392.8,1/327.3,6.076471997882887
2023-03-18,マイジャグラーV,76,6608,-1104,21,18,1/169.4,1/314.7,1/367.1,5.953828832268468
2023-03-18,マイジャグラーV,77,4822,1049,23,11,1/141.8,1/209.7,1/438.4,5.756997007092822
2023-03-18,ファンキージャグラー2,61,4403,-1063,13,13,1/169.3,1/338.7,1/338.7,6.155495713565058
2023-03-18,ファンキージャグラー2,62,2561,-1560,3,8,1/232.8,1/853.7,1/320.1,5.962312353985114
2023-03-18,ファンキージャグラー2,63,3938,-933,12,10,1/179.0,1/328.2,1/393.8,6.056690422412246
2023-03-18,ファンキージャグラー2,78,2405,-376,9,4,1/185.0,1/267.2,1/601.2,6.06696331931005
2023-03-18,ファンキージャグラー2,79,7099,-1530,17,30,1/151.0,1/417.6,1/236.6,5.98031401345042
2023-03-18,ファンキージャグラー2,80,3704,626,17,9,1/142.5,1/217.9,1/411.6,5.847107607617405
2023-03-18,ファンキージャグラー2,81,2857,-59,12,5,1/168.1,1/238.1,1/571.4,5.985994773149629
2023-03-18,ファンキージャグラー2,82,8548,99,27,31,1/147.4,1/316.6,1/275.7,5.558848833160367
2023-03-18,ファンキージャグラー2,83,4336,1202,21,15,1/120.4,1/206.5,1/289.1,6.071295151757176
2023-03-18,ファンキージャグラー2,84,5446,505,23,14,1/147.2,1/236.8,1/389.0,5.855874467083569
2023-03-18,ハッピージャグラーVIII,150,6041,1743,26,27,1/114.0,1/232.3,1/223.7,6.109431513276529
2023-03-18,ハッピージャグラーVIII,151,7609,565,29,24,1/143.6,1/262.4,1/317.0,5.973991252782138
2023-03-18,ハッピージャグラーVIII,152,2767,-626,7,9,1/172.9,1/395.3,1/307.4,5.986278128658519
2023-03-18,ハッピージャグラーVIII,153,3753,-24,16,11,1/139.0,1/234.6,1/341.2,6.828810895092119
2023-03-17,アイムジャグラーEX-TP,109,4324,-850,12,12,1/180.2,1/360.3,1/360.3,5.838848641703401
2023-03-17,アイムジャグラーEX-TP,110,1795,-390,5,6,1/163.2,1/359.0,1/299.2,6.188096412265806
2023-03-17,アイムジャグラーEX-TP,111,2281,-520,6,5,1/207.4,1/380.2,1/456.2,5.5918034017041
2023-03-17,アイムジャグラーEX-TP,112,1685,-376,5,4,1/187.2,1/337.0,1/421.2,5.999192156260976
2023-03-17,アイムジャグラーEX-TP,113,1015,-489,2,3,1/203.0,1/507.5,1/338.3,6.299482356329134
2023-03-17,アイムジャグラーEX-TP,114,7471,2230,33,31,1/116.7,1/226.4,1/241.0,6.052407448555509
2023-03-17,アイムジャグラーEX-TP,115,400,-310,0,1,1/400.0,1/0.0,1/400.0,5.279848468348959
2023-03-17,アイムジャグラーEX-TP,116,2838,272,10,9,1/149.4,1/283.8,1/315.3,5.567950905976044
2023-03-17,アイムジャグラーEX-TP,117,1159,554,7,3,1/115.9,1/165.6,1/386.3,6.4396809696481565
2023-03-17,アイムジャグラーEX-TP,118,1001,-336,3,2,1/200.2,1/333.7,1/500.5,6.403335005279713
2023-03-17,アイムジャグラーEX-TP,119,2515,-325,10,3,1/193.5,1/251.5,1/838.3,6.218561801192209
2023-03-17,アイムジャグラーEX-TP,120,3799,488,16,10,1/146.1,1/237.4,1/379.9,5.935256243869259
2023-03-17,アイムジャグラーEX-TP,121,4951,655,20,16,1/137.5,1/247.6,1/309.4,5.979728298344939
2023-03-17,アイムジャグラーEX-TP,122,1630,67,7,4,1/148.2,1/232.9,1/407.5,6.365908101672534
2023-03-17,アイムジャグラーEX-TP,123,3074,1170,15,13,1/109.8,1/204.9,1/236.5,6.2494668436305325
2023-03-17,アイムジャグラーEX-TP,124,4051,-538,11,15,1/155.8,1/368.3,1/270.1,5.879829635601224
2023-03-17,アイムジャグラーEX-TP,125,2061,270,7,8,1/137.4,1/294.4,1/257.6,5.57004912426585
2023-03-17,アイムジャグラーEX-TP,126,1443,-394,5,2,1/206.1,1/288.6,1/721.5,6.3863129850118145
2023-03-17,アイムジャグラーEX-TP,127,868,-339,2,1,1/289.3,1/434.0,1/868.0,5.520611118930564
2023-03-17,アイムジャグラーEX-TP,128,4082,774,20,7,1/151.2,1/204.1,1/583.1,6.044214897870314
2023-03-17,アイムジャグラーEX-TP,129,883,219,5,0,1/176.6,1/176.6,1/0.0,5.9100282202174235
2023-03-17,アイムジャグラーEX-TP,130,5261,595,20,15,1/150.3,1/263.1,1/350.7,5.6549055058410795
2023-03-17,アイムジャグラーEX-TP,131,2308,-1183,4,5,1/256.4,1/577.0,1/461.6,5.822562160959684
2023-03-17,アイムジャグラーEX-TP,132,3601,-1073,12,2,1/257.2,1/300.1,1/1800.5,5.9693571232797735
2023-03-17,アイムジャグラーEX-TP,154,1150,-928,0,6,1/191.7,1/0.0,1/191.7,6.533775357440122
2023-03-17,アイムジャグラーEX-TP,155,617,-653,0,0,1/0.0,1/0.0,1/0.0,5.442276236887378
2023-03-17,アイムジャグラーEX-TP,156,5923,1573,25,30,1/107.7,1/236.9,1/197.4,6.395042586308538
2023-03-17,アイムジャグラーEX-TP,157,6043,-1608,16,23,1/154.9,1/377.7,1/262.7,6.480526457679571
2023-03-17,アイムジャグラーEX-TP,158,4913,-375,18,10,1/175.5,1/272.9,1/491.3,5.980854545666143
2023-03-17,アイムジャグラーEX-TP,159,2095,-1041,5,5,1/209.5,1/419.0,1/419.0,6.642015647257292
2023-03-17,アイムジャグラーEX-TP,160,1209,-653,3,1,1/302.2,1/403.0,1/1209.0,6.220980335939113
2023-03-17,アイムジャグラーEX-TP,161,5783,1821,29,14,1/134.5,1/199.4,1/413.1,5.914203227506389
2023-03-17,アイムジャグラーEX-TP,162,1481,117,4,8,1/123.4,1/370.2,1/185.1,5.6568768447873685
2023-03-17,アイムジャグラーEX-TP,163,1964,-549,6,3,1/218.2,1/327.3,1/654.7,5.989241748271863
2023-03-17,アイムジャグラーEX-TP,164,5269,475,20,18,1/138.7,1/263.4,1/292.7,5.972891799880442
2023-03-17,アイムジャグラーEX-TP,165,1421,506,8,2,1/142.1,1/177.6,1/710.5,5.988696745798661
2023-03-17,アイムジャグラーEX-TP,166,4571,1275,21,17,1/120.3,1/217.7,1/268.9,6.159909637049932
2023-03-17,アイムジャグラーEX-TP,167,1087,137,5,2,1/155.3,1/217.4,1/543.5,6.0450437509346315
2023-03-17,アイムジャグラーEX-TP,168,7293,216,29,21,1/145.9,1/251.5,1/347.3,6.22765275591951
2023-03-17,アイムジャグラーEX-TP,169,3349,-1466,9,5,1/239.2,1/372.1,1/669.8,6.283532420681989
2023-03-17,アイムジャグラーEX-TP,170,1536,-512,4,3,1/219.4,1/384.0,1/512.0,5.905564260324807
2023-03-17,アイムジャグラーEX-TP,171,3530,-377,10,16,1/135.8,1/353.0,1/220.6,6.259601084311861
2023-03-17,アイムジャグラーEX-TP,172,1571,-439,4,4,1/196.4,1/392.8,1/392.8,5.853774719622449
2023-03-17,アイムジャグラーEX-TP,173,1765,-53,7,4,1/160.5,1/252.1,1/441.2,6.220991104335185
2023-03-17,アイムジャグラーEX-TP,174,3108,-79,13,7,1/155.4,1/239.1,1/444.0,6.464867397831798
2023-03-17,アイムジャグラーEX-TP,175,6418,1665,31,21,1/123.4,1/207.0,1/305.6,6.336608043926022
2023-03-17,アイムジャグラーEX-TP,176,1985,124,8,5,1/152.7,1/248.1,1/397.0,5.977868635357994
2023-03-17,アイムジャグラーEX-TP,177,5736,2830,28,21,1/117.1,1/204.9,1/273.1,5.530544742555311
2023-03-17,アイムジャグラーEX-TP,178,1741,-289,6,3,1/193.4,1/290.2,1/580.3,6.004599709620179
2023-03-17,マイジャグラーV,73,8184,3318,42,22,1/127.9,1/194.9,1/372.0,5.5093221952395135
2023-03-17,マイジャグラーV,74,1778,173,7,6,1/136.8,1/254.0,1/296.3,5.863071058648789
2023-03-17,マイジャグラーV,75,6592,-538,25,19,1/149.8,1/263.7,1/346.9,6.313984406527418
2023-03-17,マイジャグラーV,76,3390,-961,10,4,1/242.1,1/339.0,1/847.5,5.59868259200094
2023-03-17,マイジャグラーV,77,4148,-1362,12,10,1/188.5,1/345.7,1/414.8,6.248001323045911
2023-03-17,ファンキージャグラー2,61,3304,936,16,10,1/127.1,1/206.5,1/330.4,5.86033183242147
2023-03-17,ファンキージャグラー2,62,722,-314,2,1,1/240.7,1/361.0,1/722.0,6.157970274999856
2023-03-17,ファンキージャグラー2,63,959,-524,2,2,1/239.8,1/479.5,1/479.5,6.2271549572155
2023-03-17,ファンキージャグラー2,78,940,339,6,1,1/134.3,1/156.7,1/940.0,6.344770795155025
2023-03-17,ファンキージャグラー2,79,1147,-130,5,0,1/229.4,1/229.4,1/0.0,5.829107664368163
2023-03-17,ファンキージャグラー2,80,1771,409,9,4,1/136.2,1/196.8,1/442.8,6.021050643589032
2023-03-17,ファンキージャグラー2,81,1196,-563,2,3,1/239.2,1/598.0,1/398.7,5.637935195800398
2023-03-17,ファンキージャグラー2,82,1684,-708,4,4,1/210.5,1/421.0,1/421.0,6.089505240355556
2023-03-17,ファンキージャグラー2,83,1611,-226,6,2,1/201.4,1/268.5,1/805.5,5.800870013476401
2023-03-17,ファンキージャグラー2,84,4217,2504,26,12,1/111.0,1/162.2,1/351.4,5.81251513280975
2023-03-17,ハッピージャグラーVIII,150,2868,197,11,9,1/143.4,1/260.7,1/318.7,6.018097729248762
2023-03-17,ハッピージャグラーVIII,151,1371,-426,3,4,1/195.9,1/457.0,1/342.8,5.857124296155813
2023-03-17,ハッピージャグラーVIII,152,4795,-966,14,12,1/184.4,1/342.5,1/399.6,5.972437264303003
2023-03-17,ハッピージャグラーVIII,153,1992,135,9,5,1/142.3,1/221.3,1/398.4,6.531261035027821
2023-03-16,アイムジャグラーEX-TP,109,3605,-1474,8,8,1/225.3,1/450.6,1/450.6,5.923681943795843
2023-03-16,アイムジャグラーEX-TP,110,3101,810,15,8,1/134.8,1/206.7,1/387.6,6.021987263953295
2023-03-16,アイムジャグラーEX-TP,111,3258,-499,9,13,1/148.1,1/362.0,1/250.6,6.148958578176574
2023-03-16,アイムジャグラーEX-TP,112,803,-355,2,1,1/267.7,1/401.5,1/803.0,5.961998975842915
2023-03-16,アイムジャグラーEX-TP,113,822,-1002,0,1,1/822.0,1/0.0,1/822.0,6.703165484275573
2023-03-16,アイムジャグラーEX-TP,114,6521,732,23,29,1/125.4,1/283.5,1/224.9,6.011402360887244
2023-03-16,アイムジャグラーEX-TP,115,2526,183,11,5,1/157.9,1/229.6,1/505.2,6.069313579375521
2023-03-16,アイムジャグラーEX-TP,116,1438,-724,4,3,1/205.4,1/359.5,1/479.3,7.096966925123595
2023-03-16,アイムジャグラーEX-TP,117,5337,-355,18,17,1/152.5,1/296.5,1/313.9,6.102136315962741
2023-03-16,アイムジャグラーEX-TP,118,1808,-726,4,4,1/226.0,1/452.0,1/452.0,5.881581385471557
2023-03-16,アイムジャグラーEX-TP,119,6792,204,27,20,1/144.5,1/251.6,1/339.6,6.2544320068237385
2023-03-16,アイムジャグラーEX-TP,120,1878,-1688,2,3,1/375.6,1/939.0,1/626.0,6.612865361251362
2023-03-16,アイムジャグラーEX-TP,121,3379,138,13,13,1/130.0,1/259.9,1/259.9,6.472105607908083
2023-03-16,アイムジャグラーEX-TP,122,5364,-7,18,19,1/145.0,1/298.0,1/282.3,5.9413026545317145
2023-03-16,アイムジャグラーEX-TP,123,1904,-467,7,6,1/146.5,1/272.0,1/317.3,7.553040572879086
2023-03-16,アイムジャグラーEX-TP,124,5582,1544,26,16,1/132.9,1/214.7,1/348.9,5.875339360843491
2023-03-16,アイムジャグラーEX-TP,125,726,-446,1,1,1/363.0,1/726.0,1/726.0,5.568230224691128
2023-03-16,アイムジャグラーEX-TP,126,3379,225,11,17,1/120.7,1/307.2,1/198.8,6.164380512778676
2023-03-16,アイムジャグラーEX-TP,127,3671,615,17,9,1/141.2,1/215.9,1/407.9,6.15944413256654
2023-03-16,アイムジャグラーEX-TP,128,1697,-660,4,4,1/212.1,1/424.2,1/424.2,6.048404055346212
2023-03-16,アイムジャグラーEX-TP,129,1046,-287,3,1,1/261.5,1/348.7,1/1046.0,5.546781106412078
2023-03-16,アイムジャグラーEX-TP,130,3711,-889,10,13,1/161.3,1/371.1,1/285.5,6.259533411916818
2023-03-16,アイムジャグラーEX-TP,131,1703,-294,5,6,1/154.8,1/340.6,1/283.8,6.23815533461
2023-03-16,アイムジャグラーEX-TP,132,4058,-548,14,13,1/150.3,1/289.9,1/312.2,6.550215838328277
2023-03-16,アイムジャグラーEX-TP,154,1658,-353,6,3,1/184.2,1/276.3,1/552.7,6.483829708039561
2023-03-16,アイムジャグラーEX-TP,155,3587,2673,25,10,1/102.5,1/143.5,1/358.7,6.365100948247433
2023-03-16,アイムジャグラーEX-TP,156,1677,-760,4,3,1/239.6,1/419.2,1/559.0,6.128146672677633
2023-03-16,アイムジャグラーEX-TP,157,5502,-69,18,21,1/141.1,1/305.7,1/262.0,6.013881573293068
2023-03-16,アイムジャグラーEX-TP,158,3576,-373,13,9,1/162.5,1/275.1,1/397.3,6.2947047697210055
2023-03-16,アイムジャグラーEX-TP,159,638,-219,2,0,1/319.0,1/319.0,1/0.0,5.724744589353662
2023-03-16,アイムジャグラーEX-TP,160,5577,-169,21,17,1/146.8,1/265.6,1/328.1,6.3411563972489695
2023-03-16,アイムジャグラーEX-TP,161,1536,274,7,4,1/139.6,1/219.4,1/384.0,6.089953127581464
2023-03-16,アイムジャグラーEX-TP,162,3352,-217,12,8,1/167.6,1/279.3,1/419.0,5.984473789790146
2023-03-16,アイムジャグラーEX-TP,163,2529,-135,9,7,1/158.1,1/281.0,1/361.3,6.073630558416654
2023-03-16,アイムジャグラーEX-TP,164,4708,-2,16,19,1/134.5,1/294.2,1/247.8,6.2033270625005095
2023-03-16,アイムジャグラーEX-TP,165,710,-342,1,2,1/236.7,1/710.0,1/355.0,5.616215517128865
2023-03-16,アイムジャグラーEX-TP,166,3726,-712,11,12,1/162.0,1/338.7,1/310.5,6.207710492908374
2023-03-16,アイムジャグラーEX-TP,167,3144,-403,10,10,1/157.2,1/314.4,1/314.4,6.16313778674665
2023-03-16,アイムジャグラーEX-TP,168,3138,-333,12,5,1/184.6,1/261.5,1/627.6,6.108596716927103
2023-03-16,アイムジャグラーEX-TP,169,5210,442,22,12,1/153.2,1/236.8,1/434.2,6.002263348670786
2023-03-16,アイムジャグラーEX-TP,170,3724,766,18,9,1/137.9,1/206.9,1/413.8,6.204451574047206
2023-03-16,アイムジャグラーEX-TP,171,5014,518,21,10,1/161.7,1/238.8,1/501.4,5.7580506396322635
2023-03-16,アイムジャグラーEX-TP,172,766,-270,2,1,1/255.3,1/383.0,1/766.0,5.732765275667802
2023-03-16,アイムジャグラーEX-TP,173,2368,-732,7,6,1/182.2,1/338.3,1/394.7,6.476998027387581
2023-03-16,アイムジャグラーEX-TP,174,2091,-1077,5,3,1/261.4,1/418.2,1/697.0,6.270529912856727
2023-03-16,アイムジャグラーEX-TP,175,4047,-24,14,17,1/130.5,1/289.1,1/238.1,6.384085010835672
2023-03-16,アイムジャグラーEX-TP,176,1413,-203,4,5,1/157.0,1/353.2,1/282.6,5.986444199158872
2023-03-16,アイムジャグラーEX-TP,177,1561,31,6,5,1/141.9,1/260.2,1/312.2,6.262921789828301
2023-03-16,アイムジャグラーEX-TP,178,6268,885,26,20,1/136.3,1/241.1,1/313.4,6.045080289332896
2023-03-16,マイジャグラーV,73,4786,-1814,14,8,1/217.5,1/341.9,1/598.2,6.189843729369983
2023-03-16,マイジャグラーV,74,3628,-49,13,9,1/164.9,1/279.1,1/403.1,5.620163206100487
2023-03-16,マイジャグラーV,75,3733,959,19,11,1/124.4,1/196.5,1/339.4,6.206191927910982
2023-03-16,マイジャグラーV,76,2302,109,9,7,1/143.9,1/255.8,1/328.9,5.913405231769683
2023-03-16,マイジャグラーV,77,2185,-1082,5,1,1/364.2,1/437.0,1/2185.0,5.5391689354786795
2023-03-16,ファンキージャグラー2,61,6205,-112,23,15,1/163.3,1/269.8,1/413.7,5.740663889738083
2023-03-16,ファンキージャグラー2,62,668,-358,1,3,1/167.0,1/668.0,1/222.7,6.6288616468255634
2023-03-16,ファンキージャグラー2,63,394,-469,0,0,1/0.0,1/0.0,1/0.0,5.977533425449044
2023-03-16,ファンキージャグラー2,78,269,-275,0,1,1/269.0,1/0.0,1/269.0,6.942600629802276
2023-03-16,ファンキージャグラー2,79,6873,66,23,28,1/134.8,1/298.8,1/245.5,5.927551721591874
2023-03-16,ファンキージャグラー2,80,168,-250,0,0,1/0.0,1/0.0,1/0.0,7.687837200895085
2023-03-16,ファンキージャグラー2,81,750,-334,1,3,1/187.5,1/750.0,1/250.0,5.782993180887207
2023-03-16,ファンキージャグラー2,82,3223,493,13,11,1/134.3,1/247.9,1/293.0,5.748940785976795
2023-03-16,ファンキージャグラー2,83,1448,-327,4,5,1/160.9,1/362.0,1/289.6,6.092649080033131
2023-03-16,ファンキージャグラー2,84,888,-715,1,1,1/444.0,1/888.0,1/888.0,5.93987084794332
2023-03-16,ハッピージャグラーVIII,150,1766,-330,5,4,1/196.2,1/353.2,1/441.5,5.722363773678568
2023-03-16,ハッピージャグラーVIII,151,1470,1037,10,4,1/105.0,1/147.0,1/367.5,6.178933724105357
2023-03-16,ハッピージャグラーVIII,152,4590,70,18,12,1/153.0,1/255.0,1/382.5,6.128603537933335
2023-03-16,ハッピージャグラーVIII,153,1606,-1035,2,4,1/267.7,1/803.0,1/401.5,6.1586785837992055
2023-03-15,アイムジャグラーEX-TP,109,7923,-1645,22,24,1/172.2,1/360.1,1/330.1,5.9946775616305885
2023-03-15,アイムジャグラーEX-TP,110,6034,1255,25,18,1/140.3,1/241.4,1/335.2,5.668966143015727
2023-03-15,アイムジャグラーEX-TP,111,834,179,4,0,1/208.5,1/208.5,1/0.0,5.201857000576819
2023-03-15,アイムジャグラーEX-TP,112,4751,2793,29,11,1/118.8,1/163.8,1/431.9,5.873546003748586
2023-03-15,アイムジャグラーEX-TP,113,1287,-400,3,5,1/160.9,1/429.0,1/257.4,6.340105110765133
2023-03-15,アイムジャグラーEX-TP,114,732,-461,1,2,1/244.0,1/732.0,1/366.0,6.1773439497008935
2023-03-15,アイムジャグラーEX-TP,115,5611,370,23,17,1/140.3,1/244.0,1/330.1,6.270671927698201
2023-03-15,アイムジャグラーEX-TP,116,1274,-609,3,2,1/254.8,1/424.7,1/637.0,6.110935740153036
2023-03-15,アイムジャグラーEX-TP,117,3325,247,14,8,1/151.1,1/237.5,1/415.6,6.081162023188888
2023-03-15,アイムジャグラーEX-TP,118,5209,-1773,14,10,1/217.0,1/372.1,1/520.9,6.015863493647646
2023-03-15,アイムジャグラーEX-TP,119,3061,-947,9,7,1/191.3,1/340.1,1/437.3,6.337166577257617
2023-03-15,アイムジャグラーEX-TP,120,6997,-397,23,23,1/152.1,1/304.2,1/304.2,6.003332179684563
2023-03-15,アイムジャグラーEX-TP,121,4596,-610,16,10,1/176.8,1/287.2,1/459.6,6.089777793866428
2023-03-15,アイムジャグラーEX-TP,122,4245,148,17,12,1/146.4,1/249.7,1/353.8,6.212420435833855
2023-03-15,アイムジャグラーEX-TP,123,2676,-811,7,5,1/223.0,1/382.3,1/535.2,5.755172385908654
2023-03-15,アイムジャグラーEX-TP,124,1112,8,5,0,1/222.4,1/222.4,1/0.0,5.690738164991796
2023-03-15,アイムジャグラーEX-TP,125,5671,714,23,21,1/128.9,1/246.6,1/270.0,6.23777798094951
2023-03-15,アイムジャグラーEX-TP,126,3564,108,13,10,1/155.0,1/274.2,1/356.4,5.818558822323695
2023-03-15,アイムジャグラーEX-TP,127,2589,241,11,5,1/161.8,1/235.4,1/517.8,5.8395963699859985
2023-03-15,アイムジャグラーEX-TP,128,1319,-188,5,1,1/219.8,1/263.8,1/1319.0,5.877392163221641
2023-03-15,アイムジャグラーEX-TP,129,3097,302,14,8,1/140.8,1/221.2,1/387.1,6.4308030023481875
2023-03-15,アイムジャグラーEX-TP,130,4151,88,14,14,1/148.2,1/296.5,1/296.5,5.793383411836399
2023-03-15,アイムジャグラーEX-TP,131,3372,-1407,8,9,1/198.4,1/421.5,1/374.7,6.345435218667141
2023-03-15,アイムジャグラーEX-TP,132,2427,-1737,2,8,1/242.7,1/1213.5,1/303.4,6.193829659425117
2023-03-15,アイムジャグラーEX-TP,154,1221,-256,4,4,1/152.6,1/305.2,1/305.2,6.75949335133798
2023-03-15,アイムジャグラーEX-TP,155,862,-674,1,1,1/431.0,1/862.0,1/862.0,5.9504094806728345
2023-03-15,アイムジャグラーEX-TP,156,4496,1026,21,13,1/132.2,1/214.1,1/345.8,6.118227618044165
2023-03-15,アイムジャグラーEX-TP,157,5195,-1322,17,11,1/185.5,1/305.6,1/472.3,6.4001257603152295
2023-03-15,アイムジャグラーEX-TP,158,3185,-1543,6,7,1/245.0,1/530.8,1/455.0,5.877130332884537
2023-03-15,アイムジャグラーEX-TP,159,1805,-611,4,6,1/180.5,1/451.2,1/300.8,6.077140289689366
2023-03-15,アイムジャグラーEX-TP,160,3551,-139,12,10,1/161.4,1/295.9,1/355.1,5.831391753029344
2023-03-15,アイムジャグラーEX-TP,161,5587,1102,25,15,1/139.7,1/223.5,1/372.5,5.945416585028481
2023-03-15,アイムジャグラーEX-TP,162,3660,-375,14,9,1/159.1,1/261.4,1/406.7,6.501030706446224
2023-03-15,アイムジャグラーEX-TP,163,1517,-932,2,5,1/216.7,1/758.5,1/303.4,6.305360766183215
2023-03-15,アイムジャグラーEX-TP,164,3611,519,17,8,1/144.4,1/212.4,1/451.4,6.258891859989612
2023-03-15,アイムジャグラーEX-TP,165,4069,651,20,10,1/135.6,1/203.4,1/406.9,6.561270739315732
2023-03-15,アイムジャグラーEX-TP,166,4676,32,18,14,1/146.1,1/259.8,1/334.0,6.236304403353712
2023-03-15,アイムジャグラーEX-TP,167,1609,-367,4,6,1/160.9,1/402.2,1/268.2,6.058646645192925
2023-03-15,アイムジャグラーEX-TP,168,5412,232,21,15,1/150.3,1/257.7,1/360.8,6.00476999755948
2023-03-15,アイムジャグラーEX-TP,169,3060,859,15,7,1/139.1,1/204.0,1/437.1,5.884390193529132
2023-03-15,アイムジャグラーEX-TP,170,4698,71,18,11,1/162.0,1/261.0,1/427.1,5.892019745866327
2023-03-15,アイムジャグラーEX-TP,171,2417,57,8,11,1/127.2,1/302.1,1/219.7,6.216964658703687
2023-03-15,アイムジャグラーEX-TP,172,2958,-483,10,8,1/164.3,1/295.8,1/369.8,6.359118375955979
2023-03-15,アイムジャグラーEX-TP,173,1324,-683,3,3,1/220.7,1/441.3,1/441.3,6.518171174461215
2023-03-15,アイムジャグラーEX-TP,174,5090,259,18,22,1/127.2,1/282.8,1/231.4,6.25484935152327
2023-03-15,アイムジャグラーEX-TP,175,1517,-465,4,4,1/189.6,1/379.2,1/379.2,6.115513133880797
2023-03-15,アイムジャグラーEX-TP,176,1114,-705,2,1,1/371.3,1/557.0,1/1114.0,5.887177268139416
2023-03-15,アイムジャグラーEX-TP,177,4247,1036,22,10,1/132.7,1/193.0,1/424.7,6.418104234365047
2023-03-15,アイムジャグラーEX-TP,178,5710,-254,19,23,1/136.0,1/300.5,1/248.3,6.328441222911971
2023-03-15,マイジャグラーV,73,3547,-276,15,4,1/186.7,1/236.5,1/886.8,5.999103715807759
2023-03-15,マイジャグラーV,74,2881,249,14,4,1/160.1,1/205.8,1/720.2,6.0510004244127815
2023-03-15,マイジャグラーV,75,7625,655,31,23,1/141.2,1/246.0,1/331.5,5.897827629461244
2023-03-15,マイジャグラーV,76,2698,-238,9,7,1/168.6,1/299.8,1/385.4,5.726155920901729
2023-03-15,マイジャグラーV,77,4325,214,18,9,1/160.2,1/240.3,1/480.6,5.771676241157481
2023-03-15,ファンキージャグラー2,61,5225,-989,18,7,1/209.0,1/290.3,1/746.4,5.765352233022296
2023-03-15,ファンキージャグラー2,62,1729,381,9,5,1/123.5,1/192.1,1/345.8,6.513399298924294
2023-03-15,ファンキージャグラー2,63,1528,479,8,4,1/127.3,1/191.0,1/382.0,5.969176702865868
2023-03-15,ファンキージャグラー2,78,1965,-282,8,3,1/178.6,1/245.6,1/655.0,6.32049874042351
2023-03-15,ファンキージャグラー2,79,949,-943,0,3,1/316.3,1/0.0,1/316.3,6.4834234183610855
2023-03-15,ファンキージャグラー2,80,1542,-605,4,4,1/192.8,1/385.5,1/385.5,6.305925085241937
2023-03-15,ファンキージャグラー2,81,1892,169,8,6,1/135.1,1/236.5,1/315.3,6.133397174260932
2023-03-15,ファンキージャグラー2,82,2365,1655,14,9,1/102.8,1/168.9,1/262.8,5.518246305990549
2023-03-15,ファンキージャグラー2,83,1905,-71,7,4,1/173.2,1/272.1,1/476.2,5.664535713429503
2023-03-15,ファンキージャグラー2,84,5904,-1131,18,16,1/173.6,1/328.0,1/369.0,5.927751909124672
2023-03-15,ハッピージャグラーVIII,150,5198,-607,18,15,1/157.5,1/288.8,1/346.5,6.362788435111783
2023-03-15,ハッピージャグラーVIII,151,1835,-441,6,5,1/166.8,1/305.8,1/367.0,6.69204141680728
2023-03-15,ハッピージャグラーVIII,152,1640,-129,6,3,1/182.2,1/273.3,1/546.7,5.92755372749156
2023-03-15,ハッピージャグラーVIII,153,2903,-952,8,4,1/241.9,1/362.9,1/725.8,5.882604898707314
2023-03-14,アイムジャグラーEX-TP,109,8516,1504,37,29,1/129.0,1/230.2,1/293.7,6.206616454294123
2023-03-14,アイムジャグラーEX-TP,110,871,-139,3,2,1/174.2,1/290.3,1/435.5,6.227451851823253
2023-03-14,アイムジャグラーEX-TP,111,2746,-525,8,8,1/171.6,1/343.2,1/343.2,6.025618666023701
2023-03-14,アイムジャグラーEX-TP,112,1281,-626,3,3,1/213.5,1/427.0,1/427.0,6.513788739881381
2023-03-14,アイムジャグラーEX-TP,113,1593,235,7,4,1/144.8,1/227.6,1/398.2,6.0032114354809085
2023-03-14,アイムジャグラーEX-TP,114,610,-447,1,1,1/305.0,1/610.0,1/610.0,6.51730986816871
2023-03-14,アイムジャグラーEX-TP,115,2370,1143,11,10,1/112.9,1/215.5,1/237.0,5.545694592982871
2023-03-14,アイムジャグラーEX-TP,116,567,-764,0,0,1/0.0,1/0.0,1/0.0,6.774624145764103
2023-03-14,アイムジャグラーEX-TP,117,1753,-478,5,5,1/175.3,1/350.6,1/350.6,6.312439769854136
2023-03-14,アイムジャグラーEX-TP,118,4914,1296,22,19,1/119.9,1/223.4,1/258.6,6.158941988519326
2023-03-14,アイムジャグラーEX-TP,119,1338,-829,1,7,1/167.2,1/1338.0,1/191.1,6.543218594555769
2023-03-14,アイムジャグラーEX-TP,120,4877,287,16,23,1/125.1,1/304.8,1/212.0,6.0897162672953655
2023-03-14,アイムジャグラーEX-TP,121,4789,484,18,17,1/136.8,1/266.1,1/281.7,5.939500120309294
2023-03-14,アイムジャグラーEX-TP,122,818,593,5,2,1/116.9,1/163.6,1/409.0,5.388599370614228
2023-03-14,アイムジャグラーEX-TP,123,1548,-966,3,1,1/387.0,1/516.0,1/1548.0,5.900403926101329
2023-03-14,アイムジャグラーEX-TP,124,2050,578,10,6,1/128.1,1/205.0,1/341.7,6.126132587439336
2023-03-14,アイムジャグラーEX-TP,125,1710,291,9,2,1/155.5,1/190.0,1/855.0,6.325493235883746
2023-03-14,アイムジャグラーEX-TP,126,1754,-116,6,5,1/159.5,1/292.3,1/350.8,6.009619296784775
2023-03-14,アイムジャグラーEX-TP,127,2224,-445,6,4,1/222.4,1/370.7,1/556.0,5.408751564318446
2023-03-14,アイムジャグラーEX-TP,128,1564,95,7,2,1/173.8,1/223.4,1/782.0,5.95797471677811
2023-03-14,アイムジャグラーEX-TP,129,5743,1208,28,16,1/130.5,1/205.1,1/358.9,6.408577419453901
2023-03-14,アイムジャグラーEX-TP,130,1709,-212,6,4,1/170.9,1/284.8,1/427.2,6.157452214171536
2023-03-14,アイムジャグラーEX-TP,131,838,-181,3,1,1/209.5,1/279.3,1/838.0,6.157620989169643
2023-03-14,アイムジャグラーEX-TP,132,6384,2054,28,27,1/116.1,1/228.0,1/236.4,5.946871577131302
2023-03-14,アイムジャグラーEX-TP,154,1839,-527,4,4,1/229.9,1/459.8,1/459.8,5.3760523790625
2023-03-14,アイムジャグラーEX-TP,155,1837,-805,3,5,1/229.6,1/612.3,1/367.4,5.631678766345358
2023-03-14,アイムジャグラーEX-TP,156,2094,-180,9,2,1/190.4,1/232.7,1/1047.0,6.291707916564021
2023-03-14,アイムジャグラーEX-TP,157,2828,-731,8,6,1/202.0,1/353.5,1/471.3,5.89536822098842
2023-03-14,アイムジャグラーEX-TP,158,3467,-1515,8,11,1/182.5,1/433.4,1/315.2,6.6149360983244705
2023-03-14,アイムジャグラーEX-TP,159,2117,-85,8,8,1/132.3,1/264.6,1/264.6,6.786742532852065
2023-03-14,アイムジャグラーEX-TP,160,2340,-685,7,4,1/212.7,1/334.3,1/585.0,6.05527613158943
2023-03-14,アイムジャグラーEX-TP,161,3889,2359,22,18,1/97.2,1/176.8,1/216.1,6.2857141379400865
2023-03-14,アイムジャグラーEX-TP,162,3480,560,13,15,1/124.3,1/267.7,1/232.0,5.969696585024776
2023-03-14,アイムジャグラーEX-TP,163,470,-535,0,1,1/470.0,1/0.0,1/470.0,6.737621949165359
2023-03-14,アイムジャグラーEX-TP,164,3886,991,18,15,1/117.8,1/215.9,1/259.1,6.390394319725504
2023-03-14,アイムジャグラーEX-TP,165,3747,55,15,11,1/144.1,1/249.8,1/340.6,6.361474570451064
2023-03-14,アイムジャグラーEX-TP,166,1918,-399,6,4,1/191.8,1/319.7,1/479.5,5.989497082727695
2023-03-14,アイムジャグラーEX-TP,167,1253,-591,2,4,1/208.8,1/626.5,1/313.2,5.919155018654551
2023-03-14,アイムジャグラーEX-TP,168,2943,597,13,9,1/133.8,1/226.4,1/327.0,6.014798243065783
2023-03-14,アイムジャグラーEX-TP,169,4470,-560,16,10,1/171.9,1/279.4,1/447.0,6.198550814873693
2023-03-14,アイムジャグラーEX-TP,170,1436,-126,5,5,1/143.6,1/287.2,1/287.2,6.482457143780628
2023-03-14,アイムジャグラーEX-TP,171,4972,1291,23,18,1/121.3,1/216.2,1/276.2,6.245684815284312
2023-03-14,アイムジャグラーEX-TP,172,1368,-1084,2,1,1/456.0,1/684.0,1/1368.0,6.158722986987852
2023-03-14,アイムジャグラーEX-TP,173,1436,2,6,2,1/179.5,1/239.3,1/718.0,5.937971192073355
2023-03-14,アイムジャグラーEX-TP,174,3086,1065,16,9,1/123.4,1/192.9,1/342.9,6.187243015638186
2023-03-14,アイムジャグラーEX-TP,175,3175,395,12,13,1/127.0,1/264.6,1/244.2,6.09234556743483
2023-03-14,アイムジャグラーEX-TP,176,1809,-101,7,5,1/150.8,1/258.4,1/361.8,6.467265625793214
2023-03-14,アイムジャグラーEX-TP,177,3709,375,16,12,1/132.5,1/231.8,1/309.1,6.465137517257506
2023-03-14,アイムジャグラーEX-TP,178,3418,221,14,8,1/155.4,1/244.1,1/427.2,5.966009941278613
2023-03-14,マイジャグラーV,73,3108,-593,9,10,1/163.6,1/345.3,1/310.8,5.96811832343766
2023-03-14,マイジャグラーV,74,788,-466,1,2,1/262.7,1/788.0,1/394.0,5.7397397326672515
2023-03-14,マイジャグラーV,75,7007,-632,26,14,1/175.2,1/269.5,1/500.5,5.872552303914438
2023-03-14,マイジャグラーV,76,4334,681,18,14,1/135.4,1/240.8,1/309.6,5.7706675404421315
2023-03-14,マイジャグラーV,77,4288,-1526,12,7,1/225.7,1/357.3,1/612.6,5.927602546176239
2023-03-14,ファンキージャグラー2,61,3134,561,14,9,1/136.3,1/223.9,1/348.2,5.859044823328719
2023-03-14,ファンキージャグラー2,62,1037,98,5,3,1/129.6,1/207.4,1/345.7,6.699713525870415
2023-03-14,ファンキージャグラー2,63,1750,-195,5,5,1/175.0,1/350.0,1/350.0,5.473614247035941
2023-03-14,ファンキージャグラー2,78,1600,545,9,3,1/133.3,1/177.8,1/533.3,5.948176512137998
2023-03-14,ファンキージャグラー2,79,695,-287,2,1,1/231.7,1/347.5,1/695.0,6.2005371940227265
2023-03-14,ファンキージャグラー2,80,1102,-668,2,2,1/275.5,1/551.0,1/551.0,6.081562751918181
2023-03-14,ファンキージャグラー2,81,515,-288,2,0,1/257.5,1/257.5,1/0.0,7.689716217742153
2023-03-14,ファンキージャグラー2,82,2806,-341,9,8,1/165.1,1/311.8,1/350.8,5.846926282209731
2023-03-14,ファンキージャグラー2,83,363,-198,1,0,1/363.0,1/363.0,1/0.0,6.041590860720733
2023-03-14,ファンキージャグラー2,84,4479,535,18,15,1/135.7,1/248.8,1/298.6,5.849361029298178
2023-03-14,ハッピージャグラーVIII,150,409,-201,1,0,1/409.0,1/409.0,1/0.0,5.702904803843256
2023-03-14,ハッピージャグラーVIII,151,4789,-50,16,18,1/140.9,1/299.3,1/266.1,6.110019227454795
2023-03-14,ハッピージャグラーVIII,152,4059,704,16,14,1/135.3,1/253.7,1/289.9,5.802158716808073
2023-03-14,ハッピージャグラーVIII,153,1598,25,6,5,1/145.3,1/266.3,1/319.6,6.1704219972068985
2023-03-13,アイムジャグラーEX-TP,109,8304,-1153,27,23,1/166.1,1/307.6,1/361.0,6.112810234505038
2023-03-13,アイムジャグラーEX-TP,110,4863,2598,28,18,1/105.7,1/173.7,1/270.2,6.332319667372349
2023-03-13,アイムジャグラーEX-TP,111,412,110,2,1,1/137.3,1/206.0,1/412.0,5.950340938648952
2023-03-13,アイムジャグラーEX-TP,112,3669,1086,18,9,1/135.9,1/203.8,1/407.7,5.890834030832808
2023-03-13,アイムジャグラーEX-TP,113,1681,-1037,2,6,1/210.1,1/840.5,1/280.2,6.28673871371456
2023-03-13,アイムジャグラーEX-TP,114,4844,467,20,13,1/146.8,1/242.2,1/372.6,6.007193924757614
2023-03-13,アイムジャグラーEX-TP,115,1200,-175,4,3,1/171.4,1/300.0,1/400.0,6.121535434125264
2023-03-13,アイムジャグラーEX-TP,116,1059,-503,3,0,1/353.0,1/353.0,1/0.0,5.9630859639936595
2023-03-13,アイムジャグラーEX-TP,117,2580,-652,8,5,1/198.5,1/322.5,1/516.0,6.097821104346128
2023-03-13,アイムジャグラーEX-TP,118,3768,-262,11,16,1/139.6,1/342.5,1/235.5,6.056709608598483
2023-03-13,アイムジャグラーEX-TP,119,1810,-841,2,6,1/226.2,1/905.0,1/301.7,5.4410333273812626
2023-03-13,アイムジャグラーEX-TP,120,5534,-1268,16,15,1/178.5,1/345.9,1/368.9,6.08552096760531
2023-03-13,アイムジャグラーEX-TP,121,2677,-391,8,10,1/148.7,1/334.6,1/267.7,6.271500740374441
2023-03-13,アイムジャグラーEX-TP,122,2585,-1016,7,6,1/198.8,1/369.3,1/430.8,6.483861893490842
2023-03-13,アイムジャグラーEX-TP,123,1496,-357,4,4,1/187.0,1/374.0,1/374.0,5.868488429584651
2023-03-13,アイムジャグラーEX-TP,124,2865,-1189,6,9,1/191.0,1/477.5,1/318.3,6.211572669383787
2023-03-13,アイムジャグラーEX-TP,125,4217,-606,13,15,1/150.6,1/324.4,1/281.1,6.292943331813993
2023-03-13,アイムジャグラーEX-TP,126,1987,-333,7,5,1/165.6,1/283.9,1/397.4,6.472914030971216
2023-03-13,アイムジャグラーEX-TP,127,928,106,4,1,1/185.6,1/232.0,1/928.0,5.490998519738039
2023-03-13,アイムジャグラーEX-TP,128,4688,-289,15,18,1/142.1,1/312.5,1/260.4,6.167899459344405
2023-03-13,アイムジャグラーEX-TP,129,3250,-189,10,13,1/141.3,1/325.0,1/250.0,6.078615197940752
2023-03-13,アイムジャグラーEX-TP,130,3139,-146,15,3,1/174.4,1/209.3,1/1046.3,6.721813662245801
2023-03-13,アイムジャグラーEX-TP,131,439,-171,1,1,1/219.5,1/439.0,1/439.0,5.928101713802052
2023-03-13,アイムジャグラーEX-TP,132,7547,113,27,28,1/137.2,1/279.5,1/269.5,6.1965533418844725
2023-03-13,アイムジャグラーEX-TP,154,3405,1010,15,12,1/126.1,1/227.0,1/283.8,5.786904752901291
2023-03-13,アイムジャグラーEX-TP,155,1831,-1111,1,10,1/166.5,1/1831.0,1/183.1,6.328512569010079
2023-03-13,アイムジャグラーEX-TP,156,7051,1733,29,28,1/123.7,1/243.1,1/251.8,5.871592135544026
2023-03-13,アイムジャグラーEX-TP,157,4103,1527,20,13,1/124.3,1/205.2,1/315.6,5.822493804890715
2023-03-13,アイムジャグラーEX-TP,158,2222,13,9,4,1/170.9,1/246.9,1/555.5,5.947782166520074
2023-03-13,アイムジャグラーEX-TP,159,3530,1330,18,9,1/130.7,1/196.1,1/392.2,5.7925595802904954
2023-03-13,アイムジャグラーEX-TP,160,1160,-495,3,2,1/232.0,1/386.7,1/580.0,6.213171226696925
2023-03-13,アイムジャグラーEX-TP,161,2532,-69,10,6,1/158.2,1/253.2,1/422.0,6.235097452209161
2023-03-13,アイムジャグラーEX-TP,162,702,-502,1,2,1/234.0,1/702.0,1/351.0,6.75706047848266
2023-03-13,アイムジャグラーEX-TP,163,6118,890,23,26,1/124.9,1/266.0,1/235.3,6.040223246572209
2023-03-13,アイムジャグラーEX-TP,164,1100,403,6,2,1/137.5,1/183.3,1/550.0,5.921332407452266
2023-03-13,アイムジャグラーEX-TP,165,2163,-613,6,7,1/166.4,1/360.5,1/309.0,6.453089781453271
2023-03-13,アイムジャグラーEX-TP,166,2460,-380,7,12,1/129.5,1/351.4,1/205.0,6.698623092577286
2023-03-13,アイムジャグラーEX-TP,167,3739,-166,14,9,1/162.6,1/267.1,1/415.4,6.088785104333588
2023-03-13,アイムジャグラーEX-TP,168,2820,447,14,3,1/165.9,1/201.4,1/940.0,5.978356441694966
2023-03-13,アイムジャグラーEX-TP,169,5604,612,22,20,1/133.4,1/254.7,1/280.2,6.101081596348651
2023-03-13,アイムジャグラーEX-TP,170,989,-589,2,1,1/329.7,1/494.5,1/989.0,6.022415931427518
2023-03-13,アイムジャグラーEX-TP,171,1534,82,6,5,1/139.5,1/255.7,1/306.8,6.208349371906475
2023-03-13,アイムジャグラーEX-TP,172,3408,-759,10,8,1/189.3,1/340.8,1/426.0,5.948922841737601
2023-03-13,アイムジャグラーEX-TP,173,503,-456,0,0,1/0.0,1/0.0,1/0.0,4.932914326556182
2023-03-13,アイムジャグラーEX-TP,174,3921,837,17,12,1/135.2,1/230.6,1/326.8,5.8782382537665585
2023-03-13,アイムジャグラーEX-TP,175,337,-405,0,0,1/0.0,1/0.0,1/0.0,6.030728440414255
2023-03-13,アイムジャグラーEX-TP,176,6348,677,22,24,1/138.0,1/288.5,1/264.5,5.697568845219655
2023-03-13,アイムジャグラーEX-TP,177,1819,-152,7,5,1/151.6,1/259.9,1/363.8,6.578619969724605
2023-03-13,アイムジャグラーEX-TP,178,1974,-272,7,4,1/179.5,1/282.0,1/493.5,6.1229387463255
2023-03-13,マイジャグラーV,73,4960,601,22,13,1/141.7,1/225.5,1/381.5,5.966308281193793
2023-03-13,マイジャグラーV,74,7809,1050,32,23,1/142.0,1/244.0,1/339.5,5.697837956427185
2023-03-13,マイジャグラーV,75,2119,-772,5,4,1/235.4,1/423.8,1/529.8,5.626392403093099
2023-03-13,マイジャグラーV,76,1907,203,8,6,1/136.2,1/238.4,1/317.8,5.998692893626208
2023-03-13,マイジャグラーV,77,4921,232,19,15,1/144.7,1/259.0,1/328.1,5.866855875649826
2023-03-13,ファンキージャグラー2,61,1226,-91,5,2,1/175.1,1/245.2,1/613.0,6.045230006578995
2023-03-13,ファンキージャグラー2,62,630,-156,2,1,1/210.0,1/315.0,1/630.0,5.837853615820584
2023-03-13,ファンキージャグラー2,63,1830,1025,11,7,1/101.7,1/166.4,1/261.4,6.21914587847772
2023-03-13,ファンキージャグラー2,78,742,326,5,0,1/148.4,1/148.4,1/0.0,5.900330144146577
2023-03-13,ファンキージャグラー2,79,643,-196,2,0,1/321.5,1/321.5,1/0.0,5.406461541339724
2023-03-13,ファンキージャグラー2,80,669,-194,2,1,1/223.0,1/334.5,1/669.0,5.792519359536979
2023-03-13,ファンキージャグラー2,81,880,626,5,3,1/110.0,1/176.0,1/293.3,5.14147829186069
2023-03-13,ファンキージャグラー2,82,548,-89,2,0,1/274.0,1/274.0,1/0.0,5.357922416696772
2023-03-13,ファンキージャグラー2,83,833,358,5,2,1/119.0,1/166.6,1/416.5,6.183785176193801
2023-03-13,ファンキージャグラー2,84,609,-355,1,0,1/609.0,1/609.0,1/0.0,5.151585291462675
2023-03-13,ハッピージャグラーVIII,150,1545,-874,3,4,1/220.7,1/515.0,1/386.2,6.658896158662746
2023-03-13,ハッピージャグラーVIII,151,503,-441,0,2,1/251.5,1/0.0,1/251.5,6.541059043623694
2023-03-13,ハッピージャグラーVIII,152,3564,-486,12,10,1/162.0,1/297.0,1/356.4,6.30742149370678
2023-03-13,ハッピージャグラーVIII,153,2622,-445,7,11,1/145.7,1/374.6,1/238.4,6.303364565078362
2023-03-12,アイムジャグラーEX-TP,109,8465,-1692,28,19,1/180.1,1/302.3,1/445.5,6.232583142125315
2023-03-12,アイムジャグラーEX-TP,110,2363,-1024,7,2,1/262.6,1/337.6,1/1181.5,6.29887643558338
2023-03-12,アイムジャグラーEX-TP,111,2973,338,14,6,1/148.7,1/212.4,1/495.5,6.315964974925641
2023-03-12,アイムジャグラーEX-TP,112,7921,1832,34,29,1/125.7,1/233.0,1/273.1,6.004127665324633
2023-03-12,アイムジャグラーEX-TP,113,1878,-816,5,4,1/208.7,1/375.6,1/469.5,6.546590758284496
2023-03-12,アイムジャグラーEX-TP,114,3450,-331,11,10,1/164.3,1/313.6,1/345.0,5.903170045090809
2023-03-12,アイムジャグラーEX-TP,115,2234,-375,8,4,1/186.2,1/279.2,1/558.5,6.2006749354175
2023-03-12,アイムジャグラーEX-TP,116,2938,458,14,6,1/146.9,1/209.9,1/489.7,6.189817299683986
2023-03-12,アイムジャグラーEX-TP,117,2523,-350,9,4,1/194.1,1/280.3,1/630.8,5.959781467120561
2023-03-12,アイムジャグラーEX-TP,118,4436,1350,22,12,1/130.5,1/201.6,1/369.7,6.01988674199197
2023-03-12,アイムジャグラーEX-TP,119,3731,-488,12,11,1/162.2,1/310.9,1/339.2,6.113371933599572
2023-03-12,アイムジャグラーEX-TP,120,5860,-1603,14,19,1/177.6,1/418.6,1/308.4,5.944934385830198
2023-03-12,アイムジャグラーEX-TP,121,4086,634,20,7,1/151.3,1/204.3,1/583.7,6.199168167517241
2023-03-12,アイムジャグラーEX-TP,122,4634,-30,18,15,1/140.4,1/257.4,1/308.9,6.464184435652776
2023-03-12,アイムジャグラーEX-TP,123,1555,-408,5,4,1/172.8,1/311.0,1/388.8,6.5949646278754095
2023-03-12,アイムジャグラーEX-TP,124,5903,1789,26,26,1/113.5,1/227.0,1/227.0,6.129267295986565
2023-03-12,アイムジャグラーEX-TP,125,2453,-435,8,6,1/175.2,1/306.6,1/408.8,6.160474406255084
2023-03-12,アイムジャグラーEX-TP,126,2559,-501,9,3,1/213.2,1/284.3,1/853.0,5.982517303011064
2023-03-12,アイムジャグラーEX-TP,127,2838,-104,12,5,1/166.9,1/236.5,1/567.6,6.341683044692529
2023-03-12,アイムジャグラーEX-TP,128,5311,-409,18,15,1/160.9,1/295.1,1/354.1,6.0116099117377715
2023-03-12,アイムジャグラーEX-TP,129,2547,3,10,7,1/149.8,1/254.7,1/363.9,6.243831091204721
2023-03-12,アイムジャグラーEX-TP,130,2081,-351,7,1,1/260.1,1/297.3,1/2081.0,5.446870580470459
2023-03-12,アイムジャグラーEX-TP,131,7979,867,31,27,1/137.6,1/257.4,1/295.5,5.976798456408464
2023-03-12,アイムジャグラーEX-TP,132,1925,-245,8,1,1/213.9,1/240.6,1/1925.0,6.11896378129711
2023-03-12,アイムジャグラーEX-TP,154,6444,2245,29,30,1/109.2,1/222.2,1/214.8,6.141716915438765
2023-03-12,アイムジャグラーEX-TP,155,879,-138,2,3,1/175.8,1/439.5,1/293.0,5.425326125981998
2023-03-12,アイムジャグラーEX-TP,156,3311,610,15,8,1/144.0,1/220.7,1/413.9,5.951667391705942
2023-03-12,アイムジャグラーEX-TP,157,5763,326,25,12,1/155.8,1/230.5,1/480.2,6.169857229418064
2023-03-12,アイムジャグラーEX-TP,158,1988,-301,7,5,1/165.7,1/284.0,1/397.6,6.386378740786011
2023-03-12,アイムジャグラーEX-TP,159,4024,-892,10,12,1/182.9,1/402.4,1/335.3,5.721537490872056
2023-03-12,アイムジャグラーEX-TP,160,1910,-793,4,5,1/212.2,1/477.5,1/382.0,5.98080225103619
2023-03-12,アイムジャグラーEX-TP,161,3434,1682,21,6,1/127.2,1/163.5,1/572.3,6.082584888149075
2023-03-12,アイムジャグラーEX-TP,162,7578,997,30,28,1/130.7,1/252.6,1/270.6,6.091573177470517
2023-03-12,アイムジャグラーEX-TP,163,620,-468,1,1,1/310.0,1/620.0,1/620.0,6.586474568240656
2023-03-12,アイムジャグラーEX-TP,164,2336,-106,10,4,1/166.9,1/233.6,1/584.0,6.429382453962072
2023-03-12,アイムジャグラーEX-TP,165,4660,-566,14,19,1/141.2,1/332.9,1/245.3,6.330746308723191
2023-03-12,アイムジャグラーEX-TP,166,6424,2313,31,30,1/105.3,1/207.2,1/214.1,6.498178593112167
2023-03-12,アイムジャグラーEX-TP,167,2582,7,10,7,1/151.9,1/258.2,1/368.9,6.155180687093142
2023-03-12,アイムジャグラーEX-TP,168,2161,-229,9,0,1/240.1,1/240.1,1/0.0,5.814122581774988
2023-03-12,アイムジャグラーEX-TP,169,4514,-1154,14,11,1/180.6,1/322.4,1/410.4,6.342575128497916
2023-03-12,アイムジャグラーEX-TP,170,3153,364,14,9,1/137.1,1/225.2,1/350.3,6.368019800522436
2023-03-12,アイムジャグラーEX-TP,171,4332,-32,19,9,1/154.7,1/228.0,1/481.3,6.551622276653049
2023-03-12,アイムジャグラーEX-TP,172,3852,179,16,9,1/154.1,1/240.8,1/428.0,6.113268485816874
2023-03-12,アイムジャグラーEX-TP,173,1807,179,8,5,1/139.0,1/225.9,1/361.4,6.392431700475625
2023-03-12,アイムジャグラーEX-TP,174,4057,-107,14,12,1/156.0,1/289.8,1/338.1,5.911953597124304
2023-03-12,アイムジャグラーEX-TP,175,5532,1799,25,21,1/120.3,1/221.3,1/263.4,5.897523933318406
2023-03-12,アイムジャグラーEX-TP,176,1298,-473,3,4,1/185.4,1/432.7,1/324.5,6.203071648297116
2023-03-12,アイムジャグラーEX-TP,177,6476,2751,33,25,1/111.7,1/196.2,1/259.0,6.129745742197774
2023-03-12,アイムジャグラーEX-TP,178,6003,2433,31,18,1/122.5,1/193.6,1/333.5,5.923583288911392
2023-03-12,マイジャグラーV,73,5991,-39,24,12,1/166.4,1/249.6,1/499.2,5.8190434615126385
2023-03-12,マイジャグラーV,74,4665,1173,24,12,1/129.6,1/194.4,1/388.8,6.125139505099068
2023-03-12,マイジャグラーV,75,4587,-246,17,11,1/163.8,1/269.8,1/417.0,5.874611141396938
2023-03-12,マイジャグラーV,76,1927,-101,9,1,1/192.7,1/214.1,1/1927.0,6.100921711311231
2023-03-12,マイジャグラーV,77,8639,958,32,35,1/128.9,1/270.0,1/246.8,5.842343951165938
2023-03-12,ファンキージャグラー2,61,3467,154,15,8,1/150.7,1/231.1,1/433.4,6.068810765373618
2023-03-12,ファンキージャグラー2,62,1281,-589,3,2,1/256.2,1/427.0,1/640.5,5.882843583352082
2023-03-12,ファンキージャグラー2,63,865,-198,3,1,1/216.2,1/288.3,1/865.0,5.882725487120698
2023-03-12,ファンキージャグラー2,78,1217,-597,3,1,1/304.2,1/405.7,1/1217.0,5.838933125684174
2023-03-12,ファンキージャグラー2,79,952,-365,3,1,1/238.0,1/317.3,1/952.0,6.195282864771682
2023-03-12,ファンキージャグラー2,80,6747,2326,34,18,1/129.8,1/198.4,1/374.8,5.65896560806008
2023-03-12,ファンキージャグラー2,81,709,-235,3,0,1/236.3,1/236.3,1/0.0,6.751590855498695
2023-03-12,ファンキージャグラー2,82,3079,3,12,8,1/153.9,1/256.6,1/384.9,5.927041991932707
2023-03-12,ファンキージャグラー2,83,1693,-554,4,4,1/211.6,1/423.2,1/423.2,5.669106271507412
2023-03-12,ファンキージャグラー2,84,4772,105,17,16,1/144.6,1/280.7,1/298.2,5.801200916667547
2023-03-12,ハッピージャグラーVIII,150,7315,250,29,23,1/140.7,1/252.2,1/318.0,6.332651750847812
2023-03-12,ハッピージャグラーVIII,151,1843,-150,7,3,1/184.3,1/263.3,1/614.3,6.002785856110894
2023-03-12,ハッピージャグラーVIII,152,3386,-632,11,9,1/169.3,1/307.8,1/376.2,6.346326793939633
2023-03-12,ハッピージャグラーVIII,153,4066,397,15,13,1/145.2,1/271.1,1/312.8,5.765025105542956
2023-03-11,アイムジャグラーEX-TP,109,8340,-1353,25,28,1/157.4,1/333.6,1/297.9,6.186405063327759
2023-03-11,アイムジャグラーEX-TP,110,2868,368,10,12,1/130.4,1/286.8,1/239.0,5.788499140262559
2023-03-11,アイムジャグラーEX-TP,111,8566,395,32,29,1/140.4,1/267.7,1/295.4,6.091194164820873
2023-03-11,アイムジャグラーEX-TP,112,2938,-457,9,10,1/154.6,1/326.4,1/293.8,6.255299199711327
2023-03-11,アイムジャグラーEX-TP,113,6112,886,26,19,1/135.8,1/235.1,1/321.7,6.1144137871307445
2023-03-11,アイムジャグラーEX-TP,114,923,-245,3,2,1/184.6,1/307.7,1/461.5,6.452349399683339
2023-03-11,アイムジャグラーEX-TP,115,5204,285,20,18,1/136.9,1/260.2,1/289.1,6.211064034279919
2023-03-11,アイムジャグラーEX-TP,116,2208,155,9,4,1/169.8,1/245.3,1/552.0,5.706752476098645
2023-03-11,アイムジャグラーEX-TP,117,4737,345,21,8,1/163.3,1/225.6,1/592.1,6.031127877060939
2023-03-11,アイムジャグラーEX-TP,118,3700,444,14,12,1/142.3,1/264.3,1/308.3,5.760678078518041
2023-03-11,アイムジャグラーEX-TP,119,2668,-190,12,2,1/190.6,1/222.3,1/1334.0,6.371233432106554
2023-03-11,アイムジャグラーEX-TP,120,5170,-946,18,12,1/172.3,1/287.2,1/430.8,6.402561619082754
2023-03-11,アイムジャグラーEX-TP,121,5712,-220,24,12,1/158.7,1/238.0,1/476.0,6.482838840576052
2023-03-11,アイムジャグラーEX-TP,122,5710,-927,15,20,1/163.1,1/380.7,1/285.5,5.829536690169772
2023-03-11,アイムジャグラーEX-TP,123,6305,1686,30,20,1/126.1,1/210.2,1/315.2,6.1628254653617445
2023-03-11,アイムジャグラーEX-TP,124,1385,-350,5,3,1/173.1,1/277.0,1/461.7,6.883170970015218
2023-03-11,アイムジャグラーEX-TP,125,3679,-1388,8,11,1/193.6,1/459.9,1/334.5,6.06103130680003
2023-03-11,アイムジャグラーEX-TP,126,4816,-143,16,16,1/150.5,1/301.0,1/301.0,5.937076554903831
2023-03-11,アイムジャグラーEX-TP,127,2339,-1129,4,8,1/194.9,1/584.8,1/292.4,6.200665737830444
2023-03-11,アイムジャグラーEX-TP,128,2011,383,8,9,1/118.3,1/251.4,1/223.4,6.1872127511101525
2023-03-11,アイムジャグラーEX-TP,129,6391,2714,34,17,1/125.3,1/188.0,1/375.9,5.8695336661471895
2023-03-11,アイムジャグラーEX-TP,130,3533,-398,12,9,1/168.2,1/294.4,1/392.6,6.062238027624691
2023-03-11,アイムジャグラーEX-TP,131,3971,584,16,13,1/136.9,1/248.2,1/305.5,5.9205599218587475
2023-03-11,アイムジャグラーEX-TP,132,4098,-251,15,10,1/163.9,1/273.2,1/409.8,6.083723164942815
2023-03-11,アイムジャグラーEX-TP,154,3425,-3,13,11,1/142.7,1/263.5,1/311.4,6.3097352306139145
2023-03-11,アイムジャグラーEX-TP,155,3030,-967,7,7,1/216.4,1/432.9,1/432.9,5.679063205724345
2023-03-11,アイムジャグラーEX-TP,156,4841,916,24,12,1/134.5,1/201.7,1/403.4,6.47344275791715
2023-03-11,アイムジャグラーEX-TP,157,4930,-1322,10,20,1/164.3,1/493.0,1/246.5,5.8645814609992835
2023-03-11,アイムジャグラーEX-TP,158,5082,-930,16,14,1/169.4,1/317.6,1/363.0,6.192442544258966
2023-03-11,アイムジャグラーEX-TP,159,7221,1318,31,16,1/153.6,1/232.9,1/451.3,5.629175590669177
2023-03-11,アイムジャグラーEX-TP,160,5094,800,20,20,1/127.3,1/254.7,1/254.7,6.037993415718715
2023-03-11,アイムジャグラーEX-TP,161,4213,-1016,11,15,1/162.0,1/383.0,1/280.9,6.191818328493584
2023-03-11,アイムジャグラーEX-TP,162,5583,-19,19,19,1/146.9,1/293.8,1/293.8,5.94480803168162
2023-03-11,アイムジャグラーEX-TP,163,2616,-31,10,7,1/153.9,1/261.6,1/373.7,6.148358913459943
2023-03-11,アイムジャグラーEX-TP,164,3474,-505,9,14,1/151.0,1/386.0,1/248.1,5.933854331664982
2023-03-11,アイムジャグラーEX-TP,165,4843,-1516,9,22,1/156.2,1/538.1,1/220.1,6.080443374430375
2023-03-11,アイムジャグラーEX-TP,166,4274,1716,22,12,1/125.7,1/194.3,1/356.2,5.843248421755554
2023-03-11,アイムジャグラーEX-TP,167,4274,-1765,11,9,1/213.7,1/388.5,1/474.9,6.308440900565509
2023-03-11,アイムジャグラーEX-TP,168,6265,2265,34,17,1/122.8,1/184.3,1/368.5,6.309819595056627
2023-03-11,アイムジャグラーEX-TP,169,4631,-72,18,12,1/154.4,1/257.3,1/385.9,6.204500053818779
2023-03-11,アイムジャグラーEX-TP,170,3260,733,16,5,1/155.2,1/203.8,1/652.0,5.822633128657062
2023-03-11,アイムジャグラーEX-TP,171,6311,2054,28,30,1/108.8,1/225.4,1/210.4,6.219474585173068
2023-03-11,アイムジャグラーEX-TP,172,3505,-1019,9,10,1/184.5,1/389.4,1/350.5,6.057448635471124
2023-03-11,アイムジャグラーEX-TP,173,6439,1149,27,21,1/134.1,1/238.5,1/306.6,5.9586904599209545
2023-03-11,アイムジャグラーEX-TP,174,7417,2665,35,28,1/117.7,1/211.9,1/264.9,5.95934470283957
2023-03-11,アイムジャグラーEX-TP,175,1842,-962,3,5,1/230.2,1/614.0,1/368.4,5.977692109783917
2023-03-11,アイムジャグラーEX-TP,176,5559,218,20,18,1/146.3,1/277.9,1/308.8,5.90328639213585
2023-03-11,アイムジャグラーEX-TP,177,3447,-336,12,11,1/149.9,1/287.2,1/313.4,6.3887030382369705
2023-03-11,アイムジャグラーEX-TP,178,5089,-1011,16,12,1/181.8,1/318.1,1/424.1,6.083117983704941
2023-03-11,マイジャグラーV,73,4211,-1848,11,6,1/247.7,1/382.8,1/701.8,6.0105496886949
2023-03-11,マイジャグラーV,74,5289,-1855,10,21,1/170.6,1/528.9,1/251.9,5.929186768972642
2023-03-11,マイジャグラーV,75,6209,-1558,14,24,1/163.4,1/443.5,1/258.7,5.831031947900279
2023-03-11,マイジャグラーV,76,5617,842,25,12,1/151.8,1/224.7,1/468.1,5.665341645007466
2023-03-11,マイジャグラーV,77,7951,2892,35,37,1/110.4,1/227.2,1/214.9,5.723106297495971
2023-03-11,ファンキージャグラー2,61,3107,-264,13,4,1/182.8,1/239.0,1/776.8,6.060338747481391
2023-03-11,ファンキージャグラー2,62,2818,-770,9,6,1/187.9,1/313.1,1/469.7,6.208541448265671
2023-03-11,ファンキージャグラー2,63,3584,-459,13,8,1/170.7,1/275.7,1/448.0,6.059669996526341
2023-03-11,ファンキージャグラー2,78,2173,-243,9,3,1/181.1,1/241.4,1/724.3,6.180175508594422
2023-03-11,ファンキージャグラー2,79,1846,-653,6,1,1/263.7,1/307.7,1/1846.0,5.944698683721017
2023-03-11,ファンキージャグラー2,80,5232,2483,32,12,1/118.9,1/163.5,1/436.0,6.053665186496161
2023-03-11,ファンキージャグラー2,81,1518,-279,4,5,1/168.7,1/379.5,1/303.6,5.7112849516389055
2023-03-11,ファンキージャグラー2,82,1387,-393,4,4,1/173.4,1/346.8,1/346.8,6.246668298141498
2023-03-11,ファンキージャグラー2,83,5108,612,19,21,1/127.7,1/268.8,1/243.2,5.852261670567505
2023-03-11,ファンキージャグラー2,84,7663,2299,36,23,1/129.9,1/212.9,1/333.2,5.63835325907423
2023-03-11,ハッピージャグラーVIII,150,4699,633,20,16,1/130.5,1/234.9,1/293.7,6.304495070437286
2023-03-11,ハッピージャグラーVIII,151,1331,-345,4,3,1/190.1,1/332.8,1/443.7,6.225519684434908
2023-03-11,ハッピージャグラーVIII,152,5008,-571,18,15,1/151.8,1/278.2,1/333.9,6.567607870795428
2023-03-11,ハッピージャグラーVIII,153,2140,151,9,5,1/152.9,1/237.8,1/428.0,6.064380196964834
2023-03-10,アイムジャグラーEX-TP,109,1170,-558,2,2,1/292.5,1/585.0,1/585.0,5.482872350296497
2023-03-10,アイムジャグラーEX-TP,110,7269,1928,31,28,1/123.2,1/234.5,1/259.6,5.903391905121861
2023-03-10,アイムジャグラーEX-TP,111,1589,-1208,2,3,1/317.8,1/794.5,1/529.7,6.289175995644043
2023-03-10,アイムジャグラーEX-TP,112,598,39,2,1,1/199.3,1/299.0,1/598.0,5.018960845139292
2023-03-10,アイムジャグラーEX-TP,113,4143,-595,14,11,1/165.7,1/295.9,1/376.6,6.236429124548505
2023-03-10,アイムジャグラーEX-TP,114,693,-321,2,1,1/231.0,1/346.5,1/693.0,6.652461309889792
2023-03-10,アイムジャグラーEX-TP,115,2277,-229,8,7,1/151.8,1/284.6,1/325.3,6.388811269492713
2023-03-10,アイムジャグラーEX-TP,116,6597,1779,30,23,1/124.5,1/219.9,1/286.8,6.045307476461857
2023-03-10,アイムジャグラーEX-TP,117,1271,-87,5,2,1/181.6,1/254.2,1/635.5,6.053300765844943
2023-03-10,アイムジャグラーEX-TP,118,3114,-920,6,11,1/183.2,1/519.0,1/283.1,5.6644721415020785
2023-03-10,アイムジャグラーEX-TP,119,3524,-798,10,10,1/176.2,1/352.4,1/352.4,6.06697123642739
2023-03-10,アイムジャグラーEX-TP,120,3039,-616,10,4,1/217.1,1/303.9,1/759.8,5.82453867602927
2023-03-10,アイムジャグラーEX-TP,121,1098,-846,2,0,1/549.0,1/549.0,1/0.0,6.153004027695914
2023-03-10,アイムジャグラーEX-TP,122,4368,-191,18,7,1/174.7,1/242.7,1/624.0,6.170088751669705
2023-03-10,アイムジャグラーEX-TP,123,1286,-940,1,3,1/321.5,1/1286.0,1/428.7,5.7979524481335725
2023-03-10,アイムジャグラーEX-TP,124,2592,655,11,9,1/129.6,1/235.6,1/288.0,5.780222042591316
2023-03-10,アイムジャグラーEX-TP,125,4659,-1270,11,17,1/166.4,1/423.5,1/274.1,6.083791317417784
2023-03-10,アイムジャグラーEX-TP,126,1045,-385,3,3,1/174.2,1/348.3,1/348.3,6.865997412603079
2023-03-10,アイムジャグラーEX-TP,127,2902,93,14,2,1/181.4,1/207.3,1/1451.0,6.237197303570625
2023-03-10,アイムジャグラーEX-TP,128,6711,1209,29,22,1/131.6,1/231.4,1/305.0,6.104512473631139
2023-03-10,アイムジャグラーEX-TP,129,1119,-623,1,6,1/159.9,1/1119.0,1/186.5,6.470825971732727
2023-03-10,アイムジャグラーEX-TP,130,5606,-347,20,16,1/155.7,1/280.3,1/350.4,6.162334037989525
2023-03-10,アイムジャグラーEX-TP,131,529,-364,1,0,1/529.0,1/529.0,1/0.0,5.859618819057519
2023-03-10,アイムジャグラーEX-TP,132,4005,-477,15,7,1/182.0,1/267.0,1/572.1,6.14567599904063
2023-03-10,アイムジャグラーEX-TP,154,3423,1152,16,6,1/155.6,1/213.9,1/570.5,5.251067770805296
2023-03-10,アイムジャグラーEX-TP,155,423,-474,0,1,1/423.0,1/0.0,1/423.0,6.764896806536905
2023-03-10,アイムジャグラーEX-TP,156,3690,-151,13,9,1/167.7,1/283.8,1/410.0,5.839761687080248
2023-03-10,アイムジャグラーEX-TP,157,2877,-61,11,9,1/143.8,1/261.5,1/319.7,6.40761405397113
2023-03-10,アイムジャグラーEX-TP,158,3594,-413,13,8,1/171.1,1/276.5,1/449.2,6.189172629715217
2023-03-10,アイムジャグラーEX-TP,159,980,-810,1,2,1/326.7,1/980.0,1/490.0,6.394760994176526
2023-03-10,アイムジャグラーEX-TP,160,5297,1338,23,16,1/135.8,1/230.3,1/331.1,5.705083910453855
2023-03-10,アイムジャグラーEX-TP,161,2901,44,13,4,1/170.6,1/223.2,1/725.2,6.219638926912682
2023-03-10,アイムジャグラーEX-TP,162,1577,-754,3,4,1/225.3,1/525.7,1/394.2,6.012169286369993
2023-03-10,アイムジャグラーEX-TP,163,2117,985,11,8,1/111.4,1/192.5,1/264.6,6.023394842807462
2023-03-10,アイムジャグラーEX-TP,164,1551,-286,5,2,1/221.6,1/310.2,1/775.5,5.6691851714146315
2023-03-10,アイムジャグラーEX-TP,165,1613,-665,5,2,1/230.4,1/322.6,1/806.5,6.562145080199543
2023-03-10,アイムジャグラーEX-TP,166,1548,-254,4,6,1/154.8,1/387.0,1/258.0,5.944302804320848
2023-03-10,アイムジャグラーEX-TP,167,5350,2608,29,17,1/116.3,1/184.5,1/314.7,5.9205877649670535
2023-03-10,アイムジャグラーEX-TP,168,2301,304,10,5,1/153.4,1/230.1,1/460.2,5.875679357870214
2023-03-10,アイムジャグラーEX-TP,169,1728,-446,4,7,1/157.1,1/432.0,1/246.9,6.140760516843079
2023-03-10,アイムジャグラーEX-TP,170,6341,1456,29,18,1/134.9,1/218.7,1/352.3,5.97691113854464
2023-03-10,アイムジャグラーEX-TP,171,1276,-1123,1,3,1/319.0,1/1276.0,1/425.3,6.517951132121117
2023-03-10,アイムジャグラーEX-TP,172,3289,-1618,6,10,1/205.6,1/548.2,1/328.9,6.209109830752013
2023-03-10,アイムジャグラーEX-TP,173,3186,-356,11,7,1/177.0,1/289.6,1/455.1,5.970865997087581
2023-03-10,アイムジャグラーEX-TP,174,2931,228,13,7,1/146.6,1/225.5,1/418.7,6.327880863296528
2023-03-10,アイムジャグラーEX-TP,175,1877,-652,3,5,1/234.6,1/625.7,1/375.4,5.24364541134373
2023-03-10,アイムジャグラーEX-TP,176,922,-891,1,1,1/461.0,1/922.0,1/922.0,6.744628327819368
2023-03-10,アイムジャグラーEX-TP,177,2492,258,10,7,1/146.6,1/249.2,1/356.0,5.899405710629463
2023-03-10,アイムジャグラーEX-TP,178,3532,-1059,9,12,1/168.2,1/392.4,1/294.3,6.32581496851519
2023-03-10,マイジャグラーV,73,4710,486,22,11,1/142.7,1/214.1,1/428.2,6.183591318572569
2023-03-10,マイジャグラーV,74,2667,-323,9,4,1/205.2,1/296.3,1/666.8,5.482474299340696
2023-03-10,マイジャグラーV,75,4581,5,16,13,1/158.0,1/286.3,1/352.4,5.61129909240376
2023-03-10,マイジャグラーV,76,6658,-251,25,19,1/151.3,1/266.3,1/350.4,6.048418640469516
2023-03-10,マイジャグラーV,77,2388,-568,9,3,1/199.0,1/265.3,1/796.0,6.292685697569968
2023-03-10,ファンキージャグラー2,61,6409,2315,33,22,1/116.5,1/194.2,1/291.3,6.010300481849748
2023-03-10,ファンキージャグラー2,62,5521,885,21,23,1/125.5,1/262.9,1/240.0,5.788005998254976
2023-03-10,ファンキージャグラー2,63,7177,2439,33,26,1/121.6,1/217.5,1/276.0,5.620352198231083
2023-03-10,ファンキージャグラー2,78,1264,-797,2,3,1/252.8,1/632.0,1/421.3,6.184608105506283
2023-03-10,ファンキージャグラー2,79,1127,-419,4,1,1/225.4,1/281.8,1/1127.0,6.5399922776444335
2023-03-10,ファンキージャグラー2,80,1871,-269,6,5,1/170.1,1/311.8,1/374.2,5.8687735490518
2023-03-10,ファンキージャグラー2,81,2202,-57,9,5,1/157.3,1/244.7,1/440.4,6.1130637797015055
2023-03-10,ファンキージャグラー2,82,1082,-27,5,1,1/180.3,1/216.4,1/1082.0,6.106295537085234
2023-03-10,ファンキージャグラー2,83,1572,-457,4,6,1/157.2,1/393.0,1/262.0,6.320816414661641
2023-03-10,ファンキージャグラー2,84,1755,-655,6,0,1/292.5,1/292.5,1/0.0,5.981165718122229
2023-03-10,ハッピージャグラーVIII,150,2267,-649,7,4,1/206.1,1/323.9,1/566.8,6.225584550499304
2023-03-10,ハッピージャグラーVIII,151,2067,-383,7,5,1/172.2,1/295.3,1/413.4,6.391020785852066
2023-03-10,ハッピージャグラーVIII,152,1458,688,8,4,1/121.5,1/182.2,1/364.5,5.8207153790945485
2023-03-10,ハッピージャグラーVIII,153,7107,-572,24,22,1/154.5,1/296.1,1/323.0,6.181819537948566
2023-03-08,アイムジャグラーEX-TP,109,3887,-1654,11,6,1/228.6,1/353.4,1/647.8,6.427011185330845
2023-03-08,アイムジャグラーEX-TP,110,4276,-1062,12,13,1/171.0,1/356.3,1/328.9,6.224337073530105
2023-03-08,アイムジャグラーEX-TP,111,2084,-231,7,6,1/160.3,1/297.7,1/347.3,6.157098607322793
2023-03-08,アイムジャグラーEX-TP,112,7835,1819,35,28,1/124.4,1/223.9,1/279.8,6.164657409294659
2023-03-08,アイムジャグラーEX-TP,113,2459,658,10,13,1/106.9,1/245.9,1/189.2,6.296271288739191
2023-03-08,アイムジャグラーEX-TP,114,8594,2315,40,26,1/130.2,1/214.8,1/330.5,5.969671263665487
2023-03-08,アイムジャグラーEX-TP,115,1533,125,5,5,1/153.3,1/306.6,1/306.6,5.40641918644712
2023-03-08,アイムジャグラーEX-TP,116,1602,127,7,5,1/133.5,1/228.9,1/320.4,6.598129590889605
2023-03-08,アイムジャグラーEX-TP,117,7957,575,28,36,1/124.3,1/284.2,1/221.0,6.223187190342276
2023-03-08,アイムジャグラーEX-TP,118,5177,17,18,17,1/147.9,1/287.6,1/304.5,5.946847133164219
2023-03-08,アイムジャグラーEX-TP,119,3368,1321,19,7,1/129.5,1/177.3,1/481.1,6.129373234097179
2023-03-08,アイムジャグラーEX-TP,120,5596,133,22,17,1/143.5,1/254.4,1/329.2,6.274660433059886
2023-03-08,アイムジャグラーEX-TP,121,6928,3150,37,24,1/113.6,1/187.2,1/288.7,6.101309908436582
2023-03-08,アイムジャグラーEX-TP,122,1967,785,10,9,1/103.5,1/196.7,1/218.6,6.588358206925561
2023-03-08,アイムジャグラーEX-TP,123,4213,1100,18,19,1/113.9,1/234.1,1/221.7,6.2189525657179665
2023-03-08,アイムジャグラーEX-TP,124,6402,1555,28,22,1/128.0,1/228.6,1/291.0,5.94787620219427
2023-03-08,アイムジャグラーEX-TP,125,1329,-368,4,3,1/189.9,1/332.2,1/443.0,6.249018154173576
2023-03-08,アイムジャグラーEX-TP,126,4206,-334,15,16,1/135.7,1/280.4,1/262.9,6.719703328453108
2023-03-08,アイムジャグラーEX-TP,127,1653,-589,3,7,1/165.3,1/551.0,1/236.1,6.094534526146437
2023-03-08,アイムジャグラーEX-TP,128,7466,4468,39,39,1/95.7,1/191.4,1/191.4,6.075514396129103
2023-03-08,アイムジャグラーEX-TP,129,4041,-51,11,18,1/139.3,1/367.4,1/224.5,5.683852958597371
2023-03-08,アイムジャグラーEX-TP,130,2190,504,9,7,1/136.9,1/243.3,1/312.9,5.627973960212537
2023-03-08,アイムジャグラーEX-TP,131,4120,-846,14,6,1/206.0,1/294.3,1/686.7,6.012756968741543
2023-03-08,アイムジャグラーEX-TP,132,5388,-1721,13,11,1/224.5,1/414.5,1/489.8,5.6808565635170165
2023-03-08,アイムジャグラーEX-TP,154,2522,-1254,6,4,1/252.2,1/420.3,1/630.5,6.238862134455742
2023-03-08,アイムジャグラーEX-TP,155,3335,67,13,10,1/145.0,1/256.5,1/333.5,6.233357659315322
2023-03-08,アイムジャグラーEX-TP,156,6972,2674,33,31,1/108.9,1/211.3,1/224.9,6.158026622035872
2023-03-08,アイムジャグラーEX-TP,157,3821,-164,14,11,1/152.8,1/272.9,1/347.4,6.1985690925264025
2023-03-08,アイムジャグラーEX-TP,158,6819,135,25,24,1/139.2,1/272.8,1/284.1,6.193204493427343
2023-03-08,アイムジャグラーEX-TP,159,834,-805,0,3,1/278.0,1/0.0,1/278.0,6.554871782699555
2023-03-08,アイムジャグラーEX-TP,160,2368,-402,7,6,1/182.2,1/338.3,1/394.7,5.8203058723125665
2023-03-08,アイムジャグラーEX-TP,161,6520,-346,21,24,1/144.9,1/310.5,1/271.7,6.081808438798373
2023-03-08,アイムジャグラーEX-TP,162,5428,-269,16,26,1/129.2,1/339.2,1/208.8,6.240675633847649
2023-03-08,アイムジャグラーEX-TP,163,1432,-355,4,3,1/204.6,1/358.0,1/477.3,5.801081326420486
2023-03-08,アイムジャグラーEX-TP,164,2092,1474,13,5,1/116.2,1/160.9,1/418.4,5.540354304068734
2023-03-08,アイムジャグラーEX-TP,165,7477,1243,27,33,1/124.6,1/276.9,1/226.6,5.852695184527331
2023-03-08,アイムジャグラーEX-TP,166,2234,297,10,4,1/159.6,1/223.4,1/558.5,5.856279559597291
2023-03-08,アイムジャグラーEX-TP,167,1850,-939,4,3,1/264.3,1/462.5,1/616.7,6.0466359050874265
2023-03-08,アイムジャグラーEX-TP,168,5168,-1037,16,13,1/178.2,1/323.0,1/397.5,6.105943291028055
2023-03-08,アイムジャグラーEX-TP,169,4798,-595,19,3,1/218.1,1/252.5,1/1599.3,5.926768317043121
2023-03-08,アイムジャグラーEX-TP,170,2396,-872,6,5,1/217.8,1/399.3,1/479.2,5.9860628168337975
2023-03-08,アイムジャグラーEX-TP,171,3409,-79,11,12,1/148.2,1/309.9,1/284.1,5.886094556578086
2023-03-08,アイムジャグラーEX-TP,172,2554,-1514,5,4,1/283.8,1/510.8,1/638.5,6.180130078429335
2023-03-08,アイムジャグラーEX-TP,173,2104,-759,4,7,1/191.3,1/526.0,1/300.6,5.826569661666552
2023-03-08,アイムジャグラーEX-TP,174,3915,-667,10,14,1/163.1,1/391.5,1/279.6,5.815753368086235
2023-03-08,アイムジャグラーEX-TP,175,7667,2587,36,33,1/111.1,1/213.0,1/232.3,6.269408273098728
2023-03-08,アイムジャグラーEX-TP,176,2886,-587,9,9,1/160.3,1/320.7,1/320.7,6.428992358587897
2023-03-08,アイムジャグラーEX-TP,177,3230,-1328,7,6,1/248.5,1/461.4,1/538.3,5.731747644460226
2023-03-08,アイムジャグラーEX-TP,178,4488,-422,18,9,1/166.2,1/249.3,1/498.7,6.474613678859191
2023-03-08,マイジャグラーV,73,5832,1717,29,14,1/135.6,1/201.1,1/416.6,5.687466573212254
2023-03-08,マイジャグラーV,74,7791,476,30,23,1/147.0,1/259.7,1/338.7,5.758788780144279
2023-03-08,マイジャグラーV,75,3025,-1401,5,10,1/201.7,1/605.0,1/302.5,5.895101420408853
2023-03-08,マイジャグラーV,76,7035,-6,26,18,1/159.9,1/270.6,1/390.8,5.70717069948298
2023-03-08,マイジャグラーV,77,5956,93,21,22,1/138.5,1/283.6,1/270.7,5.922621084798554
2023-03-08,ファンキージャグラー2,78,304,-8,1,1,1/152.0,1/304.0,1/304.0,5.705909182196812
2023-03-08,ファンキージャグラー2,79,9054,1914,37,36,1/124.0,1/244.7,1/251.5,5.781793891596058
2023-03-08,ファンキージャグラー2,80,869,19,4,1,1/173.8,1/217.2,1/869.0,5.971532317353958
2023-03-08,ファンキージャグラー2,81,6028,-308,18,27,1/134.0,1/334.9,1/223.3,5.985537400572856
2023-03-08,ファンキージャグラー2,82,956,-473,2,2,1/239.0,1/478.0,1/478.0,5.99637520373406
2023-03-08,ファンキージャグラー2,83,5144,697,21,17,1/135.4,1/245.0,1/302.6,5.82796006895664
2023-03-08,ファンキージャグラー2,84,3103,280,13,6,1/163.3,1/238.7,1/517.2,5.584945539019126
2023-03-08,ハッピージャグラーVIII,150,1337,-731,2,3,1/267.4,1/668.5,1/445.7,5.881249673179902
2023-03-08,ハッピージャグラーVIII,151,3468,-596,10,11,1/165.1,1/346.8,1/315.3,6.089578436290024
2023-03-08,ハッピージャグラーVIII,152,2057,-1206,4,4,1/257.1,1/514.2,1/514.2,6.442275104956116
2023-03-08,ハッピージャグラーVIII,153,3307,-896,10,9,1/174.1,1/330.7,1/367.4,6.535489007169646
2023-03-07,アイムジャグラーEX-TP,109,4722,-159,17,14,1/152.3,1/277.8,1/337.3,6.117593596752871
2023-03-07,アイムジャグラーEX-TP,110,2760,-283,9,9,1/153.3,1/306.7,1/306.7,6.173351743043628
2023-03-07,アイムジャグラーEX-TP,111,4641,1212,21,18,1/119.0,1/221.0,1/257.8,6.2345689883672275
2023-03-07,アイムジャグラーEX-TP,112,2159,-417,8,3,1/196.3,1/269.9,1/719.7,6.290121557837319
2023-03-07,アイムジャグラーEX-TP,113,2677,-623,8,7,1/178.5,1/334.6,1/382.4,6.174315479567063
2023-03-07,アイムジャグラーEX-TP,114,2927,-1701,4,8,1/243.9,1/731.8,1/365.9,5.954644447712119
2023-03-07,アイムジャグラーEX-TP,115,4814,1737,23,18,1/117.4,1/209.3,1/267.4,6.0033522749032535
2023-03-07,アイムジャグラーEX-TP,116,1844,-269,7,3,1/184.4,1/263.4,1/614.7,6.280862314710304
2023-03-07,アイムジャグラーEX-TP,117,1011,-327,3,1,1/252.8,1/337.0,1/1011.0,5.860311052094513
2023-03-07,アイムジャグラーEX-TP,118,5958,-1155,17,19,1/165.5,1/350.5,1/313.6,6.089121187124765
2023-03-07,アイムジャグラーEX-TP,119,1865,1341,12,6,1/103.6,1/155.4,1/310.8,6.040933886270432
2023-03-07,アイムジャグラーEX-TP,120,5055,-297,17,15,1/158.0,1/297.4,1/337.0,5.961385786924151
2023-03-07,アイムジャグラーEX-TP,121,4749,-1309,12,15,1/175.9,1/395.8,1/316.6,6.074597360299003
2023-03-07,アイムジャグラーEX-TP,122,1572,-699,4,4,1/196.5,1/393.0,1/393.0,6.655661961469305
2023-03-07,アイムジャグラーEX-TP,123,1970,1193,11,7,1/109.4,1/179.1,1/281.4,5.7449258744170875
2023-03-07,アイムジャグラーEX-TP,124,3480,-1030,10,7,1/204.7,1/348.0,1/497.1,6.066279859977012
2023-03-07,アイムジャグラーEX-TP,125,4870,-195,17,16,1/147.6,1/286.5,1/304.4,6.161955290902176
2023-03-07,アイムジャグラーEX-TP,126,1394,-778,3,3,1/232.3,1/464.7,1/464.7,6.533182898283029
2023-03-07,アイムジャグラーEX-TP,127,3389,-426,12,8,1/169.4,1/282.4,1/423.6,6.210547720096753
2023-03-07,アイムジャグラーEX-TP,128,2560,-1263,4,9,1/196.9,1/640.0,1/284.4,6.118456910826955
2023-03-07,アイムジャグラーEX-TP,129,2091,-662,6,4,1/209.1,1/348.5,1/522.8,6.113549936417326
2023-03-07,アイムジャグラーEX-TP,130,7656,1534,32,30,1/123.5,1/239.2,1/255.2,6.1288953769220225
2023-03-07,アイムジャグラーEX-TP,131,850,13,4,2,1/141.7,1/212.5,1/425.0,7.035171720265018
2023-03-07,アイムジャグラーEX-TP,132,5882,-1407,18,18,1/163.4,1/326.8,1/326.8,6.510617863612364
2023-03-07,アイムジャグラーEX-TP,154,1013,-709,2,0,1/506.5,1/506.5,1/0.0,6.004349923318583
2023-03-07,アイムジャグラーEX-TP,155,5343,-814,14,22,1/148.4,1/381.6,1/242.9,6.0357418944606644
2023-03-07,アイムジャグラーEX-TP,156,3197,327,14,8,1/145.3,1/228.4,1/399.6,6.191927918444271
2023-03-07,アイムジャグラーEX-TP,157,6210,2294,31,23,1/115.0,1/200.3,1/270.0,6.198094081079653
2023-03-07,アイムジャグラーEX-TP,158,2641,-455,9,6,1/176.1,1/293.4,1/440.2,6.23328845570196
2023-03-07,アイムジャグラーEX-TP,159,5022,2106,27,14,1/122.5,1/186.0,1/358.7,6.008998205592524
2023-03-07,アイムジャグラーEX-TP,160,3864,531,19,6,1/154.6,1/203.4,1/644.0,6.238322216801361
2023-03-07,アイムジャグラーEX-TP,161,6642,596,29,16,1/147.6,1/229.0,1/415.1,6.193836129653272
2023-03-07,アイムジャグラーEX-TP,162,4076,1104,20,9,1/140.6,1/203.8,1/452.9,5.899570180995948
2023-03-07,アイムジャグラーEX-TP,163,3543,428,15,7,1/161.0,1/236.2,1/506.1,5.725669918732979
2023-03-07,アイムジャグラーEX-TP,164,6246,2034,31,19,1/124.9,1/201.5,1/328.7,6.073374414081267
2023-03-07,アイムジャグラーEX-TP,165,2556,-103,9,7,1/159.8,1/284.0,1/365.1,5.959108207799605
2023-03-07,アイムジャグラーEX-TP,166,6716,-1156,20,22,1/159.9,1/335.8,1/305.3,6.173008924740707
2023-03-07,アイムジャグラーEX-TP,167,2700,630,12,9,1/128.6,1/225.0,1/300.0,6.026425877472718
2023-03-07,アイムジャグラーEX-TP,168,7009,1716,34,20,1/129.8,1/206.1,1/350.4,6.237502857335183
2023-03-07,アイムジャグラーEX-TP,169,4482,291,18,11,1/154.6,1/249.0,1/407.5,5.923987155812481
2023-03-07,アイムジャグラーEX-TP,170,3783,-773,10,11,1/180.1,1/378.3,1/343.9,5.785084168998656
2023-03-07,アイムジャグラーEX-TP,171,3497,-171,13,9,1/159.0,1/269.0,1/388.6,6.152580693550143
2023-03-07,アイムジャグラーEX-TP,172,4285,109,15,17,1/133.9,1/285.7,1/252.1,6.171182407190313
2023-03-07,アイムジャグラーEX-TP,173,3990,467,18,11,1/137.6,1/221.7,1/362.7,6.40353487964524
2023-03-07,アイムジャグラーEX-TP,174,4149,929,19,15,1/122.0,1/218.4,1/276.6,6.3628873835184425
2023-03-07,アイムジャグラーEX-TP,175,7019,2164,31,28,1/119.0,1/226.4,1/250.7,5.9391647605112405
2023-03-07,アイムジャグラーEX-TP,176,1830,-925,4,4,1/228.8,1/457.5,1/457.5,6.321719562992999
2023-03-07,アイムジャグラーEX-TP,177,3761,-1002,10,10,1/188.1,1/376.1,1/376.1,5.967459590413629
2023-03-07,アイムジャグラーEX-TP,178,7683,165,28,24,1/147.8,1/274.4,1/320.1,5.9853448096146185
2023-03-07,マイジャグラーV,73,6517,232,24,20,1/148.1,1/271.5,1/325.9,5.744087118349075
2023-03-07,マイジャグラーV,74,4841,215,17,20,1/130.8,1/284.8,1/242.1,5.964535228985674
2023-03-07,マイジャグラーV,75,4355,-659,14,16,1/145.2,1/311.1,1/272.2,6.3484449129773335
2023-03-07,マイジャグラーV,76,8302,2137,38,24,1/133.9,1/218.5,1/345.9,5.6437988964418695
2023-03-07,マイジャグラーV,77,5565,-329,17,21,1/146.4,1/327.4,1/265.0,5.792425504603759
2023-03-07,ファンキージャグラー2,78,871,108,4,2,1/145.2,1/217.8,1/435.5,5.99141339660431
2023-03-07,ファンキージャグラー2,79,1645,-908,3,4,1/235.0,1/548.3,1/411.2,6.112510604578855
2023-03-07,ファンキージャグラー2,80,2966,-817,8,7,1/197.7,1/370.8,1/423.7,5.783967732636384
2023-03-07,ファンキージャグラー2,81,2114,880,12,3,1/140.9,1/176.2,1/704.7,5.5107301854351585
2023-03-07,ファンキージャグラー2,82,2006,-935,5,3,1/250.8,1/401.2,1/668.7,6.043142039218515
2023-03-07,ファンキージャグラー2,83,2913,-499,10,7,1/171.4,1/291.3,1/416.1,6.119983987827683
2023-03-07,ファンキージャグラー2,84,2819,-744,9,3,1/234.9,1/313.2,1/939.7,5.716016045297044
2023-03-07,ハッピージャグラーVIII,150,3837,85,15,9,1/159.9,1/255.8,1/426.3,5.966051928402479
2023-03-07,ハッピージャグラーVIII,151,3925,-321,11,15,1/151.0,1/356.8,1/261.7,5.877973091425413
2023-03-07,ハッピージャグラーVIII,152,1999,-691,5,5,1/199.9,1/399.8,1/399.8,6.174232024875144
2023-03-07,ハッピージャグラーVIII,153,6552,1892,34,17,1/128.5,1/192.7,1/385.4,6.265190840658181
2023-03-06,アイムジャグラーEX-TP,109,4608,291,19,9,1/164.6,1/242.5,1/512.0,5.841693750422154
2023-03-06,アイムジャグラーEX-TP,110,6096,479,24,25,1/124.4,1/254.0,1/243.8,6.519447294177515
2023-03-06,アイムジャグラーEX-TP,111,2406,-711,8,3,1/218.7,1/300.8,1/802.0,6.256688200752004
2023-03-06,アイムジャグラーEX-TP,112,7218,-796,21,27,1/150.4,1/343.7,1/267.3,6.011609852817002
2023-03-06,アイムジャグラーEX-TP,113,5495,-335,19,15,1/161.6,1/289.2,1/366.3,5.976383984248014
2023-03-06,アイムジャグラーEX-TP,114,1956,-1538,2,4,1/326.0,1/978.0,1/489.0,6.199943617281664
2023-03-06,アイムジャグラーEX-TP,115,6413,125,25,18,1/149.1,1/256.5,1/356.3,6.149076885293981
2023-03-06,アイムジャグラーEX-TP,116,5088,809,23,13,1/141.3,1/221.2,1/391.4,6.115299942000803
2023-03-06,アイムジャグラーEX-TP,117,3602,165,12,13,1/144.1,1/300.2,1/277.1,5.74165885769713
2023-03-06,アイムジャグラーEX-TP,118,3430,-197,9,13,1/155.9,1/381.1,1/263.8,5.514871099133104
2023-03-06,アイムジャグラーEX-TP,119,7326,-619,24,25,1/149.5,1/305.2,1/293.0,6.174318091614189
2023-03-06,アイムジャグラーEX-TP,120,4937,-495,18,9,1/182.9,1/274.3,1/548.6,5.977390306261405
2023-03-06,アイムジャグラーEX-TP,121,6520,886,29,18,1/138.7,1/224.8,1/362.2,6.231857302319774
2023-03-06,アイムジャグラーEX-TP,122,5760,1023,28,12,1/144.0,1/205.7,1/480.0,6.2201989297370215
2023-03-06,アイムジャグラーEX-TP,123,8529,1789,37,29,1/129.2,1/230.5,1/294.1,6.041148401557749
2023-03-06,アイムジャグラーEX-TP,124,1098,-852,2,1,1/366.0,1/549.0,1/1098.0,6.622709487972272
2023-03-06,アイムジャグラーEX-TP,125,4312,-885,13,13,1/165.8,1/331.7,1/331.7,6.257646279229934
2023-03-06,アイムジャグラーEX-TP,126,5597,-1113,18,12,1/186.6,1/310.9,1/466.4,6.073375007587649
2023-03-06,アイムジャグラーEX-TP,127,6335,-349,22,22,1/144.0,1/288.0,1/288.0,6.299637614216358
2023-03-06,アイムジャグラーEX-TP,128,4181,-1253,10,13,1/181.8,1/418.1,1/321.6,6.008094704126771
2023-03-06,アイムジャグラーEX-TP,129,4047,-203,16,10,1/155.7,1/252.9,1/404.7,6.402707217124615
2023-03-06,アイムジャグラーEX-TP,130,6975,278,27,25,1/134.1,1/258.3,1/279.0,6.3785774903429715
2023-03-06,アイムジャグラーEX-TP,131,7214,2620,37,24,1/118.3,1/195.0,1/300.6,6.220942758090931
2023-03-06,アイムジャグラーEX-TP,132,3616,-903,13,4,1/212.7,1/278.2,1/904.0,6.299438769829709
2023-03-06,アイムジャグラーEX-TP,154,4982,272,21,13,1/146.5,1/237.2,1/383.2,6.272988734633915
2023-03-06,アイムジャグラーEX-TP,155,3145,1107,16,8,1/131.0,1/196.6,1/393.1,5.88322444847343
2023-03-06,アイムジャグラーEX-TP,156,4094,-599,14,10,1/170.6,1/292.4,1/409.4,6.200749554603219
2023-03-06,アイムジャグラーEX-TP,157,7318,-1541,20,25,1/162.6,1/365.9,1/292.7,6.127056617343805
2023-03-06,アイムジャグラーEX-TP,158,5452,-1872,12,19,1/175.9,1/454.3,1/286.9,6.153802185712697
2023-03-06,アイムジャグラーEX-TP,159,3588,-832,11,11,1/163.1,1/326.2,1/326.2,6.48222063101491
2023-03-06,アイムジャグラーEX-TP,160,3712,1184,19,7,1/142.8,1/195.4,1/530.3,5.7902472332617005
2023-03-06,アイムジャグラーEX-TP,161,6544,682,24,27,1/128.3,1/272.7,1/242.4,6.0693917153415216
2023-03-06,アイムジャグラーEX-TP,162,3814,-987,12,8,1/190.7,1/317.8,1/476.8,6.25372452418896
2023-03-06,アイムジャグラーEX-TP,163,4391,-300,16,9,1/175.6,1/274.4,1/487.9,5.929173530867668
2023-03-06,アイムジャグラーEX-TP,164,4159,-1786,10,8,1/231.1,1/415.9,1/519.9,6.099601163227234
2023-03-06,アイムジャグラーEX-TP,165,2340,-346,8,5,1/180.0,1/292.5,1/468.0,6.0700019079001715
2023-03-06,アイムジャグラーEX-TP,166,3926,-968,13,8,1/187.0,1/302.0,1/490.8,6.37087595114249
2023-03-06,アイムジャグラーEX-TP,167,3911,691,18,10,1/139.7,1/217.3,1/391.1,6.12978236655177
2023-03-06,アイムジャグラーEX-TP,168,6022,-487,22,13,1/172.1,1/273.7,1/463.2,6.0425499267694525
2023-03-06,アイムジャグラーEX-TP,169,4271,780,20,8,1/152.5,1/213.6,1/533.9,5.899726692501879
2023-03-06,アイムジャグラーEX-TP,170,5533,1146,26,14,1/138.3,1/212.8,1/395.2,6.089257844819605
2023-03-06,アイムジャグラーEX-TP,171,3008,268,11,9,1/150.4,1/273.5,1/334.2,5.659206072087299
2023-03-06,アイムジャグラーEX-TP,172,5537,-291,19,19,1/145.7,1/291.4,1/291.4,6.217150131588673
2023-03-06,アイムジャグラーEX-TP,173,4235,251,18,12,1/141.2,1/235.3,1/352.9,6.400985222717256
2023-03-06,アイムジャグラーEX-TP,174,6766,688,30,15,1/150.4,1/225.5,1/451.1,6.131147899589342
2023-03-06,アイムジャグラーEX-TP,175,4013,-180,14,11,1/160.5,1/286.6,1/364.8,5.944196511196575
2023-03-06,アイムジャグラーEX-TP,176,3854,567,15,13,1/137.6,1/256.9,1/296.5,5.812812125688985
2023-03-06,アイムジャグラーEX-TP,177,5873,-782,21,10,1/189.5,1/279.7,1/587.3,5.994330218925126
2023-03-06,アイムジャグラーEX-TP,178,5827,-492,21,17,1/153.3,1/277.5,1/342.8,6.346612526333215
2023-03-06,マイジャグラーV,73,7403,2062,40,13,1/139.7,1/185.1,1/569.5,5.929952630798643
2023-03-06,マイジャグラーV,74,2563,-507,10,3,1/197.2,1/256.3,1/854.3,6.212395092245448
2023-03-06,マイジャグラーV,75,5888,289,24,15,1/151.0,1/245.3,1/392.5,5.874773945174012
2023-03-06,マイジャグラーV,76,4244,-914,13,8,1/202.1,1/326.5,1/530.5,5.7030369404072205
2023-03-06,マイジャグラーV,77,5607,-1360,14,20,1/164.9,1/400.5,1/280.4,5.922223907142042
2023-03-06,ファンキージャグラー2,78,6830,1050,29,20,1/139.4,1/235.5,1/341.5,5.765068601045541
2023-03-06,ファンキージャグラー2,79,1349,-1086,1,3,1/337.2,1/1349.0,1/449.7,5.994835176195216
2023-03-06,ファンキージャグラー2,80,3220,-430,9,9,1/178.9,1/357.8,1/357.8,5.478619983266389
2023-03-06,ファンキージャグラー2,81,4004,1028,19,15,1/117.8,1/210.7,1/266.9,6.18567674416503
2023-03-06,ファンキージャグラー2,82,3238,979,19,3,1/147.2,1/170.4,1/1079.3,5.974954367854488
2023-03-06,ファンキージャグラー2,83,1390,-813,3,2,1/278.0,1/463.3,1/695.0,6.199672956101074
2023-03-06,ファンキージャグラー2,84,7294,-145,27,21,1/152.0,1/270.1,1/347.3,5.930480402858005
2023-03-06,ハッピージャグラーVIII,150,4976,334,22,9,1/160.5,1/226.2,1/552.9,6.085665774404027
2023-03-06,ハッピージャグラーVIII,151,2742,-355,9,8,1/161.3,1/304.7,1/342.8,6.226365512974347
2023-03-06,ハッピージャグラーVIII,152,4876,363,18,17,1/139.3,1/270.9,1/286.8,5.98700674649465
2023-03-06,ハッピージャグラーVIII,153,2486,45,8,9,1/146.2,1/310.8,1/276.2,5.79465939156426
2023-03-05,アイムジャグラーEX-TP,109,5309,444,22,14,1/147.5,1/241.3,1/379.2,6.062361407269919
2023-03-05,アイムジャグラーEX-TP,110,4262,-174,14,13,1/157.9,1/304.4,1/327.8,5.832414053008707
2023-03-05,アイムジャグラーEX-TP,111,4078,-251,16,5,1/194.2,1/254.9,1/815.6,5.864209722891357
2023-03-05,アイムジャグラーEX-TP,112,3521,-1546,6,13,1/185.3,1/586.8,1/270.8,6.10957933975905
2023-03-05,アイムジャグラーEX-TP,113,7439,1758,33,27,1/124.0,1/225.4,1/275.5,6.133251791892295
2023-03-05,アイムジャグラーEX-TP,114,2060,-535,6,4,1/206.0,1/343.3,1/515.0,5.917756400441361
2023-03-05,アイムジャグラーEX-TP,115,4151,908,19,14,1/125.8,1/218.5,1/296.5,6.270622072145568
2023-03-05,アイムジャグラーEX-TP,116,5016,-1785,11,16,1/185.8,1/456.0,1/313.5,6.071441916254553
2023-03-05,アイムジャグラーEX-TP,117,6304,-1026,22,10,1/197.0,1/286.5,1/630.4,5.980649260194445
2023-03-05,アイムジャグラーEX-TP,118,7148,3939,41,24,1/110.0,1/174.3,1/297.8,6.067794943199183
2023-03-05,アイムジャグラーEX-TP,119,1912,273,8,6,1/136.6,1/239.0,1/318.7,6.056267923718138
2023-03-05,アイムジャグラーEX-TP,120,6218,-767,20,17,1/168.1,1/310.9,1/365.8,5.986153462890138
2023-03-05,アイムジャグラーEX-TP,121,5718,-139,19,21,1/142.9,1/300.9,1/272.3,6.063679965291742
2023-03-05,アイムジャグラーEX-TP,122,4310,1094,20,11,1/139.0,1/215.5,1/391.8,5.825988273813069
2023-03-05,アイムジャグラーEX-TP,123,5491,-683,20,11,1/177.1,1/274.6,1/499.2,6.163382573009398
2023-03-05,アイムジャグラーEX-TP,124,3418,-563,12,7,1/179.9,1/284.8,1/488.3,6.218717988180323
2023-03-05,アイムジャグラーEX-TP,125,4464,-1081,13,10,1/194.1,1/343.4,1/446.4,5.965252325028585
2023-03-05,アイムジャグラーEX-TP,126,5232,970,24,13,1/141.4,1/218.0,1/402.5,6.039896355286189
2023-03-05,アイムジャグラーEX-TP,127,4569,869,21,11,1/142.8,1/217.6,1/415.4,5.995183698516868
2023-03-05,アイムジャグラーEX-TP,128,1329,-790,2,2,1/332.2,1/664.5,1/664.5,5.663943768673115
2023-03-05,アイムジャグラーEX-TP,129,6812,193,24,24,1/141.9,1/283.8,1/283.8,5.988626813498091
2023-03-05,アイムジャグラーEX-TP,130,2736,-1026,6,9,1/182.4,1/456.0,1/304.0,6.206309571129718
2023-03-05,アイムジャグラーEX-TP,131,7365,1091,32,25,1/129.2,1/230.2,1/294.6,6.3417391442492494
2023-03-05,アイムジャグラーEX-TP,132,6379,-211,26,16,1/151.9,1/245.3,1/398.7,6.4920812790257045
2023-03-05,アイムジャグラーEX-TP,154,4074,1623,22,10,1/127.3,1/185.2,1/407.4,5.9874610748894685
2023-03-05,アイムジャグラーEX-TP,155,3812,-671,12,9,1/181.5,1/317.7,1/423.6,5.985821548433109
2023-03-05,アイムジャグラーEX-TP,156,6025,-1184,17,22,1/154.5,1/354.4,1/273.9,6.274098983413729
2023-03-05,アイムジャグラーEX-TP,157,5545,-1123,15,16,1/178.9,1/369.7,1/346.6,5.833937111630887
2023-03-05,アイムジャグラーEX-TP,158,4135,-919,11,15,1/159.0,1/375.9,1/275.7,6.191158725887981
2023-03-05,アイムジャグラーEX-TP,159,2780,-704,9,6,1/185.3,1/308.9,1/463.3,6.368880276391077
2023-03-05,アイムジャグラーEX-TP,160,3049,-1130,7,6,1/234.5,1/435.6,1/508.2,5.741188466684847
2023-03-05,アイムジャグラーEX-TP,161,3531,-1510,7,11,1/196.2,1/504.4,1/321.0,6.126222672423153
2023-03-05,アイムジャグラーEX-TP,162,3964,34,13,14,1/146.8,1/304.9,1/283.1,5.81177294834042
2023-03-05,アイムジャグラーEX-TP,163,4896,-847,12,19,1/157.9,1/408.0,1/257.7,5.839951756463896
2023-03-05,アイムジャグラーEX-TP,164,3024,-1726,8,3,1/274.9,1/378.0,1/1008.0,6.675699907067811
2023-03-05,アイムジャグラーEX-TP,165,4213,150,17,9,1/162.0,1/247.8,1/468.1,5.940797729698694
2023-03-05,アイムジャグラーEX-TP,166,3357,614,15,6,1/159.9,1/223.8,1/559.5,5.640452363271411
2023-03-05,アイムジャグラーEX-TP,167,3946,517,19,7,1/151.8,1/207.7,1/563.7,6.2470678280534635
2023-03-05,アイムジャグラーEX-TP,168,6702,2735,33,22,1/121.9,1/203.1,1/304.6,5.769472488315205
2023-03-05,アイムジャグラーEX-TP,169,6674,1858,31,20,1/130.9,1/215.3,1/333.7,5.907333237261719
2023-03-05,アイムジャグラーEX-TP,170,6463,-191,22,23,1/143.6,1/293.8,1/281.0,6.132400626478381
2023-03-05,アイムジャグラーEX-TP,171,4504,-202,16,13,1/155.3,1/281.5,1/346.5,6.078987070153764
2023-03-05,アイムジャグラーEX-TP,172,6088,-338,20,21,1/148.5,1/304.4,1/289.9,6.065888199722199
2023-03-05,アイムジャグラーEX-TP,173,5536,-1086,15,17,1/173.0,1/369.1,1/325.6,5.887185698086231
2023-03-05,アイムジャグラーEX-TP,174,4031,-545,13,12,1/161.2,1/310.1,1/335.9,6.157244288124879
2023-03-05,アイムジャグラーEX-TP,175,6674,1678,35,15,1/133.5,1/190.7,1/444.9,6.409982684594871
2023-03-05,アイムジャグラーEX-TP,176,4241,-1174,12,11,1/184.4,1/353.4,1/385.5,6.1846328891018905
2023-03-05,アイムジャグラーEX-TP,177,5581,849,25,12,1/150.8,1/223.2,1/465.1,5.925175742612914
2023-03-05,アイムジャグラーEX-TP,178,6009,-2997,13,12,1/240.4,1/462.2,1/500.8,6.173821842611805
2023-03-05,マイジャグラーV,73,5986,-61,21,21,1/142.5,1/285.0,1/285.0,5.939779177694778
2023-03-05,マイジャグラーV,74,7116,-132,27,19,1/154.7,1/263.6,1/374.5,5.926449390089779
2023-03-05,マイジャグラーV,75,5556,226,24,12,1/154.3,1/231.5,1/463.0,6.005979484423738
2023-03-05,マイジャグラーV,76,6229,2070,33,17,1/124.6,1/188.8,1/366.4,5.990739765199137
2023-03-05,マイジャグラーV,77,5994,-153,24,10,1/176.3,1/249.8,1/599.4,5.763117400001602
2023-03-05,ファンキージャグラー2,78,2081,-347,7,5,1/173.4,1/297.3,1/416.2,6.022665234125142
2023-03-05,ファンキージャグラー2,79,4948,1440,22,19,1/120.7,1/224.9,1/260.4,5.754527532704453
2023-03-05,ファンキージャグラー2,80,1791,-295,5,5,1/179.1,1/358.2,1/358.2,5.593812169329005
2023-03-05,ファンキージャグラー2,81,2390,178,11,6,1/140.6,1/217.3,1/398.3,6.334601468421582
2023-03-05,ファンキージャグラー2,82,4339,-157,13,18,1/140.0,1/333.8,1/241.1,5.794721458146367
2023-03-05,ファンキージャグラー2,83,1832,-176,8,2,1/183.2,1/229.0,1/916.0,6.231084814179663
2023-03-05,ファンキージャグラー2,84,4148,-975,12,9,1/197.5,1/345.7,1/460.9,5.735423582739914
2023-03-05,ハッピージャグラーVIII,150,3017,-370,9,10,1/158.8,1/335.2,1/301.7,6.035863421934936
2023-03-05,ハッピージャグラーVIII,151,4147,437,16,15,1/133.8,1/259.2,1/276.5,6.0849901967205655
2023-03-05,ハッピージャグラーVIII,152,4532,393,19,12,1/146.2,1/238.5,1/377.7,6.112945571786679
2023-03-05,ハッピージャグラーVIII,153,4329,-45,16,11,1/160.3,1/270.6,1/393.5,5.966591737976069
2023-03-04,アイムジャグラーEX-TP,109,6614,1345,30,15,1/147.0,1/220.5,1/440.9,5.81382925033133
2023-03-04,アイムジャグラーEX-TP,110,7878,2098,38,22,1/131.3,1/207.3,1/358.1,6.075712165550091
2023-03-04,アイムジャグラーEX-TP,111,3407,-275,9,15,1/142.0,1/378.6,1/227.1,5.862783538804365
2023-03-04,アイムジャグラーEX-TP,112,4568,596,18,15,1/138.4,1/253.8,1/304.5,5.899792870516195
2023-03-04,アイムジャグラーEX-TP,113,6147,177,24,16,1/153.7,1/256.1,1/384.2,6.023087738721804
2023-03-04,アイムジャグラーEX-TP,114,4060,-441,14,13,1/150.4,1/290.0,1/312.3,6.408549952713267
2023-03-04,アイムジャグラーEX-TP,115,2116,-1686,2,4,1/352.7,1/1058.0,1/529.0,6.088277608425578
2023-03-04,アイムジャグラーEX-TP,116,4525,-1337,11,14,1/181.0,1/411.4,1/323.2,6.026906641884204
2023-03-04,アイムジャグラーEX-TP,117,4481,250,17,14,1/144.5,1/263.6,1/320.1,6.000014809230928
2023-03-04,アイムジャグラーEX-TP,118,4623,-716,16,12,1/165.1,1/288.9,1/385.2,6.366208435530511
2023-03-04,アイムジャグラーEX-TP,119,4013,307,17,12,1/138.4,1/236.1,1/334.4,6.371234142981767
2023-03-04,アイムジャグラーEX-TP,120,6385,-1205,21,13,1/187.8,1/304.0,1/491.2,6.063754994288105
2023-03-04,アイムジャグラーEX-TP,121,5162,-1611,14,15,1/178.0,1/368.7,1/344.1,6.359161577684581
2023-03-04,アイムジャグラーEX-TP,122,5390,515,20,16,1/149.7,1/269.5,1/336.9,5.678432575619024
2023-03-04,アイムジャグラーEX-TP,123,2615,-429,9,7,1/163.4,1/290.6,1/373.6,6.427910552982206
2023-03-04,アイムジャグラーEX-TP,124,7446,389,27,23,1/148.9,1/275.8,1/323.7,5.816976907257905
2023-03-04,アイムジャグラーEX-TP,125,4357,779,19,14,1/132.0,1/229.3,1/311.2,6.1283763615822515
2023-03-04,アイムジャグラーEX-TP,126,3523,-764,13,6,1/185.4,1/271.0,1/587.2,6.54601328002702
2023-03-04,アイムジャグラーEX-TP,127,7663,2786,36,28,1/119.7,1/212.9,1/273.7,5.867244598299019
2023-03-04,アイムジャグラーEX-TP,128,4898,1465,23,13,1/136.1,1/213.0,1/376.8,5.73560531690847
2023-03-04,アイムジャグラーEX-TP,129,1718,123,9,2,1/156.2,1/190.9,1/859.0,6.821169463696866
2023-03-04,アイムジャグラーEX-TP,130,6086,205,23,17,1/152.2,1/264.6,1/358.0,5.941650918265259
2023-03-04,アイムジャグラーEX-TP,131,3347,194,13,10,1/145.5,1/257.5,1/334.7,6.033977803146405
2023-03-04,アイムジャグラーEX-TP,132,6334,433,23,24,1/134.8,1/275.4,1/263.9,6.044881710187318
2023-03-04,アイムジャグラーEX-TP,154,3495,-636,11,11,1/158.9,1/317.7,1/317.7,6.370502985387215
2023-03-04,アイムジャグラーEX-TP,155,1615,-690,4,5,1/179.4,1/403.8,1/323.0,6.757368827023282
2023-03-04,アイムジャグラーEX-TP,156,7266,2101,33,24,1/127.5,1/220.2,1/302.8,5.874765190300551
2023-03-04,アイムジャグラーEX-TP,157,5572,-622,18,16,1/163.9,1/309.6,1/348.2,6.008114750419873
2023-03-04,アイムジャグラーEX-TP,158,3167,-579,9,8,1/186.3,1/351.9,1/395.9,5.751724931773409
2023-03-04,アイムジャグラーEX-TP,159,8136,1972,38,23,1/133.4,1/214.1,1/353.7,6.0243453302242
2023-03-04,アイムジャグラーEX-TP,160,5443,2230,28,17,1/121.0,1/194.4,1/320.2,5.934530646061267
2023-03-04,アイムジャグラーEX-TP,161,1704,-188,6,2,1/213.0,1/284.0,1/852.0,5.6278084547649705
2023-03-04,アイムジャグラーEX-TP,162,6465,1589,28,23,1/126.8,1/230.9,1/281.1,5.9387940445056815
2023-03-04,アイムジャグラーEX-TP,163,3652,-181,13,10,1/158.8,1/280.9,1/365.2,6.044262838509958
2023-03-04,アイムジャグラーEX-TP,164,2583,-185,10,5,1/172.2,1/258.3,1/516.6,6.1556783201227745
2023-03-04,アイムジャグラーEX-TP,165,4692,1981,24,13,1/126.8,1/195.5,1/360.9,5.708352600949667
2023-03-04,アイムジャグラーEX-TP,166,4405,-1685,9,16,1/176.2,1/489.4,1/275.3,6.2184581767043
2023-03-04,アイムジャグラーEX-TP,167,4341,611,17,16,1/131.5,1/255.4,1/271.3,5.996697961988836
2023-03-04,アイムジャグラーEX-TP,168,5686,-526,21,11,1/177.7,1/270.8,1/516.9,6.044091637868473
2023-03-04,アイムジャグラーEX-TP,169,7648,1946,34,28,1/123.4,1/224.9,1/273.1,6.074004276677185
2023-03-04,アイムジャグラーEX-TP,170,6163,825,23,26,1/125.8,1/268.0,1/237.0,6.048245014317206
2023-03-04,アイムジャグラーEX-TP,171,5264,1214,26,17,1/122.4,1/202.5,1/309.6,6.609612634385046
2023-03-04,アイムジャグラーEX-TP,172,4325,-119,16,10,1/166.3,1/270.3,1/432.5,5.9211251369901925
2023-03-04,アイムジャグラーEX-TP,173,5698,856,22,22,1/129.5,1/259.0,1/259.0,5.966986250547323
2023-03-04,アイムジャグラーEX-TP,174,4154,505,17,10,1/153.9,1/244.4,1/415.4,5.745612839389333
2023-03-04,アイムジャグラーEX-TP,175,4121,-2115,8,15,1/179.2,1/515.1,1/274.7,6.7759312017885955
2023-03-04,アイムジャグラーEX-TP,176,4016,1015,17,14,1/129.5,1/236.2,1/286.9,5.774280638004524
2023-03-04,アイムジャグラーEX-TP,177,5544,-615,18,18,1/154.0,1/308.0,1/308.0,6.190085466054482
2023-03-04,アイムジャグラーEX-TP,178,5882,-586,19,19,1/154.8,1/309.6,1/309.6,6.109519863823145
2023-03-04,マイジャグラーV,73,7885,1700,35,28,1/125.2,1/225.3,1/281.6,5.943945773914154
2023-03-04,マイジャグラーV,74,6043,1641,29,17,1/131.4,1/208.4,1/355.5,5.772078277915871
2023-03-04,マイジャグラーV,75,3702,-2082,7,9,1/231.4,1/528.9,1/411.3,6.229672396598008
2023-03-04,マイジャグラーV,76,6783,697,26,21,1/144.3,1/260.9,1/323.0,5.62855811309763
2023-03-04,マイジャグラーV,77,4695,-927,13,14,1/173.9,1/361.2,1/335.4,5.769506953004716
2023-03-04,ファンキージャグラー2,78,1564,-1058,3,3,1/260.7,1/521.3,1/521.3,6.608264090570399
2023-03-04,ファンキージャグラー2,79,1805,-843,5,1,1/300.8,1/361.0,1/1805.0,5.942867396478769
2023-03-04,ファンキージャグラー2,80,2288,-1190,5,5,1/228.8,1/457.6,1/457.6,6.261704776492991
2023-03-04,ファンキージャグラー2,81,3924,261,19,5,1/163.5,1/206.5,1/784.8,6.081812938220079
2023-03-04,ファンキージャグラー2,82,888,-528,3,0,1/296.0,1/296.0,1/0.0,7.105878794353226
2023-03-04,ファンキージャグラー2,83,3803,619,17,12,1/131.1,1/223.7,1/316.9,6.05405014741027
2023-03-04,ファンキージャグラー2,84,3413,-1830,7,6,1/262.5,1/487.6,1/568.8,5.995340875333381
2023-03-04,ハッピージャグラーVIII,150,1014,-165,3,3,1/169.0,1/338.0,1/338.0,6.036503881980991
2023-03-04,ハッピージャグラーVIII,151,6456,-170,20,26,1/140.3,1/322.8,1/248.3,6.033210130372849
2023-03-04,ハッピージャグラーVIII,152,1112,-300,2,4,1/185.3,1/556.0,1/278.0,5.574306457523233
2023-03-04,ハッピージャグラーVIII,153,3799,576,19,5,1/158.3,1/199.9,1/759.8,6.120189017825051
2023-03-03,アイムジャグラーEX-TP,109,7822,586,31,24,1/142.2,1/252.3,1/325.9,6.0825626777484505
2023-03-03,アイムジャグラーEX-TP,110,5082,50,21,13,1/149.5,1/242.0,1/390.9,6.367999870885733
2023-03-03,アイムジャグラーEX-TP,111,3290,548,15,10,1/131.6,1/219.3,1/329.0,6.34993732573258
2023-03-03,アイムジャグラーEX-TP,112,1996,220,9,4,1/153.5,1/221.8,1/499.0,6.084724174971913
2023-03-03,アイムジャグラーEX-TP,113,3286,-1052,5,18,1/142.9,1/657.2,1/182.6,6.134446036467397
2023-03-03,アイムジャグラーEX-TP,114,4461,857,22,8,1/148.7,1/202.8,1/557.6,6.104336618709834
2023-03-03,アイムジャグラーEX-TP,115,7745,1369,35,20,1/140.8,1/221.3,1/387.2,6.043646677880772
2023-03-03,アイムジャグラーEX-TP,116,2355,-469,8,4,1/196.2,1/294.4,1/588.8,6.088823918451644
2023-03-03,アイムジャグラーEX-TP,117,3864,2193,20,17,1/104.4,1/193.2,1/227.3,5.812516468984696
2023-03-03,アイムジャグラーEX-TP,118,5989,-66,19,30,1/122.2,1/315.2,1/199.6,6.435582372547664
2023-03-03,アイムジャグラーEX-TP,119,842,-317,2,1,1/280.7,1/421.0,1/842.0,5.548163495285016
2023-03-03,アイムジャグラーEX-TP,120,6033,-451,21,16,1/163.1,1/287.3,1/377.1,6.031413316098934
2023-03-03,アイムジャグラーEX-TP,121,4836,-292,19,12,1/156.0,1/254.5,1/403.0,6.428494319682191
2023-03-03,アイムジャグラーEX-TP,122,4796,-318,18,13,1/154.7,1/266.4,1/368.9,6.344888142836821
2023-03-03,アイムジャグラーEX-TP,123,2458,-809,5,9,1/175.6,1/491.6,1/273.1,5.973067927585032
2023-03-03,アイムジャグラーEX-TP,124,3099,-754,8,11,1/163.1,1/387.4,1/281.7,6.161778478158424
2023-03-03,アイムジャグラーEX-TP,125,4368,1549,25,8,1/132.4,1/174.7,1/546.0,6.296838230376832
2023-03-03,アイムジャグラーEX-TP,126,3630,-105,14,10,1/151.2,1/259.3,1/363.0,6.309200900599322
2023-03-03,アイムジャグラーEX-TP,127,1967,-985,4,3,1/281.0,1/491.8,1/655.7,5.833645948939197
2023-03-03,アイムジャグラーEX-TP,128,5588,1260,25,19,1/127.0,1/223.5,1/294.1,6.126141596839104
2023-03-03,アイムジャグラーEX-TP,129,1472,-321,4,5,1/163.6,1/368.0,1/294.4,6.135132205222007
2023-03-03,アイムジャグラーEX-TP,130,4821,-209,17,14,1/155.5,1/283.6,1/344.4,6.049615961067828
2023-03-03,アイムジャグラーEX-TP,131,1349,-633,3,2,1/269.8,1/449.7,1/674.5,5.88615906566017
2023-03-03,アイムジャグラーEX-TP,132,6094,-637,17,24,1/148.6,1/358.5,1/253.9,5.935715191489006
2023-03-03,アイムジャグラーEX-TP,154,1359,193,6,3,1/151.0,1/226.5,1/453.0,5.922417378246495
2023-03-03,アイムジャグラーEX-TP,155,6175,-54,22,18,1/154.4,1/280.7,1/343.1,5.940087364977245
2023-03-03,アイムジャグラーEX-TP,156,3637,853,17,8,1/145.5,1/213.9,1/454.6,5.801505593587736
2023-03-03,アイムジャグラーEX-TP,157,2489,-1134,5,5,1/248.9,1/497.8,1/497.8,5.811197123884683
2023-03-03,アイムジャグラーEX-TP,158,3368,-855,10,7,1/198.1,1/336.8,1/481.1,6.012766739088252
2023-03-03,アイムジャグラーEX-TP,159,2146,472,11,1,1/178.8,1/195.1,1/2146.0,5.649645525549192
2023-03-03,アイムジャグラーEX-TP,160,6270,1432,30,17,1/133.4,1/209.0,1/368.8,6.171399245681779
2023-03-03,アイムジャグラーEX-TP,161,6800,1289,27,23,1/136.0,1/251.9,1/295.7,5.722053762902495
2023-03-03,アイムジャグラーEX-TP,162,4890,430,20,14,1/143.8,1/244.5,1/349.3,6.079268438986835
2023-03-03,アイムジャグラーEX-TP,163,4352,132,15,16,1/140.4,1/290.1,1/272.0,5.9590942412269
2023-03-03,アイムジャグラーEX-TP,164,6325,175,25,10,1/180.7,1/253.0,1/632.5,5.664470359707302
2023-03-03,アイムジャグラーEX-TP,165,2732,432,13,5,1/151.8,1/210.2,1/546.4,6.076393792843636
2023-03-03,アイムジャグラーEX-TP,166,6778,25,25,18,1/157.6,1/271.1,1/376.6,5.915644704424044
2023-03-03,アイムジャグラーEX-TP,167,5807,1317,27,17,1/132.0,1/215.1,1/341.6,6.11588729107457
2023-03-03,アイムジャグラーEX-TP,168,1916,-1138,4,2,1/319.3,1/479.0,1/958.0,6.1049216820754335
2023-03-03,アイムジャグラーEX-TP,169,4858,-508,16,17,1/147.2,1/303.6,1/285.8,6.334461083857586
2023-03-03,アイムジャグラーEX-TP,170,2560,811,12,7,1/134.7,1/213.3,1/365.7,5.686126063413854
2023-03-03,アイムジャグラーEX-TP,171,7529,1725,33,28,1/123.4,1/228.2,1/268.9,6.144572963237491
2023-03-03,アイムジャグラーEX-TP,172,4962,-402,17,15,1/155.1,1/291.9,1/330.8,6.1606041951107295
2023-03-03,アイムジャグラーEX-TP,173,3816,-116,13,13,1/146.8,1/293.5,1/293.5,6.072119402308685
2023-03-03,アイムジャグラーEX-TP,174,4554,-818,13,14,1/168.7,1/350.3,1/325.3,5.97616298342864
2023-03-03,アイムジャグラーEX-TP,175,3237,-1719,7,6,1/249.0,1/462.4,1/539.5,6.262754412789578
2023-03-03,アイムジャグラーEX-TP,176,2240,-1127,5,5,1/224.0,1/448.0,1/448.0,6.391014233987014
2023-03-03,アイムジャグラーEX-TP,177,1861,47,8,5,1/143.2,1/232.6,1/372.2,6.570302465868761
2023-03-03,アイムジャグラーEX-TP,178,6615,1134,27,23,1/132.3,1/245.0,1/287.6,5.956550409029968
2023-03-03,マイジャグラーV,73,5262,1466,28,11,1/134.9,1/187.9,1/478.4,5.983881337563395
2023-03-03,マイジャグラーV,74,3580,-533,12,8,1/179.0,1/298.3,1/447.5,5.852904015194335
2023-03-03,マイジャグラーV,75,5355,-647,18,14,1/167.3,1/297.5,1/382.5,5.897586713436475
2023-03-03,マイジャグラーV,76,4887,-263,18,11,1/168.5,1/271.5,1/444.3,5.792471884794775
2023-03-03,マイジャグラーV,77,5409,-1533,14,15,1/186.5,1/386.4,1/360.6,5.866286753833001
2023-03-03,ファンキージャグラー2,78,960,-679,2,1,1/320.0,1/480.0,1/960.0,6.537271812611826
2023-03-03,ファンキージャグラー2,79,2997,-444,9,11,1/149.8,1/333.0,1/272.5,6.095313404129575
2023-03-03,ファンキージャグラー2,80,5343,163,21,15,1/148.4,1/254.4,1/356.2,5.919529546414109
2023-03-03,ファンキージャグラー2,81,600,-480,1,0,1/600.0,1/600.0,1/0.0,6.015263731719237
2023-03-03,ファンキージャグラー2,82,1075,-405,3,1,1/268.8,1/358.3,1/1075.0,5.731986316548944
2023-03-03,ファンキージャグラー2,83,2163,720,13,6,1/113.8,1/166.4,1/360.5,6.899994461342866
2023-03-03,ファンキージャグラー2,84,2511,66,11,4,1/167.4,1/228.3,1/627.8,5.9033464551136285
2023-03-03,ハッピージャグラーVIII,150,8186,3092,42,33,1/109.1,1/194.9,1/248.1,6.439182068915256
2023-03-03,ハッピージャグラーVIII,151,408,-533,0,0,1/0.0,1/0.0,1/0.0,6.814731177228108
2023-03-03,ハッピージャグラーVIII,152,3309,-43,11,14,1/132.4,1/300.8,1/236.4,6.321199608568931
2023-03-03,ハッピージャグラーVIII,153,3530,-384,14,7,1/168.1,1/252.1,1/504.3,6.498289481768317
2023-03-02,アイムジャグラーEX-TP,109,5653,1528,27,16,1/131.5,1/209.4,1/353.3,6.019558806271122
2023-03-02,アイムジャグラーEX-TP,110,2293,-129,9,6,1/152.9,1/254.8,1/382.2,6.468977388399066
2023-03-02,アイムジャグラーEX-TP,111,4873,-414,17,13,1/162.4,1/286.6,1/374.8,6.094103411569883
2023-03-02,アイムジャグラーEX-TP,112,5315,-1367,17,12,1/183.3,1/312.6,1/442.9,6.387481449714326
2023-03-02,アイムジャグラーEX-TP,113,3927,475,17,10,1/145.4,1/231.0,1/392.7,6.064908607140069
2023-03-02,アイムジャグラーEX-TP,114,6056,510,23,18,1/147.7,1/263.3,1/336.4,5.81730442308502
2023-03-02,アイムジャグラーEX-TP,115,4518,-210,14,14,1/161.4,1/322.7,1/322.7,5.681277181289782
2023-03-02,アイムジャグラーEX-TP,116,6846,-277,25,22,1/145.7,1/273.8,1/311.2,6.3278088370244365
2023-03-02,アイムジャグラーEX-TP,117,4083,695,18,11,1/140.8,1/226.8,1/371.2,5.99572616180851
2023-03-02,アイムジャグラーEX-TP,118,3624,1288,18,11,1/125.0,1/201.3,1/329.5,5.94051898006469
2023-03-02,アイムジャグラーEX-TP,119,6667,825,25,24,1/136.1,1/266.7,1/277.8,5.852057510829663
2023-03-02,アイムジャグラーEX-TP,120,8375,-245,29,27,1/149.6,1/288.8,1/310.2,6.0514754761698315
2023-03-02,アイムジャグラーEX-TP,121,4908,-20,19,12,1/158.3,1/258.3,1/409.0,6.066519834967424
2023-03-02,アイムジャグラーEX-TP,122,3848,362,15,13,1/137.4,1/256.5,1/296.0,6.055104090827066
2023-03-02,アイムジャグラーEX-TP,123,4047,-752,12,14,1/155.7,1/337.2,1/289.1,6.309129773795171
2023-03-02,アイムジャグラーEX-TP,124,4949,395,19,17,1/137.5,1/260.5,1/291.1,6.0773741460423585
2023-03-02,アイムジャグラーEX-TP,125,4335,-1158,12,13,1/173.4,1/361.2,1/333.5,6.249755362084659
2023-03-02,アイムジャグラーEX-TP,126,3912,1008,20,8,1/139.7,1/195.6,1/489.0,6.122319818343635
2023-03-02,アイムジャグラーEX-TP,127,5000,-152,18,13,1/161.3,1/277.8,1/384.6,5.944552189452878
2023-03-02,アイムジャグラーEX-TP,128,2047,-872,5,5,1/204.7,1/409.4,1/409.4,6.36957777634088
2023-03-02,アイムジャグラーEX-TP,129,4714,98,20,9,1/162.6,1/235.7,1/523.8,6.1477763457745205
2023-03-02,アイムジャグラーEX-TP,130,5901,909,25,21,1/128.3,1/236.0,1/281.0,6.255104333677474
2023-03-02,アイムジャグラーEX-TP,131,4477,1244,21,14,1/127.9,1/213.2,1/319.8,6.0159179549727435
2023-03-02,アイムジャグラーEX-TP,132,4930,-809,17,9,1/189.6,1/290.0,1/547.8,6.042483438631471
2023-03-02,アイムジャグラーEX-TP,154,4176,994,17,17,1/122.8,1/245.6,1/245.6,5.9006341683964685
2023-03-02,アイムジャグラーEX-TP,155,216,-262,0,0,1/0.0,1/0.0,1/0.0,6.081998860188362
2023-03-02,アイムジャグラーEX-TP,156,7005,1986,30,25,1/127.4,1/233.5,1/280.2,5.731156246659638
2023-03-02,アイムジャグラーEX-TP,157,8221,1400,35,29,1/128.5,1/234.9,1/283.5,6.1874144272531515
2023-03-02,アイムジャグラーEX-TP,158,1635,443,8,4,1/136.2,1/204.4,1/408.8,5.984070295075056
2023-03-02,アイムジャグラーEX-TP,159,7600,3606,38,35,1/104.1,1/200.0,1/217.1,6.116711277746781
2023-03-02,アイムジャグラーEX-TP,160,4204,293,17,12,1/145.0,1/247.3,1/350.3,6.106241248150571
2023-03-02,アイムジャグラーEX-TP,161,2758,-1064,7,6,1/212.2,1/394.0,1/459.7,6.16509760312942
2023-03-02,アイムジャグラーEX-TP,162,2793,-1738,4,8,1/232.8,1/698.2,1/349.1,6.282408500420356
2023-03-02,アイムジャグラーEX-TP,163,1659,-926,4,4,1/207.4,1/414.8,1/414.8,7.050263320322998
2023-03-02,アイムジャグラーEX-TP,164,4991,-1124,14,16,1/166.4,1/356.5,1/311.9,6.187178782094951
2023-03-02,アイムジャグラーEX-TP,165,2732,-1405,5,6,1/248.4,1/546.4,1/455.3,5.9478255091742485
2023-03-02,アイムジャグラーEX-TP,166,4542,-178,12,22,1/133.6,1/378.5,1/206.5,5.865252752491318
2023-03-02,アイムジャグラーEX-TP,167,4820,1151,24,14,1/126.8,1/200.8,1/344.3,6.454634166199867
2023-03-02,アイムジャグラーEX-TP,168,6133,925,28,14,1/146.0,1/219.0,1/438.1,6.085316554833306
2023-03-02,アイムジャグラーEX-TP,169,3718,-1253,7,16,1/161.7,1/531.1,1/232.4,6.114448027907143
2023-03-02,アイムジャグラーEX-TP,170,4899,-847,16,13,1/168.9,1/306.2,1/376.8,6.239780989418851
2023-03-02,アイムジャグラーEX-TP,171,4134,-314,15,10,1/165.4,1/275.6,1/413.4,6.105421669086707
2023-03-02,アイムジャグラーEX-TP,172,3839,-593,11,12,1/166.9,1/349.0,1/319.9,5.89881381599613
2023-03-02,アイムジャグラーEX-TP,173,1030,-305,3,3,1/171.7,1/343.3,1/343.3,6.541397839560468
2023-03-02,アイムジャグラーEX-TP,174,5247,-101,19,15,1/154.3,1/276.2,1/349.8,6.028786646192768
2023-03-02,アイムジャグラーEX-TP,175,2857,-550,8,8,1/178.6,1/357.1,1/357.1,5.858394425088708
2023-03-02,アイムジャグラーEX-TP,176,6037,1707,28,20,1/125.8,1/215.6,1/301.9,6.014095437807021
2023-03-02,アイムジャグラーEX-TP,177,537,606,4,1,1/107.4,1/134.2,1/537.0,4.975344250739561
2023-03-02,アイムジャグラーEX-TP,178,7962,908,28,37,1/122.5,1/284.4,1/215.2,6.078306961418087
2023-03-02,マイジャグラーV,73,4190,-497,15,9,1/174.6,1/279.3,1/465.6,5.922344459702413
2023-03-02,マイジャグラーV,74,3702,-626,14,5,1/194.8,1/264.4,1/740.4,6.024076706609275
2023-03-02,マイジャグラーV,75,1976,-1313,4,1,1/395.2,1/494.0,1/1976.0,5.99906504449843
2023-03-02,マイジャグラーV,76,4715,-1282,12,15,1/174.6,1/392.9,1/314.3,5.940439113259062
2023-03-02,マイジャグラーV,77,2777,-239,13,1,1/198.4,1/213.6,1/2777.0,6.200768335373456
2023-03-02,ファンキージャグラー2,78,1230,-93,5,2,1/175.7,1/246.0,1/615.0,6.034769841605691
2023-03-02,ファンキージャグラー2,79,1968,-191,7,4,1/178.9,1/281.1,1/492.0,5.767600008733459
2023-03-02,ファンキージャグラー2,80,804,-723,1,0,1/804.0,1/804.0,1/0.0,6.006584830683787
2023-03-02,ファンキージャグラー2,81,1564,-624,3,7,1/156.4,1/521.3,1/223.4,6.428321441555195
2023-03-02,ファンキージャグラー2,82,7789,1692,31,30,1/127.7,1/251.3,1/259.6,5.606726048546715
2023-03-02,ファンキージャグラー2,83,359,-479,0,0,1/0.0,1/0.0,1/0.0,6.697709649156151
2023-03-02,ファンキージャグラー2,84,3392,-290,11,9,1/169.6,1/308.4,1/376.9,5.655276863482083
2023-03-02,ハッピージャグラーVIII,150,3205,-206,10,13,1/139.3,1/320.5,1/246.5,6.250211011657838
2023-03-02,ハッピージャグラーVIII,151,970,-580,1,2,1/323.3,1/970.0,1/485.0,5.563557550916229
2023-03-02,ハッピージャグラーVIII,152,2525,198,11,5,1/157.8,1/229.5,1/505.0,6.037857666472627
2023-03-02,ハッピージャグラーVIII,153,2936,318,13,9,1/133.5,1/225.8,1/326.2,6.483453171956592
2023-03-01,アイムジャグラーEX-TP,109,6384,2215,31,23,1/118.2,1/205.9,1/277.6,6.097206549156255
2023-03-01,アイムジャグラーEX-TP,110,3321,-867,11,6,1/195.4,1/301.9,1/553.5,6.334309763082509
2023-03-01,アイムジャグラーEX-TP,111,3610,307,14,10,1/150.4,1/257.9,1/361.0,5.817613154187376
2023-03-01,アイムジャグラーEX-TP,112,4867,-558,15,19,1/143.1,1/324.5,1/256.2,6.3117282025367825
2023-03-01,アイムジャグラーEX-TP,113,5186,-614,19,11,1/172.9,1/272.9,1/471.5,6.214157605272156
2023-03-01,アイムジャグラーEX-TP,114,2271,-369,8,6,1/162.2,1/283.9,1/378.5,6.508760860903567
2023-03-01,アイムジャグラーEX-TP,115,4870,-1253,13,15,1/173.9,1/374.6,1/324.7,6.12105254955036
2023-03-01,アイムジャグラーEX-TP,116,2863,-883,8,7,1/190.9,1/357.9,1/409.0,6.225892200470598
2023-03-01,アイムジャグラーEX-TP,117,3015,-679,8,10,1/167.5,1/376.9,1/301.5,6.058193621475623
2023-03-01,アイムジャグラーEX-TP,118,3843,184,17,5,1/174.7,1/226.1,1/768.6,5.966425743958019
2023-03-01,アイムジャグラーEX-TP,119,4036,-503,12,14,1/155.2,1/336.3,1/288.3,6.031983802001238
2023-03-01,アイムジャグラーEX-TP,120,5445,-805,19,11,1/181.5,1/286.6,1/495.0,6.1006673984479765
2023-03-01,アイムジャグラーEX-TP,121,6146,-206,24,12,1/170.7,1/256.1,1/512.2,6.025449790121015
2023-03-01,アイムジャグラーEX-TP,122,1756,-1287,1,6,1/250.9,1/1756.0,1/292.7,6.029236509471721
2023-03-01,アイムジャグラーEX-TP,123,7152,369,29,22,1/140.2,1/246.6,1/325.1,6.308411851759413
2023-03-01,アイムジャグラーEX-TP,124,3130,-816,9,8,1/184.1,1/347.8,1/391.2,6.145702833276998
2023-03-01,アイムジャグラーEX-TP,125,5232,-640,13,21,1/153.9,1/402.5,1/249.1,5.716728373169672
2023-03-01,アイムジャグラーEX-TP,126,1341,-749,3,1,1/335.2,1/447.0,1/1341.0,5.985013632977361
2023-03-01,アイムジャグラーEX-TP,127,4354,-1626,10,9,1/229.2,1/435.4,1/483.8,5.793210769448426
2023-03-01,アイムジャグラーEX-TP,128,3143,-164,12,10,1/142.9,1/261.9,1/314.3,6.5908088266594635
2023-03-01,アイムジャグラーEX-TP,129,2906,-587,9,10,1/152.9,1/322.9,1/290.6,6.555106690902967
2023-03-01,アイムジャグラーEX-TP,130,5593,-617,16,20,1/155.4,1/349.6,1/279.6,5.888225498759966
2023-03-01,アイムジャグラーEX-TP,131,5717,-1492,12,22,1/168.1,1/476.4,1/259.9,5.824828170625549
2023-03-01,アイムジャグラーEX-TP,132,7017,1904,33,23,1/125.3,1/212.6,1/305.1,6.126229772746821
2023-03-01,アイムジャグラーEX-TP,154,2287,-184,7,8,1/152.5,1/326.7,1/285.9,5.945050833563974
2023-03-01,アイムジャグラーEX-TP,155,1090,-796,2,2,1/272.5,1/545.0,1/545.0,6.883112126528018
2023-03-01,アイムジャグラーEX-TP,156,5485,-663,19,12,1/176.9,1/288.7,1/457.1,6.020785816279974
2023-03-01,アイムジャグラーEX-TP,157,4495,-413,16,13,1/155.0,1/280.9,1/345.8,6.315920665572984
2023-03-01,アイムジャグラーEX-TP,158,6101,-754,19,19,1/160.6,1/321.1,1/321.1,6.034783101032596
2023-03-01,アイムジャグラーEX-TP,159,4966,-1098,15,12,1/183.9,1/331.1,1/413.8,6.069154458624395
2023-03-01,アイムジャグラーEX-TP,160,3482,-631,11,7,1/193.4,1/316.5,1/497.4,5.87417807478048
2023-03-01,アイムジャグラーEX-TP,161,6317,428,25,21,1/137.3,1/252.7,1/300.8,6.225257263166409
2023-03-01,アイムジャグラーEX-TP,162,2512,-244,7,11,1/139.6,1/358.9,1/228.4,6.088516461705194
2023-03-01,アイムジャグラーEX-TP,163,4574,-1011,16,8,1/190.6,1/285.9,1/571.8,6.340080357954228
2023-03-01,アイムジャグラーEX-TP,164,3203,-1981,7,3,1/320.3,1/457.6,1/1067.7,6.291635432746464
2023-03-01,アイムジャグラーEX-TP,165,4273,-1053,13,11,1/178.0,1/328.7,1/388.5,6.287855894409462
2023-03-01,アイムジャグラーEX-TP,166,5080,735,23,14,1/137.3,1/220.9,1/362.9,6.284585711264482
2023-03-01,アイムジャグラーEX-TP,167,5726,842,28,14,1/136.3,1/204.5,1/409.0,6.590452977279144
2023-03-01,アイムジャグラーEX-TP,168,5600,605,22,18,1/140.0,1/254.5,1/311.1,5.95618587128895
2023-03-01,アイムジャグラーEX-TP,169,6842,1471,27,31,1/118.0,1/253.4,1/220.7,6.059381334863111
2023-03-01,アイムジャグラーEX-TP,170,4095,-1050,12,12,1/170.6,1/341.2,1/341.2,6.366764834562065
2023-03-01,アイムジャグラーEX-TP,171,4388,-842,11,17,1/156.7,1/398.9,1/258.1,5.98098417776161
2023-03-01,アイムジャグラーEX-TP,172,3555,-1111,10,7,1/209.1,1/355.5,1/507.9,6.05373313969334
2023-03-01,アイムジャグラーEX-TP,173,5780,1404,25,21,1/125.7,1/231.2,1/275.2,5.977102732849257
2023-03-01,アイムジャグラーEX-TP,174,3995,476,16,12,1/142.7,1/249.7,1/332.9,5.9036081907502345
2023-03-01,アイムジャグラーEX-TP,175,6991,-1088,20,24,1/158.9,1/349.6,1/291.3,6.029007676562736
2023-03-01,アイムジャグラーEX-TP,176,7000,-438,26,16,1/166.7,1/269.2,1/437.5,6.08448304710911
2023-03-01,アイムジャグラーEX-TP,177,5529,967,23,19,1/131.6,1/240.4,1/291.0,6.01175825542494
2023-03-01,アイムジャグラーEX-TP,178,7786,261,24,38,1/125.6,1/324.4,1/204.9,6.049140808350742
2023-03-01,マイジャグラーV,73,5739,-671,23,9,1/179.3,1/249.5,1/637.7,6.128372529852046
2023-03-01,マイジャグラーV,74,4195,-833,12,12,1/174.8,1/349.6,1/349.6,5.817729612469954
2023-03-01,マイジャグラーV,75,7965,2469,39,25,1/124.5,1/204.2,1/318.6,5.839083517904316
2023-03-01,マイジャグラーV,76,6982,-1727,18,23,1/170.3,1/387.9,1/303.6,5.914499108878674
2023-03-01,マイジャグラーV,77,4430,68,14,19,1/134.2,1/316.4,1/233.2,5.791798032811876
2023-03-01,ファンキージャグラー2,78,5460,283,21,18,1/140.0,1/260.0,1/303.3,5.9420875010474825
2023-03-01,ファンキージャグラー2,79,1225,-309,4,2,1/204.2,1/306.2,1/612.5,5.9713951890662536
2023-03-01,ファンキージャグラー2,80,682,-661,1,0,1/682.0,1/682.0,1/0.0,6.6187615200539
2023-03-01,ファンキージャグラー2,81,4610,1077,22,14,1/128.1,1/209.5,1/329.3,6.009150267372969
2023-03-01,ファンキージャグラー2,82,2155,-324,8,5,1/165.8,1/269.4,1/431.0,6.303246482713511
2023-03-01,ファンキージャグラー2,83,1236,-644,3,3,1/206.0,1/412.0,1/412.0,6.690243097777416
2023-03-01,ファンキージャグラー2,84,4847,298,20,13,1/146.9,1/242.3,1/372.8,5.9368962253781525
2023-03-01,ハッピージャグラーVIII,150,3550,197,14,12,1/136.5,1/253.6,1/295.8,6.314106804005901
2023-03-01,ハッピージャグラーVIII,151,1621,-436,5,4,1/180.1,1/324.2,1/405.2,6.473427921190507
2023-03-01,ハッピージャグラーVIII,152,3700,-17,13,12,1/148.0,1/284.6,1/308.3,6.046233257959681
2023-03-01,ハッピージャグラーVIII,153,2665,-1015,9,5,1/190.4,1/296.1,1/533.0,7.204651122710719
2023-02-28,アイムジャグラーEX-TP,109,7741,-408,23,33,1/138.2,1/336.6,1/234.6,6.046637580525105
2023-02-28,アイムジャグラーEX-TP,110,6150,1660,25,28,1/116.0,1/246.0,1/219.6,5.955754554154877
2023-02-28,アイムジャグラーEX-TP,111,2000,153,9,6,1/133.3,1/222.2,1/333.3,6.73148526015087
2023-02-28,アイムジャグラーEX-TP,112,5324,2402,29,15,1/121.0,1/183.6,1/354.9,5.958776814887398
2023-02-28,アイムジャグラーEX-TP,113,3876,167,15,13,1/138.4,1/258.4,1/298.2,6.251904927688235
2023-02-28,アイムジャグラーEX-TP,114,4307,-219,16,13,1/148.5,1/269.2,1/331.3,6.366328975312375
2023-02-28,アイムジャグラーEX-TP,115,2430,-800,7,6,1/186.9,1/347.1,1/405.0,6.450825924727887
2023-02-28,アイムジャグラーEX-TP,116,4703,-963,12,16,1/168.0,1/391.9,1/293.9,5.8891582037514
2023-02-28,アイムジャグラーEX-TP,117,1052,-77,4,2,1/175.3,1/263.0,1/526.0,6.066492214649102
2023-02-28,アイムジャグラーEX-TP,118,5024,-467,19,9,1/179.4,1/264.4,1/558.2,6.08575074761219
2023-02-28,アイムジャグラーEX-TP,119,3879,-749,10,14,1/161.6,1/387.9,1/277.1,5.953548873801586
2023-02-28,アイムジャグラーEX-TP,120,5561,-281,18,19,1/150.3,1/308.9,1/292.7,5.974159808979006
2023-02-28,アイムジャグラーEX-TP,121,5538,-1446,13,22,1/158.2,1/426.0,1/251.7,6.158391630939267
2023-02-28,アイムジャグラーEX-TP,122,5988,-333,18,26,1/136.1,1/332.7,1/230.3,6.135575814568389
2023-02-28,アイムジャグラーEX-TP,123,2043,36,7,7,1/145.9,1/291.9,1/291.9,5.887909760909363
2023-02-28,アイムジャグラーEX-TP,124,4300,-1269,11,11,1/195.5,1/390.9,1/390.9,5.93996901546395
2023-02-28,アイムジャグラーEX-TP,125,1189,-388,4,2,1/198.2,1/297.2,1/594.5,6.686008293349429
2023-02-28,アイムジャグラーEX-TP,126,5357,-105,22,13,1/153.1,1/243.5,1/412.1,6.4218558976534785
2023-02-28,アイムジャグラーEX-TP,127,2634,-323,8,9,1/154.9,1/329.2,1/292.7,6.073769178001121
2023-02-28,アイムジャグラーEX-TP,128,3217,-497,9,10,1/169.3,1/357.4,1/321.7,5.818865289433923
2023-02-28,アイムジャグラーEX-TP,129,4903,140,18,16,1/144.2,1/272.4,1/306.4,6.043896563104875
2023-02-28,アイムジャグラーEX-TP,130,2275,-115,9,7,1/142.2,1/252.8,1/325.0,6.71852481867366
2023-02-28,アイムジャグラーEX-TP,131,4233,2033,22,17,1/108.5,1/192.4,1/249.0,6.059447257307076
2023-02-28,アイムジャグラーEX-TP,132,4264,-1656,10,13,1/185.4,1/426.4,1/328.0,6.347591899442593
2023-02-28,アイムジャグラーEX-TP,154,4271,1774,21,18,1/109.5,1/203.4,1/237.3,6.121427362069412
2023-02-28,アイムジャグラーEX-TP,155,3372,-689,12,6,1/187.3,1/281.0,1/562.0,6.34730152532131
2023-02-28,アイムジャグラーEX-TP,156,3755,-668,12,12,1/156.5,1/312.9,1/312.9,6.435522576430186
2023-02-28,アイムジャグラーEX-TP,157,4131,-811,12,13,1/165.2,1/344.2,1/317.8,6.142477006861806
2023-02-28,アイムジャグラーEX-TP,158,3411,-377,11,11,1/155.0,1/310.1,1/310.1,6.152043230449263
2023-02-28,アイムジャグラーEX-TP,159,2546,-371,9,2,1/231.5,1/282.9,1/1273.0,5.635310546005593
2023-02-28,アイムジャグラーEX-TP,160,3401,225,16,7,1/147.9,1/212.6,1/485.9,6.576641004875165
2023-02-28,アイムジャグラーEX-TP,161,4232,-1410,11,11,1/192.4,1/384.7,1/384.7,6.179962674310506
2023-02-28,アイムジャグラーEX-TP,162,2006,-683,6,3,1/222.9,1/334.3,1/668.7,6.1828663157967085
2023-02-28,アイムジャグラーEX-TP,163,5571,-1447,13,21,1/163.9,1/428.5,1/265.3,6.045765894357604
2023-02-28,アイムジャグラーEX-TP,164,3229,-609,9,8,1/189.9,1/358.8,1/403.6,5.700295011892327
2023-02-28,アイムジャグラーEX-TP,165,5276,-1424,15,15,1/175.9,1/351.7,1/351.7,6.282900528894947
2023-02-28,アイムジャグラーEX-TP,166,6454,-1311,21,17,1/169.8,1/307.3,1/379.6,6.365458634647983
2023-02-28,アイムジャグラーEX-TP,167,4425,375,17,14,1/142.7,1/260.3,1/316.1,5.941525320464728
2023-02-28,アイムジャグラーEX-TP,168,3731,-518,13,8,1/177.7,1/287.0,1/466.4,6.1077425762156965
2023-02-28,アイムジャグラーEX-TP,169,5266,-597,17,16,1/159.6,1/309.8,1/329.1,6.0862050499344456
2023-02-28,アイムジャグラーEX-TP,170,2603,-287,9,5,1/185.9,1/289.2,1/520.6,5.854837546589594
2023-02-28,アイムジャグラーEX-TP,171,2307,-1123,5,8,1/177.5,1/461.4,1/288.4,6.85692824535189
2023-02-28,アイムジャグラーEX-TP,172,2443,169,11,6,1/143.7,1/222.1,1/407.2,6.492083391940575
2023-02-28,アイムジャグラーEX-TP,173,6420,1875,30,23,1/121.1,1/214.0,1/279.1,6.129928415899029
2023-02-28,アイムジャグラーEX-TP,174,3730,-570,13,10,1/162.2,1/286.9,1/373.0,6.428424874764201
2023-02-28,アイムジャグラーEX-TP,175,3055,290,14,5,1/160.8,1/218.2,1/611.0,6.079197315123998
2023-02-28,アイムジャグラーEX-TP,176,3444,-430,11,11,1/156.5,1/313.1,1/313.1,6.16923191951997
2023-02-28,アイムジャグラーEX-TP,177,7300,2213,36,22,1/125.9,1/202.8,1/331.8,6.128508098655548
2023-02-28,アイムジャグラーEX-TP,178,6147,-1060,20,16,1/170.8,1/307.4,1/384.2,6.199241754171412
2023-02-28,マイジャグラーV,73,5538,-312,21,12,1/167.8,1/263.7,1/461.5,5.8798975658776875
2023-02-28,マイジャグラーV,74,6626,-79,22,22,1/150.6,1/301.2,1/301.2,5.681888963279912
2023-02-28,マイジャグラーV,75,7970,2319,39,23,1/128.5,1/204.4,1/346.5,5.8144284842212635
2023-02-28,マイジャグラーV,76,8501,2346,42,23,1/130.8,1/202.4,1/369.6,5.853279572499347
2023-02-28,マイジャグラーV,77,3761,-308,15,5,1/188.1,1/250.7,1/752.2,5.8487770052354
2023-02-28,ファンキージャグラー2,78,1217,-730,2,2,1/304.2,1/608.5,1/608.5,5.8006662067521635
2023-02-28,ファンキージャグラー2,79,6233,409,25,20,1/138.5,1/249.3,1/311.6,6.019214723039771
2023-02-28,ファンキージャグラー2,80,1559,-371,6,1,1/222.7,1/259.8,1/1559.0,6.112247464865481
2023-02-28,ファンキージャグラー2,81,5251,-1210,16,12,1/187.5,1/328.2,1/437.6,5.918950867931267
2023-02-28,ファンキージャグラー2,82,1577,-753,5,1,1/262.8,1/315.4,1/1577.0,6.4921835725627846
2023-02-28,ファンキージャグラー2,83,2370,-698,6,5,1/215.5,1/395.0,1/474.0,5.6040474464194245
2023-02-28,ファンキージャグラー2,84,3975,897,19,9,1/142.0,1/209.2,1/441.7,5.734293917726407
2023-02-28,ハッピージャグラーVIII,150,5942,1634,28,21,1/121.3,1/212.2,1/283.0,6.213334289070044
2023-02-28,ハッピージャグラーVIII,151,5786,1513,27,17,1/131.5,1/214.3,1/340.4,5.960941871055277
2023-02-28,ハッピージャグラーVIII,152,1952,317,9,4,1/150.2,1/216.9,1/488.0,5.9638435872030335
2023-02-28,ハッピージャグラーVIII,153,6018,-26,21,19,1/150.4,1/286.6,1/316.7,5.981776306763539
2023-02-27,アイムジャグラーEX-TP,109,7228,887,29,24,1/136.4,1/249.2,1/301.2,6.029961919722636
2023-02-27,アイムジャグラーEX-TP,110,1829,-287,6,5,1/166.3,1/304.8,1/365.8,6.21699853847848
2023-02-27,アイムジャグラーEX-TP,111,785,-619,1,2,1/261.7,1/785.0,1/392.5,6.796675083865342
2023-02-27,アイムジャグラーEX-TP,112,3750,-999,12,8,1/187.5,1/312.5,1/468.8,6.375924509053813
2023-02-27,アイムジャグラーEX-TP,113,1328,-438,3,3,1/221.3,1/442.7,1/442.7,5.650736327537102
2023-02-27,アイムジャグラーEX-TP,114,4603,152,19,17,1/127.9,1/242.3,1/270.8,6.82323068277133
2023-02-27,アイムジャグラーEX-TP,115,922,-248,4,0,1/230.5,1/230.5,1/0.0,6.841595834135972
2023-02-27,アイムジャグラーEX-TP,116,3129,-143,12,10,1/142.2,1/260.8,1/312.9,6.586305460680809
2023-02-27,アイムジャグラーEX-TP,117,784,177,4,1,1/156.8,1/196.0,1/784.0,5.922831996075217
2023-02-27,アイムジャグラーEX-TP,118,5395,1949,24,23,1/114.8,1/224.8,1/234.6,5.857336879003542
2023-02-27,アイムジャグラーEX-TP,119,1185,253,7,1,1/148.1,1/169.3,1/1185.0,6.795410546018405
2023-02-27,アイムジャグラーEX-TP,120,2841,-636,9,5,1/202.9,1/315.7,1/568.2,5.966204444375003
2023-02-27,アイムジャグラーEX-TP,121,2154,-1075,4,5,1/239.3,1/538.5,1/430.8,5.963142959486811
2023-02-27,アイムジャグラーEX-TP,122,5168,91,20,16,1/143.6,1/258.4,1/323.0,6.256319875756847
2023-02-27,アイムジャグラーEX-TP,123,1651,322,7,5,1/137.6,1/235.9,1/330.2,5.841000811442728
2023-02-27,アイムジャグラーEX-TP,124,1791,-818,4,5,1/199.0,1/447.8,1/358.2,6.428077901700226
2023-02-27,アイムジャグラーEX-TP,125,2812,1937,19,6,1/112.5,1/148.0,1/468.7,6.077723580419814
2023-02-27,アイムジャグラーEX-TP,126,2572,1905,16,11,1/95.3,1/160.8,1/233.8,6.1603148160385555
2023-02-27,アイムジャグラーEX-TP,127,5114,1533,25,13,1/134.6,1/204.6,1/393.4,5.892274881974186
2023-02-27,アイムジャグラーEX-TP,128,2855,-340,8,10,1/158.6,1/356.9,1/285.5,5.832700180619622
2023-02-27,アイムジャグラーEX-TP,129,846,-900,1,1,1/423.0,1/846.0,1/846.0,7.583544032154226
2023-02-27,アイムジャグラーEX-TP,130,5400,-541,18,14,1/168.8,1/300.0,1/385.7,5.953752573068531
2023-02-27,アイムジャグラーEX-TP,131,2481,1005,11,14,1/99.2,1/225.5,1/177.2,6.2405048304299395
2023-02-27,アイムジャグラーEX-TP,132,3715,-487,13,11,1/154.8,1/285.8,1/337.7,6.472535889035472
2023-02-27,アイムジャグラーEX-TP,154,1270,219,5,5,1/127.0,1/254.0,1/254.0,5.985390933216704
2023-02-27,アイムジャグラーEX-TP,155,3224,709,14,9,1/140.2,1/230.3,1/358.2,5.750014789701503
2023-02-27,アイムジャグラーEX-TP,156,3918,511,15,16,1/126.4,1/261.2,1/244.9,6.11684800227538
2023-02-27,アイムジャグラーEX-TP,157,4861,935,19,17,1/135.0,1/255.8,1/285.9,5.691901238335701
2023-02-27,アイムジャグラーEX-TP,158,3098,338,12,10,1/140.8,1/258.2,1/309.8,5.896410235757058
2023-02-27,アイムジャグラーEX-TP,159,1769,66,7,4,1/160.8,1/252.7,1/442.2,5.899498229166726
2023-02-27,アイムジャグラーEX-TP,160,2707,-222,10,4,1/193.4,1/270.7,1/676.8,5.807981148756451
2023-02-27,アイムジャグラーEX-TP,161,561,-647,0,1,1/561.0,1/0.0,1/561.0,6.637702933568899
2023-02-27,アイムジャグラーEX-TP,162,4462,910,23,7,1/148.7,1/194.0,1/637.4,6.212468828707921
2023-02-27,アイムジャグラーEX-TP,163,2036,-1901,2,3,1/407.2,1/1018.0,1/678.7,6.625421788962157
2023-02-27,アイムジャグラーEX-TP,164,2208,-150,8,4,1/184.0,1/276.0,1/552.0,5.8076023408425
2023-02-27,アイムジャグラーEX-TP,165,3103,-74,9,13,1/141.0,1/344.8,1/238.7,5.811028789555773
2023-02-27,アイムジャグラーEX-TP,166,1169,-1042,1,2,1/389.7,1/1169.0,1/584.5,6.353882099668332
2023-02-27,アイムジャグラーEX-TP,167,5555,2001,29,13,1/132.3,1/191.6,1/427.3,5.9085392165862
2023-02-27,アイムジャグラーEX-TP,168,4889,-914,13,20,1/148.2,1/376.1,1/244.4,6.232286376784148
2023-02-27,アイムジャグラーEX-TP,169,3486,1048,18,7,1/139.4,1/193.7,1/498.0,5.968573150950677
2023-02-27,アイムジャグラーEX-TP,170,7704,834,28,30,1/132.8,1/275.1,1/256.8,5.914962464173362
2023-02-27,アイムジャグラーEX-TP,171,271,-354,0,0,1/0.0,1/0.0,1/0.0,6.546393396210919
2023-02-27,アイムジャグラーEX-TP,172,4068,11,16,11,1/150.7,1/254.2,1/369.8,6.2243999937756005
2023-02-27,アイムジャグラーEX-TP,173,894,-779,1,2,1/298.0,1/894.0,1/447.0,6.879780302604135
2023-02-27,アイムジャグラーEX-TP,174,3224,344,15,6,1/153.5,1/214.9,1/537.3,6.207380695019084
2023-02-27,アイムジャグラーEX-TP,175,6845,2338,32,23,1/124.5,1/213.9,1/297.6,5.817115415266619
2023-02-27,アイムジャグラーEX-TP,176,2334,-449,5,10,1/155.6,1/466.8,1/233.4,5.757012486427301
2023-02-27,アイムジャグラーEX-TP,177,4204,996,18,15,1/127.4,1/233.6,1/280.3,5.9275894192867264
2023-02-27,アイムジャグラーEX-TP,178,3021,-417,9,11,1/151.1,1/335.7,1/274.6,6.17782769664326
2023-02-27,マイジャグラーV,73,4586,1386,23,12,1/131.0,1/199.4,1/382.2,5.781953244857912
2023-02-27,マイジャグラーV,74,2238,659,12,5,1/131.6,1/186.5,1/447.6,6.017997240231976
2023-02-27,マイジャグラーV,75,4013,-1288,12,5,1/236.1,1/334.4,1/802.6,5.816187647011303
2023-02-27,マイジャグラーV,76,5304,-2097,13,11,1/221.0,1/408.0,1/482.2,5.920525715893861
2023-02-27,マイジャグラーV,77,2426,-607,8,5,1/186.6,1/303.2,1/485.2,6.17731953717541
2023-02-27,ファンキージャグラー2,78,918,-291,3,1,1/229.5,1/306.0,1/918.0,6.032792961347244
2023-02-27,ファンキージャグラー2,79,1252,-520,4,0,1/313.0,1/313.0,1/0.0,5.93037353063983
2023-02-27,ファンキージャグラー2,80,2504,-836,7,7,1/178.9,1/357.7,1/357.7,6.350565413359926
2023-02-27,ファンキージャグラー2,81,853,-502,2,1,1/284.3,1/426.5,1/853.0,6.3113241933200035
2023-02-27,ファンキージャグラー2,82,1617,-965,2,4,1/269.5,1/808.5,1/404.2,5.712751664574213
2023-02-27,ファンキージャグラー2,83,1007,-533,3,0,1/335.7,1/335.7,1/0.0,6.217724234205371
2023-02-27,ファンキージャグラー2,84,2396,271,12,6,1/133.1,1/199.7,1/399.3,6.6388082397141766
2023-02-27,ハッピージャグラーVIII,150,1998,439,11,2,1/153.7,1/181.6,1/999.0,6.227841271402262
2023-02-27,ハッピージャグラーVIII,151,851,-559,1,1,1/425.5,1/851.0,1/851.0,5.59714085417072
2023-02-27,ハッピージャグラーVIII,152,1174,-180,4,3,1/167.7,1/293.5,1/391.3,6.3204412572455935
2023-02-27,ハッピージャグラーVIII,153,4104,218,15,13,1/146.6,1/273.6,1/315.7,5.907637881950597
2023-02-26,アイムジャグラーEX-TP,109,4765,-1244,14,9,1/207.2,1/340.4,1/529.4,5.929663980937468
2023-02-26,アイムジャグラーEX-TP,110,1808,-593,4,7,1/164.4,1/452.0,1/258.3,6.271102320006096
2023-02-26,アイムジャグラーEX-TP,111,5301,1733,27,14,1/129.3,1/196.3,1/378.6,6.042424935807641
2023-02-26,アイムジャグラーEX-TP,112,2749,-506,8,8,1/171.8,1/343.6,1/343.6,5.988533211503317
2023-02-26,アイムジャグラーEX-TP,113,2545,-720,8,6,1/181.8,1/318.1,1/424.2,6.498409357913748
2023-02-26,アイムジャグラーEX-TP,114,4558,-424,15,14,1/157.2,1/303.9,1/325.6,6.079529502570841
2023-02-26,アイムジャグラーEX-TP,115,3142,29,11,9,1/157.1,1/285.6,1/349.1,5.775759926034979
2023-02-26,アイムジャグラーEX-TP,116,2832,-854,7,9,1/177.0,1/404.6,1/314.7,6.139500907137275
2023-02-26,アイムジャグラーEX-TP,117,6757,2627,34,20,1/125.1,1/198.7,1/337.9,5.835464698599415
2023-02-26,アイムジャグラーEX-TP,118,2468,-199,8,9,1/145.2,1/308.5,1/274.2,6.221240155826437
2023-02-26,アイムジャグラーEX-TP,119,3142,-786,10,7,1/184.8,1/314.2,1/448.9,6.317591518567034
2023-02-26,アイムジャグラーEX-TP,120,4058,-1018,14,5,1/213.6,1/289.9,1/811.6,6.185772214776414
2023-02-26,アイムジャグラーEX-TP,121,5049,-813,16,13,1/174.1,1/315.6,1/388.4,6.033846112258146
2023-02-26,アイムジャグラーEX-TP,122,2590,-862,5,7,1/215.8,1/518.0,1/370.0,5.505734679708668
2023-02-26,アイムジャグラーEX-TP,123,2903,-888,9,8,1/170.8,1/322.6,1/362.9,6.7738809696809446
2023-02-26,アイムジャグラーEX-TP,124,3750,-841,10,12,1/170.5,1/375.0,1/312.5,6.018416354043373
2023-02-26,アイムジャグラーEX-TP,125,3031,154,10,15,1/121.2,1/303.1,1/202.1,6.255792051280405
2023-02-26,アイムジャグラーEX-TP,126,3964,-302,13,14,1/146.8,1/304.9,1/283.1,6.193132525333685
2023-02-26,アイムジャグラーEX-TP,127,1357,-1248,1,1,1/678.5,1/1357.0,1/1357.0,5.911468763441839
2023-02-26,アイムジャグラーEX-TP,128,5147,-197,17,19,1/143.0,1/302.8,1/270.9,6.113495457484018
2023-02-26,アイムジャグラーEX-TP,129,4921,-173,19,11,1/164.0,1/259.0,1/447.4,6.1060625421117924
2023-02-26,アイムジャグラーEX-TP,130,6298,2497,30,23,1/118.8,1/209.9,1/273.8,5.79652163971393
2023-02-26,アイムジャグラーEX-TP,131,6236,1541,31,18,1/127.3,1/201.2,1/346.4,6.392329598108723
2023-02-26,アイムジャグラーEX-TP,132,4804,-557,16,16,1/150.1,1/300.2,1/300.2,6.357599122831303
2023-02-26,アイムジャグラーEX-TP,154,2055,-240,8,3,1/186.8,1/256.9,1/685.0,6.1805728804582465
2023-02-26,アイムジャグラーEX-TP,155,3714,-160,13,13,1/142.8,1/285.7,1/285.7,6.287348483619866
2023-02-26,アイムジャグラーEX-TP,156,4522,-450,16,9,1/180.9,1/282.6,1/502.4,5.924845677882072
2023-02-26,アイムジャグラーEX-TP,157,4918,473,22,10,1/153.7,1/223.5,1/491.8,6.121409633928749
2023-02-26,アイムジャグラーEX-TP,158,6338,1298,28,19,1/134.9,1/226.4,1/333.6,5.98083770927046
2023-02-26,アイムジャグラーEX-TP,159,4653,-781,16,10,1/179.0,1/290.8,1/465.3,6.192880723946026
2023-02-26,アイムジャグラーEX-TP,160,3258,-1039,9,8,1/191.6,1/362.0,1/407.2,6.24284948944011
2023-02-26,アイムジャグラーEX-TP,161,2034,-771,6,2,1/254.2,1/339.0,1/1017.0,6.086169386532079
2023-02-26,アイムジャグラーEX-TP,162,4078,-269,14,11,1/163.1,1/291.3,1/370.7,5.9573733429631055
2023-02-26,アイムジャグラーEX-TP,163,2638,90,12,4,1/164.9,1/219.8,1/659.5,6.274028243877138
2023-02-26,アイムジャグラーEX-TP,164,7250,-999,19,29,1/151.0,1/381.6,1/250.0,5.921195019662451
2023-02-26,アイムジャグラーEX-TP,165,1821,-460,6,3,1/202.3,1/303.5,1/607.0,6.196984685416589
2023-02-26,アイムジャグラーEX-TP,166,2792,187,12,5,1/164.2,1/232.7,1/558.4,5.948621593372809
2023-02-26,アイムジャグラーEX-TP,167,6792,518,27,21,1/141.5,1/251.6,1/323.4,6.1008160937372775
2023-02-26,アイムジャグラーEX-TP,168,6292,929,27,21,1/131.1,1/233.0,1/299.6,6.2504428059251005
2023-02-26,アイムジャグラーEX-TP,169,3840,-1386,11,7,1/213.3,1/349.1,1/548.6,6.279320871824834
2023-02-26,アイムジャグラーEX-TP,170,2802,1026,15,6,1/133.4,1/186.8,1/467.0,5.945726718994577
2023-02-26,アイムジャグラーEX-TP,171,4095,1418,21,12,1/124.1,1/195.0,1/341.2,6.120824172337895
2023-02-26,アイムジャグラーEX-TP,172,1384,-453,4,3,1/197.7,1/346.0,1/461.3,6.307233070171932
2023-02-26,アイムジャグラーEX-TP,173,4356,-281,17,9,1/167.5,1/256.2,1/484.0,6.218568640249437
2023-02-26,アイムジャグラーEX-TP,174,3237,-1057,8,9,1/190.4,1/404.6,1/359.7,6.078984773110298
2023-02-26,アイムジャグラーEX-TP,175,5213,-1743,12,13,1/208.5,1/434.4,1/401.0,5.805217718103549
2023-02-26,アイムジャグラーEX-TP,176,2736,32,11,7,1/152.0,1/248.7,1/390.9,6.219977978186155
2023-02-26,アイムジャグラーEX-TP,177,4032,138,17,9,1/155.1,1/237.2,1/448.0,6.198682724575646
2023-02-26,アイムジャグラーEX-TP,178,5915,-658,20,18,1/155.7,1/295.8,1/328.6,6.261319200147434
2023-02-26,マイジャグラーV,73,3237,-837,10,10,1/161.8,1/323.7,1/323.7,6.458941607389179
2023-02-26,マイジャグラーV,74,6897,647,31,16,1/146.7,1/222.5,1/431.1,6.02403100342627
2023-02-26,マイジャグラーV,75,6883,296,27,19,1/149.6,1/254.9,1/362.3,5.830495070942944
2023-02-26,マイジャグラーV,76,5513,-1632,16,13,1/190.1,1/344.6,1/424.1,6.081161480443429
2023-02-26,マイジャグラーV,77,3873,-1815,9,5,1/276.6,1/430.3,1/774.6,5.784652002017482
2023-02-26,ファンキージャグラー2,78,3722,-72,14,7,1/177.2,1/265.9,1/531.7,5.593237652452638
2023-02-26,ファンキージャグラー2,79,3006,1693,18,8,1/115.6,1/167.0,1/375.8,5.690794217445039
2023-02-26,ファンキージャグラー2,80,2007,-227,7,5,1/167.2,1/286.7,1/401.4,5.953058708333827
2023-02-26,ファンキージャグラー2,81,3456,559,14,10,1/144.0,1/246.9,1/345.6,5.533819869679823
2023-02-26,ファンキージャグラー2,82,6356,-196,21,20,1/155.0,1/302.7,1/317.8,5.683139575171904
2023-02-26,ファンキージャグラー2,83,5068,1465,29,9,1/133.4,1/174.8,1/563.1,6.2520127366871945
2023-02-26,ファンキージャグラー2,84,1882,-1424,2,4,1/313.7,1/941.0,1/470.5,6.081970713630555
2023-02-26,ハッピージャグラーVIII,150,4367,767,19,13,1/136.5,1/229.8,1/335.9,6.02337547609985
2023-02-26,ハッピージャグラーVIII,151,6011,-373,21,21,1/143.1,1/286.2,1/286.2,6.417994472020457
2023-02-26,ハッピージャグラーVIII,152,5979,3190,32,23,1/108.7,1/186.8,1/260.0,5.87024368298048
2023-02-26,ハッピージャグラーVIII,153,5029,-734,16,18,1/147.9,1/314.3,1/279.4,6.508317136550113
2023-02-25,アイムジャグラーEX-TP,109,4845,-1791,14,7,1/230.7,1/346.1,1/692.1,6.177423639489382
2023-02-25,アイムジャグラーEX-TP,110,6057,2336,28,24,1/116.5,1/216.3,1/252.4,5.817721311228515
2023-02-25,アイムジャグラーEX-TP,111,1236,-421,4,1,1/247.2,1/309.0,1/1236.0,6.165535960912497
2023-02-25,アイムジャグラーEX-TP,112,2355,-892,6,7,1/181.2,1/392.5,1/336.4,6.523673107743517
2023-02-25,アイムジャグラーEX-TP,113,3712,1460,20,5,1/148.5,1/185.6,1/742.4,5.557017416414157
2023-02-25,アイムジャグラーEX-TP,114,3781,-763,11,13,1/157.5,1/343.7,1/290.8,6.308793079329077
2023-02-25,アイムジャグラーEX-TP,115,4248,-342,14,12,1/163.4,1/303.4,1/354.0,5.922824096223472
2023-02-25,アイムジャグラーEX-TP,116,3093,-1076,9,5,1/220.9,1/343.7,1/618.6,6.175819532050587
2023-02-25,アイムジャグラーEX-TP,117,1219,-816,2,2,1/304.8,1/609.5,1/609.5,6.199531541222868
2023-02-25,アイムジャグラーEX-TP,118,6009,1700,28,21,1/122.6,1/214.6,1/286.1,6.118034945820571
2023-02-25,アイムジャグラーEX-TP,119,2223,-495,7,5,1/185.2,1/317.6,1/444.6,6.152663779592153
2023-02-25,アイムジャグラーEX-TP,120,5677,-680,20,9,1/195.8,1/283.9,1/630.8,5.829273267263923
2023-02-25,アイムジャグラーEX-TP,121,6168,-2536,14,14,1/220.3,1/440.6,1/440.6,6.011931930427054
2023-02-25,アイムジャグラーEX-TP,122,5172,-598,16,16,1/161.6,1/323.2,1/323.2,5.966713215951364
2023-02-25,アイムジャグラーEX-TP,123,2806,-1100,5,9,1/200.4,1/561.2,1/311.8,5.784127060822012
2023-02-25,アイムジャグラーEX-TP,124,5985,-424,19,23,1/142.5,1/315.0,1/260.2,6.183254300977676
2023-02-25,アイムジャグラーEX-TP,125,2154,-461,6,8,1/153.9,1/359.0,1/269.2,6.345789680496855
2023-02-25,アイムジャグラーEX-TP,126,5373,869,23,16,1/137.8,1/233.6,1/335.8,6.010980393139597
2023-02-25,アイムジャグラーEX-TP,127,3000,414,14,7,1/142.9,1/214.3,1/428.6,6.2914349976800334
2023-02-25,アイムジャグラーEX-TP,128,4708,-1754,10,16,1/181.1,1/470.8,1/294.2,6.161466382932099
2023-02-25,アイムジャグラーEX-TP,129,2062,-707,6,4,1/206.2,1/343.7,1/515.5,6.30124382641595
2023-02-25,アイムジャグラーEX-TP,130,3179,-478,9,10,1/167.3,1/353.2,1/317.9,5.8521149744172
2023-02-25,アイムジャグラーEX-TP,131,3479,-668,13,6,1/183.1,1/267.6,1/579.8,6.487229416197274
2023-02-25,アイムジャグラーEX-TP,132,4383,-742,16,7,1/190.6,1/273.9,1/626.1,6.202859664071631
2023-02-25,アイムジャグラーEX-TP,154,2521,-50,8,10,1/140.1,1/315.1,1/252.1,5.9998904264358455
2023-02-25,アイムジャグラーEX-TP,155,3064,-503,9,9,1/170.2,1/340.4,1/340.4,5.941910532901333
2023-02-25,アイムジャグラーEX-TP,156,5580,581,21,24,1/124.0,1/265.7,1/232.5,6.263702199350853
2023-02-25,アイムジャグラーEX-TP,157,4209,-145,16,5,1/200.4,1/263.1,1/841.8,5.6115801789815425
2023-02-25,アイムジャグラーEX-TP,158,4920,-501,17,17,1/144.7,1/289.4,1/289.4,6.5081147063153715
2023-02-25,アイムジャグラーEX-TP,159,3066,-33,12,9,1/146.0,1/255.5,1/340.7,6.376574934457608
2023-02-25,アイムジャグラーEX-TP,160,743,-611,1,1,1/371.5,1/743.0,1/743.0,6.453561888442495
2023-02-25,アイムジャグラーEX-TP,161,4912,398,20,13,1/148.8,1/245.6,1/377.8,5.995857853395245
2023-02-25,アイムジャグラーEX-TP,162,4400,-850,14,13,1/163.0,1/314.3,1/338.5,6.3781311278529
2023-02-25,アイムジャグラーEX-TP,163,2641,109,9,11,1/132.1,1/293.4,1/240.1,6.075990510687808
2023-02-25,アイムジャグラーEX-TP,164,4492,-413,14,14,1/160.4,1/320.9,1/320.9,5.897709042012485
2023-02-25,アイムジャグラーEX-TP,165,4262,2990,29,11,1/106.5,1/147.0,1/387.5,6.277224626609707
2023-02-25,アイムジャグラーEX-TP,166,5894,1095,24,20,1/134.0,1/245.6,1/294.7,5.84873221634125
2023-02-25,アイムジャグラーEX-TP,167,3121,-65,12,8,1/156.1,1/260.1,1/390.1,6.166633380150482
2023-02-25,アイムジャグラーEX-TP,168,4533,-233,17,11,1/161.9,1/266.6,1/412.1,6.13720931655723
2023-02-25,アイムジャグラーEX-TP,169,3738,-556,14,6,1/186.9,1/267.0,1/623.0,6.222403275254684
2023-02-25,アイムジャグラーEX-TP,170,4662,-784,15,12,1/172.7,1/310.8,1/388.5,6.122853197581281
2023-02-25,アイムジャグラーEX-TP,171,3023,-766,7,10,1/177.8,1/431.9,1/302.3,5.805282007752654
2023-02-25,アイムジャグラーEX-TP,172,6210,1009,25,25,1/124.2,1/248.4,1/248.4,6.173447633904415
2023-02-25,アイムジャグラーEX-TP,173,2476,-577,8,6,1/176.9,1/309.5,1/412.7,6.386339382764941
2023-02-25,アイムジャグラーEX-TP,174,3448,-233,13,7,1/172.4,1/265.2,1/492.6,6.060223435235545
2023-02-25,アイムジャグラーEX-TP,175,4687,340,19,13,1/146.5,1/246.7,1/360.5,6.069046402734927
2023-02-25,アイムジャグラーEX-TP,176,3980,-583,11,17,1/142.1,1/361.8,1/234.1,6.247162877662971
2023-02-25,アイムジャグラーEX-TP,177,2836,-506,9,7,1/177.2,1/315.1,1/405.1,6.072292310045593
2023-02-25,アイムジャグラーEX-TP,178,5389,361,24,12,1/149.7,1/224.5,1/449.1,6.327794354691556
2023-02-25,マイジャグラーV,73,2775,-927,8,6,1/198.2,1/346.9,1/462.5,6.150060222802552
2023-02-25,マイジャグラーV,74,5562,1547,29,14,1/129.3,1/191.8,1/397.3,6.053829894612557
2023-02-25,マイジャグラーV,75,4589,-1995,13,6,1/241.5,1/353.0,1/764.8,6.184790144462105
2023-02-25,マイジャグラーV,76,6801,-55,24,25,1/138.8,1/283.4,1/272.0,6.023991982988736
2023-02-25,マイジャグラーV,77,3413,-958,12,6,1/189.6,1/284.4,1/568.8,6.445400867379955
2023-02-25,ファンキージャグラー2,78,2666,-750,6,8,1/190.4,1/444.3,1/333.2,5.621486603819247
2023-02-25,ファンキージャグラー2,79,4182,-2123,9,7,1/261.4,1/464.7,1/597.4,5.940316228089535
2023-02-25,ファンキージャグラー2,80,1875,-199,8,2,1/187.5,1/234.4,1/937.5,6.153057300346109
2023-02-25,ファンキージャグラー2,81,5724,1056,27,13,1/143.1,1/212.0,1/440.3,5.846574307339519
2023-02-25,ファンキージャグラー2,82,1130,-630,2,3,1/226.0,1/565.0,1/376.7,6.178319702073767
2023-02-25,ファンキージャグラー2,83,2463,-500,9,4,1/189.5,1/273.7,1/615.8,6.169186560002524
2023-02-25,ファンキージャグラー2,84,7386,1288,33,24,1/129.6,1/223.8,1/307.8,6.039415526690531
2023-02-25,ハッピージャグラーVIII,150,3300,-1007,10,6,1/206.2,1/330.0,1/550.0,6.275568782848681
2023-02-25,ハッピージャグラーVIII,151,4285,-934,14,11,1/171.4,1/306.1,1/389.5,6.485563425281835
2023-02-25,ハッピージャグラーVIII,152,6140,366,26,17,1/142.8,1/236.2,1/361.2,6.349582248677665
2023-02-25,ハッピージャグラーVIII,153,4318,-697,12,16,1/154.2,1/359.8,1/269.9,6.162699916226243
2023-02-24,アイムジャグラーEX-TP,109,4116,1,15,10,1/164.6,1/274.4,1/411.6,5.790744850594914
2023-02-24,アイムジャグラーEX-TP,110,5379,855,21,19,1/134.5,1/256.1,1/283.1,5.839730438303525
2023-02-24,アイムジャグラーEX-TP,111,2571,335,12,6,1/142.8,1/214.2,1/428.5,6.330932077200239
2023-02-24,アイムジャグラーEX-TP,112,3308,38,12,11,1/143.8,1/275.7,1/300.7,6.0991959736751475
2023-02-24,アイムジャグラーEX-TP,113,845,-111,3,2,1/169.0,1/281.7,1/422.5,6.252425589661078
2023-02-24,アイムジャグラーEX-TP,114,3830,446,15,15,1/127.7,1/255.3,1/255.3,6.212533193662178
2023-02-24,アイムジャグラーEX-TP,115,3376,10,13,11,1/140.7,1/259.7,1/306.9,6.3824432597769345
2023-02-24,アイムジャグラーEX-TP,116,3966,-119,13,16,1/136.8,1/305.1,1/247.9,6.1992153006387305
2023-02-24,アイムジャグラーEX-TP,117,1501,-352,4,3,1/214.4,1/375.2,1/500.3,5.5792559324384445
2023-02-24,アイムジャグラーEX-TP,118,4546,-986,12,17,1/156.8,1/378.8,1/267.4,6.191886452189218
2023-02-24,アイムジャグラーEX-TP,119,4721,1304,22,16,1/124.2,1/214.6,1/295.1,6.102736893289903
2023-02-24,アイムジャグラーEX-TP,120,3236,-2490,3,7,1/323.6,1/1078.7,1/462.3,6.061140272804507
2023-02-24,アイムジャグラーEX-TP,121,2039,553,12,2,1/145.6,1/169.9,1/1019.5,6.5176449814804895
2023-02-24,アイムジャグラーEX-TP,122,2425,-1565,4,4,1/303.1,1/606.2,1/606.2,6.100291304632197
2023-02-24,アイムジャグラーEX-TP,123,1303,-439,4,1,1/260.6,1/325.8,1/1303.0,5.939090276314466
2023-02-24,アイムジャグラーEX-TP,124,1443,-1277,1,3,1/360.8,1/1443.0,1/481.0,6.293183318031405
2023-02-24,アイムジャグラーEX-TP,125,2760,-416,10,4,1/197.1,1/276.0,1/690.0,6.018541031512514
2023-02-24,アイムジャグラーEX-TP,126,2051,1012,11,8,1/107.9,1/186.5,1/256.4,6.141099347806866
2023-02-24,アイムジャグラーEX-TP,127,6176,-1321,16,24,1/154.4,1/386.0,1/257.3,6.185352004817203
2023-02-24,アイムジャグラーEX-TP,128,4362,1104,18,20,1/114.8,1/242.3,1/218.1,6.116705564258514
2023-02-24,アイムジャグラーEX-TP,129,3024,-697,8,8,1/189.0,1/378.0,1/378.0,5.792216196155087
2023-02-24,アイムジャグラーEX-TP,130,1181,-188,5,1,1/196.8,1/236.2,1/1181.0,6.53187227352406
2023-02-24,アイムジャグラーEX-TP,131,5486,1804,27,17,1/124.7,1/203.2,1/322.7,6.035731796283511
2023-02-24,アイムジャグラーEX-TP,132,7081,1537,29,29,1/122.1,1/244.2,1/244.2,6.031815514115716
2023-02-24,アイムジャグラーEX-TP,154,2821,1167,13,11,1/117.5,1/217.0,1/256.5,5.662681926453626
2023-02-24,アイムジャグラーEX-TP,155,196,-196,0,0,1/0.0,1/0.0,1/0.0,5.234505862646566
2023-02-24,アイムジャグラーEX-TP,156,3801,1632,20,13,1/115.2,1/190.1,1/292.4,6.1073800819295165
2023-02-24,アイムジャグラーEX-TP,157,5151,1054,24,13,1/139.2,1/214.6,1/396.2,6.051877739286823
2023-02-24,アイムジャグラーEX-TP,158,1871,-1226,3,5,1/233.9,1/623.7,1/374.2,6.580825409259809
2023-02-24,アイムジャグラーEX-TP,159,4087,119,18,8,1/157.2,1/227.1,1/510.9,6.326938991619987
2023-02-24,アイムジャグラーEX-TP,160,1258,-580,3,2,1/251.6,1/419.3,1/629.0,6.07591307619084
2023-02-24,アイムジャグラーEX-TP,161,2046,-1002,3,9,1/170.5,1/682.0,1/227.3,6.393893063357293
2023-02-24,アイムジャグラーEX-TP,162,3606,350,15,10,1/144.2,1/240.4,1/360.6,6.078545836525651
2023-02-24,アイムジャグラーEX-TP,163,4265,1362,19,20,1/109.4,1/224.5,1/213.2,6.241613974541972
2023-02-24,アイムジャグラーEX-TP,164,3322,-442,10,12,1/151.0,1/332.2,1/276.8,6.178196367629687
2023-02-24,アイムジャグラーEX-TP,165,2842,-703,7,9,1/177.6,1/406.0,1/315.8,5.880275602434442
2023-02-24,アイムジャグラーEX-TP,166,901,-631,1,1,1/450.5,1/901.0,1/901.0,5.5424141082673986
2023-02-24,アイムジャグラーEX-TP,167,1840,-468,6,4,1/184.0,1/306.7,1/460.0,6.412242364639828
2023-02-24,アイムジャグラーEX-TP,168,6593,1706,32,19,1/129.3,1/206.0,1/347.0,6.1866429187659815
2023-02-24,アイムジャグラーEX-TP,169,4206,-40,16,13,1/145.0,1/262.9,1/323.5,6.306007893844489
2023-02-24,アイムジャグラーEX-TP,170,5546,1742,27,20,1/118.0,1/205.4,1/277.3,6.270818231762905
2023-02-24,アイムジャグラーEX-TP,171,3220,560,13,13,1/123.8,1/247.7,1/247.7,6.138170211459965
2023-02-24,アイムジャグラーEX-TP,172,871,-7,3,3,1/145.2,1/290.3,1/290.3,6.029419969798906
2023-02-24,アイムジャグラーEX-TP,173,5172,-109,17,19,1/143.7,1/304.2,1/272.2,6.008302330710157
2023-02-24,アイムジャグラーEX-TP,174,1306,628,7,6,1/100.5,1/186.6,1/217.7,6.531077954416376
2023-02-24,アイムジャグラーEX-TP,175,4370,-899,12,15,1/161.9,1/364.2,1/291.3,6.126874962188979
2023-02-24,アイムジャグラーEX-TP,176,1812,-187,6,5,1/164.7,1/302.0,1/362.4,6.013525853332427
2023-02-24,アイムジャグラーEX-TP,177,919,186,4,2,1/153.2,1/229.8,1/459.5,5.595018327185714
2023-02-24,アイムジャグラーEX-TP,178,7655,1158,29,31,1/127.6,1/264.0,1/246.9,5.96108962021279
2023-02-24,マイジャグラーV,73,8339,2598,44,23,1/124.5,1/189.5,1/362.6,6.074479756097363
2023-02-24,マイジャグラーV,74,2520,109,10,6,1/157.5,1/252.0,1/420.0,5.724125108931577
2023-02-24,マイジャグラーV,75,3660,632,14,15,1/126.2,1/261.4,1/244.0,5.723792079499407
2023-02-24,マイジャグラーV,76,4023,1286,19,15,1/118.3,1/211.7,1/268.2,5.860349968832475
2023-02-24,マイジャグラーV,77,6184,1117,29,15,1/140.5,1/213.2,1/412.3,5.890367029588779
2023-02-24,ファンキージャグラー2,78,1009,348,6,0,1/168.2,1/168.2,1/0.0,5.513818255615615
2023-02-24,ファンキージャグラー2,79,762,-410,1,2,1/254.0,1/762.0,1/381.0,5.607479730377362
2023-02-24,ファンキージャグラー2,80,3406,878,15,13,1/121.6,1/227.1,1/262.0,5.842505954754629
2023-02-24,ファンキージャグラー2,81,1149,395,7,1,1/143.6,1/164.1,1/1149.0,6.0059734345445275
2023-02-24,ファンキージャグラー2,82,1974,692,11,2,1/151.8,1/179.5,1/987.0,5.518969395371601
2023-02-24,ファンキージャグラー2,83,1854,-369,6,2,1/231.8,1/309.0,1/927.0,5.507183287391869
2023-02-24,ファンキージャグラー2,84,2475,68,11,1,1/206.2,1/225.0,1/2475.0,5.500714328874652
2023-02-24,ハッピージャグラーVIII,150,2295,1053,14,7,1/109.3,1/163.9,1/327.9,6.751021340177016
2023-02-24,ハッピージャグラーVIII,151,6276,109,22,22,1/142.6,1/285.3,1/285.3,6.0516627439980315
2023-02-24,ハッピージャグラーVIII,152,452,-479,0,1,1/452.0,1/0.0,1/452.0,6.617915664035361
2023-02-24,ハッピージャグラーVIII,153,5321,478,22,15,1/143.8,1/241.9,1/354.7,6.110143080092869
2023-02-23,アイムジャグラーEX-TP,109,4518,-1497,11,15,1/173.8,1/410.7,1/301.2,6.3040580301518165
2023-02-23,アイムジャグラーEX-TP,110,3726,65,14,9,1/162.0,1/266.1,1/414.0,5.8323888834041755
2023-02-23,アイムジャグラーEX-TP,111,5689,1724,25,26,1/111.5,1/227.6,1/218.8,6.192224701325296
2023-02-23,アイムジャグラーEX-TP,112,3400,-583,12,7,1/178.9,1/283.3,1/485.7,6.279524732323714
2023-02-23,アイムジャグラーEX-TP,113,5240,2626,31,11,1/124.8,1/169.0,1/476.4,5.956324906611305
2023-02-23,アイムジャグラーEX-TP,114,1814,-604,5,4,1/201.6,1/362.8,1/453.5,6.188162931259778
2023-02-23,アイムジャグラーEX-TP,115,4719,-668,16,10,1/181.5,1/294.9,1/471.9,6.001295180984133
2023-02-23,アイムジャグラーEX-TP,116,4227,1318,21,13,1/124.3,1/201.3,1/325.2,6.158767878093055
2023-02-23,アイムジャグラーEX-TP,117,3061,-22,13,5,1/170.1,1/235.5,1/612.2,6.160987468016102
2023-02-23,アイムジャグラーEX-TP,118,2398,-1588,4,4,1/299.8,1/599.5,1/599.5,6.210602300999663
2023-02-23,アイムジャグラーEX-TP,119,3734,-1485,8,12,1/186.7,1/466.8,1/311.2,6.219773964019524
2023-02-23,アイムジャグラーEX-TP,120,5561,-298,22,15,1/150.3,1/252.8,1/370.7,6.536837465339097
2023-02-23,アイムジャグラーEX-TP,121,5649,-311,20,17,1/152.7,1/282.4,1/332.3,6.167678914631757
2023-02-23,アイムジャグラーEX-TP,122,2781,-1193,7,5,1/231.8,1/397.3,1/556.2,6.174412294083017
2023-02-23,アイムジャグラーEX-TP,123,1435,-435,6,1,1/205.0,1/239.2,1/1435.0,7.218358877185534
2023-02-23,アイムジャグラーEX-TP,124,5052,634,25,12,1/136.5,1/202.1,1/421.0,6.755339817327427
2023-02-23,アイムジャグラーEX-TP,125,1974,-480,6,4,1/197.4,1/329.0,1/493.5,6.021956161989522
2023-02-23,アイムジャグラーEX-TP,126,5612,1701,26,22,1/116.9,1/215.8,1/255.1,6.1823769472339185
2023-02-23,アイムジャグラーEX-TP,127,1172,-917,2,1,1/390.7,1/586.0,1/1172.0,6.473166488019424
2023-02-23,アイムジャグラーEX-TP,128,2200,16,8,6,1/157.1,1/275.0,1/366.7,5.8729232876090665
2023-02-23,アイムジャグラーEX-TP,129,5969,-267,23,16,1/153.1,1/259.5,1/373.1,6.348487101494037
2023-02-23,アイムジャグラーEX-TP,130,3777,-670,13,8,1/179.9,1/290.5,1/472.1,6.2285432087169
2023-02-23,アイムジャグラーEX-TP,131,1562,-608,5,1,1/260.3,1/312.4,1/1562.0,6.280230646094208
2023-02-23,アイムジャグラーEX-TP,132,4846,-766,17,12,1/167.1,1/285.1,1/403.8,6.384728593501076
2023-02-23,アイムジャグラーEX-TP,154,891,-508,2,2,1/222.8,1/445.5,1/445.5,6.777384741863032
2023-02-23,アイムジャグラーEX-TP,155,3870,-402,13,13,1/148.8,1/297.7,1/297.7,6.346735441007093
2023-02-23,アイムジャグラーEX-TP,156,2393,-788,7,3,1/239.3,1/341.9,1/797.7,5.949462338163064
2023-02-23,アイムジャグラーEX-TP,157,6225,1087,26,23,1/127.0,1/239.4,1/270.7,6.146219297598211
2023-02-23,アイムジャグラーEX-TP,158,3423,-111,12,5,1/201.4,1/285.2,1/684.6,5.420224391589312
2023-02-23,アイムジャグラーEX-TP,159,4290,-2155,5,20,1/171.6,1/858.0,1/214.5,6.2058758071164615
2023-02-23,アイムジャグラーEX-TP,160,6209,2184,31,21,1/119.4,1/200.3,1/295.7,6.137392828409527
2023-02-23,アイムジャグラーEX-TP,161,5285,1518,23,23,1/114.9,1/229.8,1/229.8,6.118074319611675
2023-02-23,アイムジャグラーEX-TP,162,6516,-126,24,19,1/151.5,1/271.5,1/342.9,6.126375448149865
2023-02-23,アイムジャグラーEX-TP,163,928,-685,1,1,1/464.0,1/928.0,1/928.0,5.646567927177771
2023-02-23,アイムジャグラーEX-TP,164,2320,-993,6,6,1/193.3,1/386.7,1/386.7,6.643513639820762
2023-02-23,アイムジャグラーEX-TP,165,6856,1045,27,27,1/127.0,1/253.9,1/253.9,6.0782419029280295
2023-02-23,アイムジャグラーEX-TP,166,1509,-957,3,3,1/251.5,1/503.0,1/503.0,6.637580954075066
2023-02-23,アイムジャグラーEX-TP,167,3019,-1260,5,10,1/201.3,1/603.8,1/301.9,5.7998465835877875
2023-02-23,アイムジャグラーEX-TP,168,5838,-1279,17,17,1/171.7,1/343.4,1/343.4,6.152685109559846
2023-02-23,アイムジャグラーEX-TP,169,4081,-994,10,16,1/157.0,1/408.1,1/255.1,6.174476327699264
2023-02-23,アイムジャグラーEX-TP,170,3259,-923,10,8,1/181.1,1/325.9,1/407.4,6.449801603786015
2023-02-23,アイムジャグラーEX-TP,171,5679,-101,20,16,1/157.8,1/283.9,1/354.9,5.893884180308395
2023-02-23,アイムジャグラーEX-TP,172,3612,654,17,7,1/150.5,1/212.5,1/516.0,5.960037257163133
2023-02-23,アイムジャグラーEX-TP,173,2785,-764,7,9,1/174.1,1/397.9,1/309.4,6.085151923410552
2023-02-23,アイムジャグラーEX-TP,174,4066,-981,13,10,1/176.8,1/312.8,1/406.6,6.4026465700198765
2023-02-23,アイムジャグラーEX-TP,175,4201,-1301,11,13,1/175.0,1/381.9,1/323.2,6.319107814779414
2023-02-23,アイムジャグラーEX-TP,176,1532,95,6,3,1/170.2,1/255.3,1/510.7,5.634589583225371
2023-02-23,アイムジャグラーEX-TP,177,5543,1966,28,20,1/115.5,1/198.0,1/277.1,6.298436201579592
2023-02-23,アイムジャグラーEX-TP,178,5718,-696,18,18,1/158.8,1/317.7,1/317.7,6.079798342084287
2023-02-23,マイジャグラーV,73,6883,25,25,19,1/156.4,1/275.3,1/362.3,5.70514559881457
2023-02-23,マイジャグラーV,74,3083,232,14,7,1/146.8,1/220.2,1/440.4,6.139333818905915
2023-02-23,マイジャグラーV,75,3156,-255,11,6,1/185.6,1/286.9,1/526.0,5.575845289798067
2023-02-23,マイジャグラーV,76,6321,513,28,13,1/154.2,1/225.8,1/486.2,5.899736587751612
2023-02-23,マイジャグラーV,77,8254,1216,29,37,1/125.1,1/284.6,1/223.1,5.6726111866885605
2023-02-23,ファンキージャグラー2,78,944,-460,2,2,1/236.0,1/472.0,1/472.0,6.002736841034301
2023-02-23,ファンキージャグラー2,79,4460,662,18,13,1/143.9,1/247.8,1/343.1,5.579139023763254
2023-02-23,ファンキージャグラー2,80,1540,-959,3,2,1/308.0,1/513.3,1/770.0,6.07810363166692
2023-02-23,ファンキージャグラー2,81,3488,2076,22,8,1/116.3,1/158.5,1/436.0,5.729061700253455
2023-02-23,ファンキージャグラー2,82,985,-948,1,1,1/492.5,1/985.0,1/985.0,6.5217238372730595
2023-02-23,ファンキージャグラー2,83,2604,-509,9,7,1/162.8,1/289.3,1/372.0,6.398555558026409
2023-02-23,ファンキージャグラー2,84,6984,92,24,24,1/145.5,1/291.0,1/291.0,5.745523177024225
2023-02-23,ハッピージャグラーVIII,150,5196,-791,17,15,1/162.4,1/305.6,1/346.4,6.311341155744308
2023-02-23,ハッピージャグラーVIII,151,2920,370,11,13,1/121.7,1/265.5,1/224.6,6.259921815291575
2023-02-23,ハッピージャグラーVIII,152,4690,-781,16,11,1/173.7,1/293.1,1/426.4,6.29138889620164
2023-02-23,ハッピージャグラーVIII,153,3194,-38,14,5,1/168.1,1/228.1,1/638.8,6.309481343941255
2023-02-22,アイムジャグラーEX-TP,109,6670,407,24,25,1/136.1,1/277.9,1/266.8,6.022815091765985
2023-02-22,アイムジャグラーEX-TP,110,2210,266,10,3,1/170.0,1/221.0,1/736.7,5.786595338805812
2023-02-22,アイムジャグラーEX-TP,111,4567,839,20,13,1/138.4,1/228.3,1/351.3,5.967411712457308
2023-02-22,アイムジャグラーEX-TP,112,3573,1003,18,9,1/132.3,1/198.5,1/397.0,6.137939549180452
2023-02-22,アイムジャグラーEX-TP,113,6588,1945,28,30,1/113.6,1/235.3,1/219.6,6.051620543697505
2023-02-22,アイムジャグラーEX-TP,114,2238,-758,5,7,1/186.5,1/447.6,1/319.7,6.013340264885758
2023-02-22,アイムジャグラーEX-TP,115,5865,-174,19,20,1/150.4,1/308.7,1/293.2,5.882760937685011
2023-02-22,アイムジャグラーEX-TP,116,2198,-419,9,3,1/183.2,1/244.2,1/732.7,6.785921047691872
2023-02-22,アイムジャグラーEX-TP,117,3324,430,14,9,1/144.5,1/237.4,1/369.3,5.963153202752357
2023-02-22,アイムジャグラーEX-TP,118,2411,-1293,5,5,1/241.1,1/482.2,1/482.2,6.282164172465965
2023-02-22,アイムジャグラーEX-TP,119,1909,-36,8,3,1/173.5,1/238.6,1/636.3,6.121501184489636
2023-02-22,アイムジャグラーEX-TP,120,4030,-237,13,13,1/155.0,1/310.0,1/310.0,5.91817035431337
2023-02-22,アイムジャグラーEX-TP,121,2806,-1204,6,7,1/215.8,1/467.7,1/400.9,6.040553208759731
2023-02-22,アイムジャグラーEX-TP,122,2763,-524,8,7,1/184.2,1/345.4,1/394.7,5.839897158629002
2023-02-22,アイムジャグラーEX-TP,123,5520,1844,27,18,1/122.7,1/204.4,1/306.7,6.047594900540893
2023-02-22,アイムジャグラーEX-TP,124,1467,-26,7,0,1/209.6,1/209.6,1/0.0,6.098855589451483
2023-02-22,アイムジャグラーEX-TP,125,4007,70,15,11,1/154.1,1/267.1,1/364.3,5.953408774477656
2023-02-22,アイムジャグラーEX-TP,126,4234,675,17,14,1/136.6,1/249.1,1/302.4,5.865122057082543
2023-02-22,アイムジャグラーEX-TP,127,1427,1222,9,6,1/95.1,1/158.6,1/237.8,5.7161093299842625
2023-02-22,アイムジャグラーEX-TP,128,4801,775,21,12,1/145.5,1/228.6,1/400.1,5.9141873223549535
2023-02-22,アイムジャグラーEX-TP,129,5304,2340,26,22,1/110.5,1/204.0,1/241.1,5.957701933746041
2023-02-22,アイムジャグラーEX-TP,130,3074,-1388,7,7,1/219.6,1/439.1,1/439.1,6.212366829711992
2023-02-22,アイムジャグラーEX-TP,131,4614,-463,18,7,1/184.6,1/256.3,1/659.1,6.138272286015924
2023-02-22,アイムジャグラーEX-TP,132,3435,-514,12,8,1/171.8,1/286.2,1/429.4,6.254296984245363
2023-02-22,アイムジャグラーEX-TP,154,1231,-314,4,4,1/153.9,1/307.8,1/307.8,6.972717021427482
2023-02-22,アイムジャグラーEX-TP,155,4872,-213,17,15,1/152.2,1/286.6,1/324.8,6.085269615664263
2023-02-22,アイムジャグラーEX-TP,156,7607,2539,31,42,1/104.2,1/245.4,1/181.1,6.096158400041069
2023-02-22,アイムジャグラーEX-TP,157,5416,3087,31,22,1/102.2,1/174.7,1/246.2,6.282943181625582
2023-02-22,アイムジャグラーEX-TP,158,6248,1231,27,21,1/130.2,1/231.4,1/297.5,6.063117832968712
2023-02-22,アイムジャグラーEX-TP,159,2597,618,12,9,1/123.7,1/216.4,1/288.6,6.273331290857124
2023-02-22,アイムジャグラーEX-TP,160,5230,1854,25,19,1/118.9,1/209.2,1/275.3,5.989023711266303
2023-02-22,アイムジャグラーEX-TP,161,1919,188,7,7,1/137.1,1/274.1,1/274.1,5.872214133180102
2023-02-22,アイムジャグラーEX-TP,162,5127,-1995,10,18,1/183.1,1/512.7,1/284.8,6.084831018296649
2023-02-22,アイムジャグラーEX-TP,163,4166,1152,20,11,1/134.4,1/208.3,1/378.7,5.9384582151705825
2023-02-22,アイムジャグラーEX-TP,164,4400,1364,21,17,1/115.8,1/209.5,1/258.8,6.293459736518587
2023-02-22,アイムジャグラーEX-TP,165,1763,-1146,3,4,1/251.9,1/587.7,1/440.8,6.479598251677224
2023-02-22,アイムジャグラーEX-TP,166,4337,1144,20,14,1/127.6,1/216.8,1/309.8,6.033222537381704
2023-02-22,アイムジャグラーEX-TP,167,6490,1850,31,20,1/127.3,1/209.4,1/324.5,6.0618466206162465
2023-02-22,アイムジャグラーEX-TP,168,5375,912,20,26,1/116.8,1/268.8,1/206.7,6.142664087700101
2023-02-22,アイムジャグラーEX-TP,169,4384,1624,23,15,1/115.4,1/190.6,1/292.3,6.375968092002893
2023-02-22,アイムジャグラーEX-TP,170,5344,-555,17,20,1/144.4,1/314.4,1/267.2,6.305519083746721
2023-02-22,アイムジャグラーEX-TP,171,2062,38,8,6,1/147.3,1/257.8,1/343.7,6.178518185188827
2023-02-22,アイムジャグラーEX-TP,172,3503,416,17,8,1/140.1,1/206.1,1/437.9,6.610283695524861
2023-02-22,アイムジャグラーEX-TP,173,2704,-475,8,7,1/180.3,1/338.0,1/386.3,5.870560098545515
2023-02-22,アイムジャグラーEX-TP,174,5177,636,22,16,1/136.2,1/235.3,1/323.6,6.205934062124408
2023-02-22,アイムジャグラーEX-TP,175,2242,-1330,4,7,1/203.8,1/560.5,1/320.3,6.725806364034779
2023-02-22,アイムジャグラーEX-TP,176,6829,2045,31,24,1/124.2,1/220.3,1/284.5,5.915020445624596
2023-02-22,アイムジャグラーEX-TP,177,1915,872,10,5,1/127.7,1/191.5,1/383.0,5.62205383461503
2023-02-22,アイムジャグラーEX-TP,178,5968,729,27,16,1/138.8,1/221.0,1/373.0,6.357166875321567
2023-02-22,マイジャグラーV,73,6528,-1819,19,13,1/204.0,1/343.6,1/502.2,5.857138155641029
2023-02-22,マイジャグラーV,74,2255,-248,9,2,1/205.0,1/250.6,1/1127.5,5.792085048356927
2023-02-22,マイジャグラーV,75,3942,-716,15,3,1/219.0,1/262.8,1/1314.0,5.85643134604663
2023-02-22,マイジャグラーV,76,4077,-533,12,12,1/169.9,1/339.8,1/339.8,5.652714905155647
2023-02-22,マイジャグラーV,77,5581,-733,20,16,1/155.0,1/279.1,1/348.8,6.30542390182978
2023-02-22,ファンキージャグラー2,78,3252,-245,11,10,1/154.9,1/295.6,1/325.2,5.920690062616941
2023-02-22,ファンキージャグラー2,79,1039,-400,3,1,1/259.8,1/346.3,1/1039.0,5.877032152499085
2023-02-22,ファンキージャグラー2,80,3105,-521,10,6,1/194.1,1/310.5,1/517.5,5.6886188805123235
2023-02-22,ファンキージャグラー2,81,3289,-485,11,6,1/193.5,1/299.0,1/548.2,5.684601860635522
2023-02-22,ファンキージャグラー2,82,665,-637,0,1,1/665.0,1/0.0,1/665.0,5.603919794424626
2023-02-22,ファンキージャグラー2,83,5026,-903,18,11,1/173.3,1/279.2,1/456.9,6.231869758385784
2023-02-22,ファンキージャグラー2,84,3282,1119,20,4,1/136.8,1/164.1,1/820.5,6.174695628848866
2023-02-22,ハッピージャグラーVIII,150,2441,-534,8,4,1/203.4,1/305.1,1/610.2,6.064573107376018
2023-02-22,ハッピージャグラーVIII,151,2509,-1621,2,7,1/278.8,1/1254.5,1/358.4,5.813298975631961
2023-02-22,ハッピージャグラーVIII,152,4067,494,17,13,1/135.6,1/239.2,1/312.8,6.182753693523583
2023-02-22,ハッピージャグラーVIII,153,1501,-149,6,3,1/166.8,1/250.2,1/500.3,6.495620027433283
2023-02-21,アイムジャグラーEX-TP,109,5040,444,23,11,1/148.2,1/219.1,1/458.2,6.339390595891396
2023-02-21,アイムジャグラーEX-TP,110,1882,-587,5,4,1/209.1,1/376.4,1/470.5,5.941481208739735
2023-02-21,アイムジャグラーEX-TP,111,5003,-469,15,17,1/156.3,1/333.5,1/294.3,5.892654607568284
2023-02-21,アイムジャグラーEX-TP,112,2143,-829,4,9,1/164.8,1/535.8,1/238.1,6.286900888489008
2023-02-21,アイムジャグラーEX-TP,113,6166,508,26,19,1/137.0,1/237.2,1/324.5,6.3604950990404685
2023-02-21,アイムジャグラーEX-TP,114,4356,128,15,15,1/145.2,1/290.4,1/290.4,5.862854902928162
2023-02-21,アイムジャグラーEX-TP,115,3312,424,13,9,1/150.5,1/254.8,1/368.0,5.668447378375606
2023-02-21,アイムジャグラーEX-TP,116,3723,-538,10,12,1/169.2,1/372.3,1/310.2,5.7063643757818285
2023-02-21,アイムジャグラーEX-TP,117,1726,-138,6,4,1/172.6,1/287.7,1/431.5,5.907468237774843
2023-02-21,アイムジャグラーEX-TP,118,5722,163,19,23,1/136.2,1/301.2,1/248.8,5.971654698762373
2023-02-21,アイムジャグラーEX-TP,119,2405,-983,3,8,1/218.6,1/801.7,1/300.6,5.371511490846822
2023-02-21,アイムジャグラーEX-TP,120,4576,-126,19,5,1/190.7,1/240.8,1/915.2,5.910624740635173
2023-02-21,アイムジャグラーEX-TP,121,6016,2119,28,29,1/105.5,1/214.9,1/207.4,6.38969905738875
2023-02-21,アイムジャグラーEX-TP,122,879,-910,1,0,1/879.0,1/879.0,1/0.0,6.626814806762005
2023-02-21,アイムジャグラーEX-TP,123,4485,-246,15,15,1/149.5,1/299.0,1/299.0,6.0854659940496765
2023-02-21,アイムジャグラーEX-TP,124,4907,-55,19,15,1/144.3,1/258.3,1/327.1,6.384162551525084
2023-02-21,アイムジャグラーEX-TP,125,1328,-627,4,0,1/332.0,1/332.0,1/0.0,6.156667151287856
2023-02-21,アイムジャグラーEX-TP,126,1642,-328,6,2,1/205.2,1/273.7,1/821.0,6.180188708787702
2023-02-21,アイムジャグラーEX-TP,127,4535,1812,25,10,1/129.6,1/181.4,1/453.5,6.002467298630955
2023-02-21,アイムジャグラーEX-TP,128,1734,-158,5,5,1/173.4,1/346.8,1/346.8,5.563026037207598
2023-02-21,アイムジャグラーEX-TP,129,2823,-980,7,8,1/188.2,1/403.3,1/352.9,6.210030080699374
2023-02-21,アイムジャグラーEX-TP,130,1903,-662,5,2,1/271.9,1/380.6,1/951.5,5.633004516438235
2023-02-21,アイムジャグラーEX-TP,131,4196,-819,11,16,1/155.4,1/381.5,1/262.2,6.100964654695214
2023-02-21,アイムジャグラーEX-TP,132,7969,432,30,30,1/132.8,1/265.6,1/265.6,6.259289181013836
2023-02-21,アイムジャグラーEX-TP,154,2830,-621,8,9,1/166.5,1/353.8,1/314.4,6.17415996244889
2023-02-21,アイムジャグラーEX-TP,155,5494,1685,23,23,1/119.4,1/238.9,1/238.9,5.778527408657774
2023-02-21,アイムジャグラーEX-TP,156,1076,-963,1,0,1/1076.0,1/1076.0,1/0.0,5.714959794248701
2023-02-21,アイムジャグラーEX-TP,157,5752,116,23,13,1/159.8,1/250.1,1/442.5,6.021541793582804
2023-02-21,アイムジャグラーEX-TP,158,2354,-695,5,8,1/181.1,1/470.8,1/294.2,5.815189953031595
2023-02-21,アイムジャグラーEX-TP,159,3385,565,17,2,1/178.2,1/199.1,1/1692.5,5.8091477860067835
2023-02-21,アイムジャグラーEX-TP,160,1528,-1116,2,2,1/382.0,1/764.0,1/764.0,5.950523731763474
2023-02-21,アイムジャグラーEX-TP,161,4010,-889,11,15,1/154.2,1/364.5,1/267.3,6.34360274556189
2023-02-21,アイムジャグラーEX-TP,162,1845,-829,4,5,1/205.0,1/461.2,1/369.0,6.268845823937851
2023-02-21,アイムジャグラーEX-TP,163,5046,597,20,18,1/132.8,1/252.3,1/280.3,6.102122834934528
2023-02-21,アイムジャグラーEX-TP,164,2279,1023,11,8,1/119.9,1/207.2,1/284.9,5.593854133834887
2023-02-21,アイムジャグラーEX-TP,165,2144,-914,5,6,1/194.9,1/428.8,1/357.3,6.402465235793329
2023-02-21,アイムジャグラーEX-TP,166,4329,-745,12,16,1/154.6,1/360.8,1/270.6,6.117541933495974
2023-02-21,アイムジャグラーEX-TP,167,1674,-604,5,2,1/239.1,1/334.8,1/837.0,6.138451564958624
2023-02-21,アイムジャグラーEX-TP,168,5985,1571,28,17,1/133.0,1/213.8,1/352.1,5.948753353504095
2023-02-21,アイムジャグラーEX-TP,169,8128,453,32,24,1/145.1,1/254.0,1/338.7,6.0899947171094055
2023-02-21,アイムジャグラーEX-TP,170,3835,-786,12,11,1/166.7,1/319.6,1/348.6,6.329222034637761
2023-02-21,アイムジャグラーEX-TP,171,4491,627,19,13,1/140.3,1/236.4,1/345.5,6.018407885473196
2023-02-21,アイムジャグラーEX-TP,172,2534,-866,8,5,1/194.9,1/316.8,1/506.8,6.6367374427309676
2023-02-21,アイムジャグラーEX-TP,173,4804,568,19,16,1/137.3,1/252.8,1/300.2,5.989745540672472
2023-02-21,アイムジャグラーEX-TP,174,2198,-949,5,7,1/183.2,1/439.6,1/314.0,6.5483725119461615
2023-02-21,アイムジャグラーEX-TP,175,7358,541,27,29,1/131.4,1/272.5,1/253.7,6.132702480115557
2023-02-21,アイムジャグラーEX-TP,176,1569,-235,6,3,1/174.3,1/261.5,1/523.0,6.474494802680796
2023-02-21,アイムジャグラーEX-TP,177,2054,-1267,4,3,1/293.4,1/513.5,1/684.7,6.235061010861239
2023-02-21,アイムジャグラーEX-TP,178,4651,-1035,15,14,1/160.4,1/310.1,1/332.2,6.618324956454026
2023-02-21,マイジャグラーV,73,4804,229,21,8,1/165.7,1/228.8,1/600.5,5.823545492688222
2023-02-21,マイジャグラーV,74,3719,301,15,13,1/132.8,1/247.9,1/286.1,6.090429859988874
2023-02-21,マイジャグラーV,75,3833,6,13,16,1/132.2,1/294.8,1/239.6,6.046609821711595
2023-02-21,マイジャグラーV,76,5452,3304,30,25,1/99.1,1/181.7,1/218.1,5.783311792388612
2023-02-21,マイジャグラーV,77,4013,-260,17,8,1/160.5,1/236.1,1/501.6,6.337441239819861
2023-02-21,ファンキージャグラー2,78,3673,114,17,6,1/159.7,1/216.1,1/612.2,6.169007242684072
2023-02-21,ファンキージャグラー2,79,1241,-454,2,5,1/177.3,1/620.5,1/248.2,5.740829865638097
2023-02-21,ファンキージャグラー2,80,1595,-430,4,6,1/159.5,1/398.8,1/265.8,6.150060018512837
2023-02-21,ファンキージャグラー2,81,2079,103,9,3,1/173.2,1/231.0,1/693.0,5.6936143301343956
2023-02-21,ファンキージャグラー2,82,1691,-119,7,4,1/153.7,1/241.6,1/422.8,6.437975450887904
2023-02-21,ファンキージャグラー2,83,4195,1145,22,10,1/131.1,1/190.7,1/419.5,6.061157184354088
2023-02-21,ファンキージャグラー2,84,1944,-416,6,5,1/176.7,1/324.0,1/388.8,6.009174191400544
2023-02-21,ハッピージャグラーVIII,150,3042,-262,12,5,1/178.9,1/253.5,1/608.4,6.195247123306139
2023-02-21,ハッピージャグラーVIII,151,884,-912,1,1,1/442.0,1/884.0,1/884.0,7.482131544167216
2023-02-21,ハッピージャグラーVIII,152,2557,-489,8,5,1/196.7,1/319.6,1/511.4,5.917222922550998
2023-02-21,ハッピージャグラーVIII,153,3245,-232,10,14,1/135.2,1/324.5,1/231.8,6.3630983435722595
2023-02-20,アイムジャグラーEX-TP,109,3254,-146,12,9,1/155.0,1/271.2,1/361.6,6.184984132018354
2023-02-20,アイムジャグラーEX-TP,110,3157,-1201,7,8,1/210.5,1/451.0,1/394.6,5.92842106654755
2023-02-20,アイムジャグラーEX-TP,111,1240,-971,2,1,1/413.3,1/620.0,1/1240.0,6.333127081089818
2023-02-20,アイムジャグラーEX-TP,112,6702,891,25,24,1/136.8,1/268.1,1/279.2,5.78472320889213
2023-02-20,アイムジャグラーEX-TP,113,4378,-244,17,12,1/151.0,1/257.5,1/364.8,6.473057774761157
2023-02-20,アイムジャグラーEX-TP,114,2257,-458,9,0,1/250.8,1/250.8,1/0.0,6.044520612605335
2023-02-20,アイムジャグラーEX-TP,115,2010,-1007,6,1,1/287.1,1/335.0,1/2010.0,6.50439864003056
2023-02-20,アイムジャグラーEX-TP,116,1238,-829,2,3,1/247.6,1/619.0,1/412.7,6.546756666414773
2023-02-20,アイムジャグラーEX-TP,117,4821,1617,23,20,1/112.1,1/209.6,1/241.1,6.299613128487843
2023-02-20,アイムジャグラーEX-TP,118,4708,1509,22,16,1/123.9,1/214.0,1/294.2,5.921239316898263
2023-02-20,アイムジャグラーEX-TP,119,1364,311,6,5,1/124.0,1/227.3,1/272.8,6.144564576287899
2023-02-20,アイムジャグラーEX-TP,120,6928,3215,36,24,1/115.5,1/192.4,1/288.7,5.89604416286862
2023-02-20,アイムジャグラーEX-TP,121,4385,-856,12,14,1/168.7,1/365.4,1/313.2,5.9637720906074465
2023-02-20,アイムジャグラーEX-TP,122,6486,-15,22,26,1/135.1,1/294.8,1/249.5,6.192119293784498
2023-02-20,アイムジャグラーEX-TP,123,3951,-2040,8,11,1/207.9,1/493.9,1/359.2,6.4616335235238544
2023-02-20,アイムジャグラーEX-TP,124,1007,-717,2,1,1/335.7,1/503.5,1/1007.0,6.542847235302682
2023-02-20,アイムジャグラーEX-TP,125,6838,1651,29,27,1/122.1,1/235.8,1/253.3,6.023573578488609
2023-02-20,アイムジャグラーEX-TP,126,4551,-569,16,12,1/162.5,1/284.4,1/379.2,6.305087777739046
2023-02-20,アイムジャグラーEX-TP,127,1842,-898,4,4,1/230.2,1/460.5,1/460.5,6.209428028751336
2023-02-20,アイムジャグラーEX-TP,128,1384,-441,3,4,1/197.7,1/461.3,1/346.0,5.7563385959882565
2023-02-20,アイムジャグラーEX-TP,129,5295,-42,20,16,1/147.1,1/264.8,1/330.9,6.232661547762315
2023-02-20,アイムジャグラーEX-TP,130,1826,-323,7,2,1/202.9,1/260.9,1/913.0,6.230852965894543
2023-02-20,アイムジャグラーEX-TP,131,3023,-726,11,5,1/188.9,1/274.8,1/604.6,6.576901712326709
2023-02-20,アイムジャグラーEX-TP,132,4239,-718,15,8,1/184.3,1/282.6,1/529.9,6.200996457269349
2023-02-20,アイムジャグラーEX-TP,154,7179,1350,31,25,1/128.2,1/231.6,1/287.2,6.1550931196398855
2023-02-20,アイムジャグラーEX-TP,155,880,-172,3,1,1/220.0,1/293.3,1/880.0,5.847556850877998
2023-02-20,アイムジャグラーEX-TP,156,2557,-853,7,6,1/196.7,1/365.3,1/426.2,6.233422588046363
2023-02-20,アイムジャグラーEX-TP,157,4063,-2587,6,13,1/213.8,1/677.2,1/312.5,6.58000462106453
2023-02-20,アイムジャグラーEX-TP,158,1125,-861,2,1,1/375.0,1/562.5,1/1125.0,6.495334184943817
2023-02-20,アイムジャグラーEX-TP,159,5814,560,25,14,1/149.1,1/232.6,1/415.3,6.0840540636955245
2023-02-20,アイムジャグラーEX-TP,160,6122,-500,24,11,1/174.9,1/255.1,1/556.5,6.199003212029411
2023-02-20,アイムジャグラーEX-TP,161,2131,271,9,6,1/142.1,1/236.8,1/355.2,6.032341559954469
2023-02-20,アイムジャグラーEX-TP,162,2863,-298,10,8,1/159.1,1/286.3,1/357.9,6.247544789091574
2023-02-20,アイムジャグラーEX-TP,163,4475,256,18,11,1/154.3,1/248.6,1/406.8,5.9666845667203665
2023-02-20,アイムジャグラーEX-TP,164,2466,-384,7,6,1/189.7,1/352.3,1/411.0,5.60361079773535
2023-02-20,アイムジャグラーEX-TP,165,3585,1678,20,9,1/123.6,1/179.2,1/398.3,5.901505114267378
2023-02-20,アイムジャグラーEX-TP,166,6269,530,26,17,1/145.8,1/241.1,1/368.8,6.095070993187686
2023-02-20,アイムジャグラーEX-TP,167,691,-152,3,0,1/230.3,1/230.3,1/0.0,6.570633982501193
2023-02-20,アイムジャグラーEX-TP,168,2976,-2106,3,6,1/330.7,1/992.0,1/496.0,5.8167172336021205
2023-02-20,アイムジャグラーEX-TP,169,4328,-651,14,13,1/160.3,1/309.1,1/332.9,6.254539798028366
2023-02-20,アイムジャグラーEX-TP,170,3997,-810,11,12,1/173.8,1/363.4,1/333.1,5.933628894459832
2023-02-20,アイムジャグラーEX-TP,171,1865,-232,7,4,1/169.5,1/266.4,1/466.2,6.366364295653958
2023-02-20,アイムジャグラーEX-TP,172,6472,1098,27,23,1/129.4,1/239.7,1/281.4,6.100777568232702
2023-02-20,アイムジャグラーEX-TP,173,3367,-142,11,13,1/140.3,1/306.1,1/259.0,6.165462030239219
2023-02-20,アイムジャグラーEX-TP,174,7156,1713,31,25,1/127.8,1/230.8,1/286.2,5.941265295561676
2023-02-20,アイムジャグラーEX-TP,175,1741,168,6,10,1/108.8,1/290.2,1/174.1,6.601557588408924
2023-02-20,アイムジャグラーEX-TP,176,5283,490,17,27,1/120.1,1/310.8,1/195.7,6.034167436576023
2023-02-20,アイムジャグラーEX-TP,177,5148,-545,17,14,1/166.1,1/302.8,1/367.7,5.9982161249317025
2023-02-20,アイムジャグラーEX-TP,178,4454,-551,14,12,1/171.3,1/318.1,1/371.2,5.889939900661284
2023-02-20,マイジャグラーV,73,5885,-71,23,16,1/150.9,1/255.9,1/367.8,6.040219251491233
2023-02-20,マイジャグラーV,74,5952,-779,20,16,1/165.3,1/297.6,1/372.0,5.971620835145623
2023-02-20,マイジャグラーV,75,6931,-1567,18,22,1/173.3,1/385.1,1/315.0,5.793876775269084
2023-02-20,マイジャグラーV,76,3203,-1273,8,7,1/213.5,1/400.4,1/457.6,6.026995988526589
2023-02-20,マイジャグラーV,77,5753,-843,19,14,1/174.3,1/302.8,1/410.9,5.873487931157024
2023-02-20,ファンキージャグラー2,78,3031,-57,13,3,1/189.4,1/233.2,1/1010.3,5.757582643500232
2023-02-20,ファンキージャグラー2,79,1409,-969,2,4,1/234.8,1/704.5,1/352.2,6.498933977645675
2023-02-20,ファンキージャグラー2,80,2006,-946,6,1,1/286.6,1/334.3,1/2006.0,6.182241603450344
2023-02-20,ファンキージャグラー2,81,5354,969,25,16,1/130.6,1/214.2,1/334.6,6.11675140749403
2023-02-20,ファンキージャグラー2,82,7307,1380,35,20,1/132.9,1/208.8,1/365.4,6.102859385269297
2023-02-20,ファンキージャグラー2,83,713,-831,0,0,1/0.0,1/0.0,1/0.0,5.868535544199157
2023-02-20,ファンキージャグラー2,84,3408,-896,12,6,1/189.3,1/284.0,1/568.0,6.371121173378062
2023-02-20,ハッピージャグラーVIII,150,2460,-1331,5,4,1/273.3,1/492.0,1/615.0,6.170753013729298
2023-02-20,ハッピージャグラーVIII,151,5452,-674,14,26,1/136.3,1/389.4,1/209.7,6.226769179936668
2023-02-20,ハッピージャグラーVIII,152,2241,-1119,6,4,1/224.1,1/373.5,1/560.2,6.84705415692151
2023-02-20,ハッピージャグラーVIII,153,3573,-436,14,8,1/162.4,1/255.2,1/446.6,6.640165628738127
2023-02-19,アイムジャグラーEX-TP,109,5938,972,23,22,1/132.0,1/258.2,1/269.9,5.856799746972047
2023-02-19,アイムジャグラーEX-TP,110,5502,8,21,12,1/166.7,1/262.0,1/458.5,5.869139126684259
2023-02-19,アイムジャグラーEX-TP,111,4413,-18,15,17,1/137.9,1/294.2,1/259.6,6.13825025400088
2023-02-19,アイムジャグラーEX-TP,112,4453,608,19,14,1/134.9,1/234.4,1/318.1,6.18541060687768
2023-02-19,アイムジャグラーEX-TP,113,3181,-87,11,10,1/151.5,1/289.2,1/318.1,6.002826971069562
2023-02-19,アイムジャグラーEX-TP,114,5692,1917,26,20,1/123.7,1/218.9,1/284.6,5.78551015931315
2023-02-19,アイムジャグラーEX-TP,115,2561,1300,15,4,1/134.8,1/170.7,1/640.2,5.651429411119953
2023-02-19,アイムジャグラーEX-TP,116,5138,937,25,8,1/155.7,1/205.5,1/642.2,5.970723212971433
2023-02-19,アイムジャグラーEX-TP,117,5701,1705,27,25,1/109.6,1/211.1,1/228.0,6.5585724349631445
2023-02-19,アイムジャグラーEX-TP,118,4216,-790,13,11,1/175.7,1/324.3,1/383.3,6.071213141284848
2023-02-19,アイムジャグラーEX-TP,119,2712,-172,9,6,1/180.8,1/301.3,1/452.0,5.63232003008556
2023-02-19,アイムジャグラーEX-TP,120,5797,281,19,21,1/144.9,1/305.1,1/276.0,5.680777651716842
2023-02-19,アイムジャグラーEX-TP,121,4378,-276,14,15,1/151.0,1/312.7,1/291.9,5.990351921134459
2023-02-19,アイムジャグラーEX-TP,122,3854,-475,11,14,1/154.2,1/350.4,1/275.3,5.96145094414982
2023-02-19,アイムジャグラーEX-TP,123,6266,-610,20,21,1/152.8,1/313.3,1/298.4,6.107805456629177
2023-02-19,アイムジャグラーEX-TP,124,5406,1195,24,18,1/128.7,1/225.2,1/300.3,6.0753536702070114
2023-02-19,アイムジャグラーEX-TP,125,3274,-1291,7,10,1/192.6,1/467.7,1/327.4,6.126110570382995
2023-02-19,アイムジャグラーEX-TP,126,4361,-329,15,11,1/167.7,1/290.7,1/396.5,5.932825289763622
2023-02-19,アイムジャグラーEX-TP,127,3733,386,16,8,1/155.5,1/233.3,1/466.6,5.922789669791704
2023-02-19,アイムジャグラーEX-TP,128,6535,2110,32,21,1/123.3,1/204.2,1/311.2,6.084502520692546
2023-02-19,アイムジャグラーEX-TP,129,825,279,5,2,1/117.9,1/165.0,1/412.5,7.188649775518073
2023-02-19,アイムジャグラーEX-TP,130,6264,1164,27,21,1/130.5,1/232.0,1/298.3,6.0982818733361155
2023-02-19,アイムジャグラーEX-TP,131,5757,-1171,17,16,1/174.5,1/338.6,1/359.8,6.068553274503118
2023-02-19,アイムジャグラーEX-TP,132,4186,-1836,8,14,1/190.3,1/523.2,1/299.0,6.196836699911181
2023-02-19,アイムジャグラーEX-TP,154,5945,340,20,27,1/126.5,1/297.2,1/220.2,6.117740206586157
2023-02-19,アイムジャグラーEX-TP,155,1930,-285,6,5,1/175.5,1/321.7,1/386.0,5.913652401946358
2023-02-19,アイムジャグラーEX-TP,156,4055,-1921,8,13,1/193.1,1/506.9,1/311.9,6.381947853898877
2023-02-19,アイムジャグラーEX-TP,157,5248,-648,19,12,1/169.3,1/276.2,1/437.3,6.262648135704044
2023-02-19,アイムジャグラーEX-TP,158,4989,242,20,15,1/142.5,1/249.4,1/332.6,6.234264308889314
2023-02-19,アイムジャグラーEX-TP,159,5990,1205,25,22,1/127.4,1/239.6,1/272.3,6.010370045640181
2023-02-19,アイムジャグラーEX-TP,160,6120,-400,22,19,1/149.3,1/278.2,1/322.1,6.328796162143551
2023-02-19,アイムジャグラーEX-TP,161,1764,-1228,2,5,1/252.0,1/882.0,1/352.8,6.263074478642544
2023-02-19,アイムジャグラーEX-TP,162,2071,-651,6,2,1/258.9,1/345.2,1/1035.5,5.738529646280468
2023-02-19,アイムジャグラーEX-TP,163,6976,943,27,27,1/129.2,1/258.4,1/258.4,6.049608139581249
2023-02-19,アイムジャグラーEX-TP,164,5063,636,21,18,1/129.8,1/241.1,1/281.3,6.283455943461158
2023-02-19,アイムジャグラーEX-TP,165,4623,1072,22,14,1/128.4,1/210.1,1/330.2,6.269087289236349
2023-02-19,アイムジャグラーEX-TP,166,4095,-1095,12,10,1/186.1,1/341.2,1/409.5,6.191680830420068
2023-02-19,アイムジャグラーEX-TP,167,1398,-474,5,1,1/233.0,1/279.6,1/1398.0,6.543828060777276
2023-02-19,アイムジャグラーEX-TP,168,6559,1894,32,21,1/123.8,1/205.0,1/312.3,6.219271604485124
2023-02-19,アイムジャグラーEX-TP,169,4497,-1697,10,14,1/187.4,1/449.7,1/321.2,6.174171101397436
2023-02-19,アイムジャグラーEX-TP,170,1890,1497,13,7,1/94.5,1/145.4,1/270.0,6.454574141541639
2023-02-19,アイムジャグラーEX-TP,171,6237,3448,37,19,1/111.4,1/168.6,1/328.3,6.151545922843734
2023-02-19,アイムジャグラーEX-TP,172,1449,-912,2,3,1/289.8,1/724.5,1/483.0,5.904387791388567
2023-02-19,アイムジャグラーEX-TP,173,5139,59,22,9,1/165.8,1/233.6,1/571.0,6.166226713569987
2023-02-19,アイムジャグラーEX-TP,174,5289,-552,15,23,1/139.2,1/352.6,1/230.0,6.167224771940365
2023-02-19,アイムジャグラーEX-TP,175,5519,-1293,16,15,1/178.0,1/344.9,1/367.9,6.121978044272827
2023-02-19,アイムジャグラーEX-TP,176,3971,16,13,15,1/141.8,1/305.5,1/264.7,5.9258057484165825
2023-02-19,アイムジャグラーEX-TP,177,4441,-1177,15,9,1/185.0,1/296.1,1/493.4,6.548615232565643
2023-02-19,アイムジャグラーEX-TP,178,5755,-1204,17,14,1/185.6,1/338.5,1/411.1,5.946989947313597
2023-02-19,マイジャグラーV,73,5513,-33,19,19,1/145.1,1/290.2,1/290.2,5.83207895171856
2023-02-19,マイジャグラーV,74,2575,-874,7,5,1/214.6,1/367.9,1/515.0,5.900694040492366
2023-02-19,マイジャグラーV,75,7120,1015,32,18,1/142.4,1/222.5,1/395.6,5.8953369044281425
2023-02-19,マイジャグラーV,76,5863,-541,22,10,1/183.2,1/266.5,1/586.3,5.805311609859929
2023-02-19,マイジャグラーV,77,4629,-228,16,11,1/171.4,1/289.3,1/420.8,5.602358389555969
2023-02-19,ファンキージャグラー2,78,2671,831,13,8,1/127.2,1/205.5,1/333.9,5.755058225659637
2023-02-19,ファンキージャグラー2,79,1841,-800,5,2,1/263.0,1/368.2,1/920.5,5.966166794951945
2023-02-19,ファンキージャグラー2,80,1440,-1516,0,2,1/720.0,1/0.0,1/720.0,5.954017618103522
2023-02-19,ファンキージャグラー2,81,2252,-102,11,3,1/160.9,1/204.7,1/750.7,6.734619938811253
2023-02-19,ファンキージャグラー2,82,2289,-810,7,4,1/208.1,1/327.0,1/572.2,6.265987687087826
2023-02-19,ファンキージャグラー2,83,5353,-540,16,18,1/157.4,1/334.6,1/297.4,5.745387640662818
2023-02-19,ファンキージャグラー2,84,5753,829,24,19,1/133.8,1/239.7,1/302.8,5.881765747892956
2023-02-19,ハッピージャグラーVIII,150,3937,-123,14,13,1/145.8,1/281.2,1/302.8,6.246676569137843
2023-02-19,ハッピージャグラーVIII,151,6791,-1217,21,19,1/169.8,1/323.4,1/357.4,6.191424537403614
2023-02-19,ハッピージャグラーVIII,152,5944,-26,21,18,1/152.4,1/283.0,1/330.2,5.973416687820843
2023-02-19,ハッピージャグラーVIII,153,3048,-360,12,5,1/179.3,1/254.0,1/609.6,6.341652799502655
2023-02-18,アイムジャグラーEX-TP,109,6271,491,25,14,1/160.8,1/250.8,1/447.9,5.745735806889548
2023-02-18,アイムジャグラーEX-TP,110,2937,909,16,6,1/133.5,1/183.6,1/489.5,6.277022775398123
2023-02-18,アイムジャグラーEX-TP,111,6220,-1398,16,20,1/172.8,1/388.8,1/311.0,5.921588646086829
2023-02-18,アイムジャグラーEX-TP,112,2475,-1461,4,4,1/309.4,1/618.8,1/618.8,5.805443747009316
2023-02-18,アイムジャグラーEX-TP,113,5867,793,24,19,1/136.4,1/244.5,1/308.8,6.027556442898437
2023-02-18,アイムジャグラーEX-TP,114,7632,881,26,37,1/121.1,1/293.5,1/206.3,6.03297013435524
2023-02-18,アイムジャグラーEX-TP,115,7401,2862,36,28,1/115.6,1/205.6,1/264.3,6.003591739408199
2023-02-18,アイムジャグラーEX-TP,116,4685,-198,15,16,1/151.1,1/312.3,1/292.8,5.898248107005425
2023-02-18,アイムジャグラーEX-TP,117,2896,-1225,6,7,1/222.8,1/482.7,1/413.7,5.90603863695399
2023-02-18,アイムジャグラーEX-TP,118,4315,-1644,10,13,1/187.6,1/431.5,1/331.9,6.2593486781423335
2023-02-18,アイムジャグラーEX-TP,119,7403,35,29,18,1/157.5,1/255.3,1/411.3,6.073382491005171
2023-02-18,アイムジャグラーEX-TP,120,6588,241,22,27,1/134.4,1/299.5,1/244.0,5.990233028702828
2023-02-18,アイムジャグラーEX-TP,121,4328,1596,23,10,1/131.2,1/188.2,1/432.8,5.9621316201994885
2023-02-18,アイムジャグラーEX-TP,122,5454,647,23,19,1/129.9,1/237.1,1/287.1,6.371535074763202
2023-02-18,アイムジャグラーEX-TP,123,3361,-1308,9,6,1/224.1,1/373.4,1/560.2,6.171312891641276
2023-02-18,アイムジャグラーEX-TP,124,5693,998,23,21,1/129.4,1/247.5,1/271.1,5.982614038102432
2023-02-18,アイムジャグラーEX-TP,125,2854,-1389,5,9,1/203.9,1/570.8,1/317.1,6.148666835887858
2023-02-18,アイムジャグラーEX-TP,126,5695,-504,16,20,1/158.2,1/355.9,1/284.8,5.716592713999318
2023-02-18,アイムジャグラーEX-TP,127,5799,511,24,15,1/148.7,1/241.6,1/386.6,6.014017919740727
2023-02-18,アイムジャグラーEX-TP,128,3605,-725,11,8,1/189.7,1/327.7,1/450.6,5.929466975459491
2023-02-18,アイムジャグラーEX-TP,129,4184,450,15,15,1/139.5,1/278.9,1/278.9,5.740362262408477
2023-02-18,アイムジャグラーEX-TP,130,5415,-991,17,13,1/180.5,1/318.5,1/416.5,6.024739147709137
2023-02-18,アイムジャグラーEX-TP,131,3509,-561,12,6,1/194.9,1/292.4,1/584.8,5.941950144312003
2023-02-18,アイムジャグラーEX-TP,132,4065,-1347,11,8,1/213.9,1/369.5,1/508.1,6.016795073066317
2023-02-18,アイムジャグラーEX-TP,154,4444,471,16,17,1/134.7,1/277.8,1/261.4,5.859314406684229
2023-02-18,アイムジャグラーEX-TP,155,3322,-503,13,7,1/166.1,1/255.5,1/474.6,6.705897039086053
2023-02-18,アイムジャグラーEX-TP,156,4968,-814,14,18,1/155.2,1/354.9,1/276.0,6.100670494141538
2023-02-18,アイムジャグラーEX-TP,157,5035,1574,25,17,1/119.9,1/201.4,1/296.2,6.290220400078007
2023-02-18,アイムジャグラーEX-TP,158,5107,1121,25,12,1/138.0,1/204.3,1/425.6,6.181985225382144
2023-02-18,アイムジャグラーEX-TP,159,7124,-1281,23,16,1/182.7,1/309.7,1/445.2,6.044971345401797
2023-02-18,アイムジャグラーEX-TP,160,3540,-211,13,8,1/168.6,1/272.3,1/442.5,6.01145896156122
2023-02-18,アイムジャグラーEX-TP,161,4502,503,17,16,1/136.4,1/264.8,1/281.4,5.913717806344867
2023-02-18,アイムジャグラーEX-TP,162,7010,2183,35,19,1/129.8,1/200.3,1/368.9,6.028147925074507
2023-02-18,アイムジャグラーEX-TP,163,3862,-15,14,11,1/154.5,1/275.9,1/351.1,5.95973647100856
2023-02-18,アイムジャグラーEX-TP,164,5234,195,20,17,1/141.5,1/261.7,1/307.9,6.172190846263615
2023-02-18,アイムジャグラーEX-TP,165,4064,718,18,11,1/140.1,1/225.8,1/369.5,5.995379751469381
2023-02-18,アイムジャグラーEX-TP,166,4079,-797,12,16,1/145.7,1/339.9,1/254.9,6.556537412705145
2023-02-18,アイムジャグラーEX-TP,167,5614,3531,35,15,1/112.3,1/160.4,1/374.3,5.98628043478182
2023-02-18,アイムジャグラーEX-TP,168,6629,1285,30,19,1/135.3,1/221.0,1/348.9,6.097045521108428
2023-02-18,アイムジャグラーEX-TP,169,6245,1159,26,24,1/124.9,1/240.2,1/260.2,6.14524848304861
2023-02-18,アイムジャグラーEX-TP,170,6580,824,29,21,1/131.6,1/226.9,1/313.3,6.440053137289502
2023-02-18,アイムジャグラーEX-TP,171,2711,-1215,7,3,1/271.1,1/387.3,1/903.7,6.033200092560995
2023-02-18,アイムジャグラーEX-TP,172,6805,2179,33,20,1/128.4,1/206.2,1/340.2,5.925140615428378
2023-02-18,アイムジャグラーEX-TP,173,4540,-1012,14,14,1/162.1,1/324.3,1/324.3,6.467728456837029
2023-02-18,アイムジャグラーEX-TP,174,4948,-277,18,13,1/159.6,1/274.9,1/380.6,6.115836237335827
2023-02-18,アイムジャグラーEX-TP,175,2183,-2125,2,4,1/363.8,1/1091.5,1/545.8,6.955489518940755
2023-02-18,アイムジャグラーEX-TP,176,5501,-283,22,13,1/157.2,1/250.0,1/423.2,6.415592121074411
2023-02-18,アイムジャグラーEX-TP,177,5861,-496,19,19,1/154.2,1/308.5,1/308.5,6.058676811861203
2023-02-18,アイムジャグラーEX-TP,178,4720,-292,19,9,1/168.6,1/248.4,1/524.4,6.282161137965575
2023-02-18,マイジャグラーV,73,5588,-1506,14,16,1/186.3,1/399.1,1/349.2,5.760007029105213
2023-02-18,マイジャグラーV,74,5112,278,22,15,1/138.2,1/232.4,1/340.8,6.270642859387628
2023-02-18,マイジャグラーV,75,3859,-1598,8,7,1/257.3,1/482.4,1/551.3,5.526114617470494
2023-02-18,マイジャグラーV,76,6696,176,23,23,1/145.6,1/291.1,1/291.1,5.682444482385869
2023-02-18,マイジャグラーV,77,6621,-1365,18,16,1/194.7,1/367.8,1/413.8,5.541084744102893
2023-02-18,ファンキージャグラー2,78,1211,-1210,1,0,1/1211.0,1/1211.0,1/0.0,6.006178403461315
2023-02-18,ファンキージャグラー2,79,7085,1503,33,19,1/136.2,1/214.7,1/372.9,5.834973905014593
2023-02-18,ファンキージャグラー2,80,2772,282,11,9,1/138.6,1/252.0,1/308.0,5.831866162458497
2023-02-18,ファンキージャグラー2,81,3048,-1778,5,8,1/234.5,1/609.6,1/381.0,6.140166834054034
2023-02-18,ファンキージャグラー2,82,2060,-1322,5,3,1/257.5,1/412.0,1/686.7,6.852043264333368
2023-02-18,ファンキージャグラー2,83,3527,740,16,12,1/126.0,1/220.4,1/293.9,6.019124543763223
2023-02-18,ファンキージャグラー2,84,7623,269,34,18,1/146.6,1/224.2,1/423.5,6.289422270299308
2023-02-18,ハッピージャグラーVIII,150,1929,-1286,3,4,1/275.6,1/643.0,1/482.2,6.439125582434807
2023-02-18,ハッピージャグラーVIII,151,6982,3406,35,34,1/101.2,1/199.5,1/205.4,6.1514371131962875
2023-02-18,ハッピージャグラーVIII,152,3066,-918,7,11,1/170.3,1/438.0,1/278.7,6.200202537927327
2023-02-18,ハッピージャグラーVIII,153,7966,-134,28,24,1/153.2,1/284.5,1/331.9,6.003201041539556
2023-02-17,アイムジャグラーEX-TP,109,4336,-649,15,9,1/180.7,1/289.1,1/481.8,6.0986721266660435
2023-02-17,アイムジャグラーEX-TP,110,7343,740,29,29,1/126.6,1/253.2,1/253.2,6.3459320985092615
2023-02-17,アイムジャグラーEX-TP,111,1063,-821,1,1,1/531.5,1/1063.0,1/1063.0,5.5943534816719405
2023-02-17,アイムジャグラーEX-TP,112,7160,404,25,30,1/130.2,1/286.4,1/238.7,6.114418272238752
2023-02-17,アイムジャグラーEX-TP,113,4723,809,20,15,1/134.9,1/236.2,1/314.9,6.000788983684754
2023-02-17,アイムジャグラーEX-TP,114,5333,219,17,26,1/124.0,1/313.7,1/205.1,6.134485427962948
2023-02-17,アイムジャグラーEX-TP,115,3223,-332,12,8,1/161.2,1/268.6,1/402.9,6.382533111940165
2023-02-17,アイムジャグラーEX-TP,116,5370,-370,18,16,1/157.9,1/298.3,1/335.6,5.999515346413915
2023-02-17,アイムジャグラーEX-TP,117,2978,286,14,5,1/156.7,1/212.7,1/595.6,6.234059370979222
2023-02-17,アイムジャグラーEX-TP,118,2828,135,10,9,1/148.8,1/282.8,1/314.2,5.778299205032302
2023-02-17,アイムジャグラーEX-TP,119,8341,865,30,35,1/128.3,1/278.0,1/238.3,6.021042000619083
2023-02-17,アイムジャグラーEX-TP,120,4981,86,17,15,1/155.7,1/293.0,1/332.1,5.709240845878189
2023-02-17,アイムジャグラーEX-TP,121,4984,-10,18,16,1/146.6,1/276.9,1/311.5,6.092307305661692
2023-02-17,アイムジャグラーEX-TP,122,4622,2785,26,19,1/102.7,1/177.8,1/243.3,6.033307486184581
2023-02-17,アイムジャグラーEX-TP,123,3896,-2042,4,17,1/185.5,1/974.0,1/229.2,6.01224742330214
2023-02-17,アイムジャグラーEX-TP,124,5815,470,21,24,1/129.2,1/276.9,1/242.3,6.113064786344706
2023-02-17,アイムジャグラーEX-TP,125,2960,529,13,9,1/134.5,1/227.7,1/328.9,6.08845663589322
2023-02-17,アイムジャグラーEX-TP,126,2951,-349,9,10,1/155.3,1/327.9,1/295.1,6.05593844277094
2023-02-17,アイムジャグラーEX-TP,127,3620,702,15,12,1/134.1,1/241.3,1/301.7,5.859064729797981
2023-02-17,アイムジャグラーEX-TP,128,4821,805,20,19,1/123.6,1/241.1,1/253.7,6.2617701243530925
2023-02-17,アイムジャグラーEX-TP,129,7035,1169,31,24,1/127.9,1/226.9,1/293.1,6.337137612677302
2023-02-17,アイムジャグラーEX-TP,130,2468,-1592,3,5,1/308.5,1/822.7,1/493.6,5.7766570251733045
2023-02-17,アイムジャグラーEX-TP,131,3307,520,15,7,1/150.3,1/220.5,1/472.4,5.950980119407576
2023-02-17,アイムジャグラーEX-TP,132,6998,2331,31,28,1/118.6,1/225.7,1/249.9,5.850905565589892
2023-02-17,アイムジャグラーEX-TP,154,5340,386,21,18,1/136.9,1/254.3,1/296.7,6.194465500278199
2023-02-17,アイムジャグラーEX-TP,155,3571,-491,10,14,1/148.8,1/357.1,1/255.1,6.089140792393822
2023-02-17,アイムジャグラーEX-TP,156,2751,249,12,4,1/171.9,1/229.2,1/687.8,5.778792122794229
2023-02-17,アイムジャグラーEX-TP,157,2286,-853,8,2,1/228.6,1/285.8,1/1143.0,6.708141330149891
2023-02-17,アイムジャグラーEX-TP,158,3653,328,15,10,1/146.1,1/243.5,1/365.3,6.034646403338353
2023-02-17,アイムジャグラーEX-TP,159,5394,1093,22,24,1/117.3,1/245.2,1/224.8,6.238309963418336
2023-02-17,アイムジャグラーEX-TP,160,5451,1526,26,20,1/118.5,1/209.7,1/272.6,6.347254263506931
2023-02-17,アイムジャグラーEX-TP,161,3182,217,13,8,1/151.5,1/244.8,1/397.8,6.012474315898234
2023-02-17,アイムジャグラーEX-TP,162,5703,-1140,16,14,1/190.1,1/356.4,1/407.4,5.7566019078729305
2023-02-17,アイムジャグラーEX-TP,163,3451,-804,7,14,1/164.3,1/493.0,1/246.5,5.7171466305969
2023-02-17,アイムジャグラーEX-TP,164,2084,-612,7,2,1/231.6,1/297.7,1/1042.0,6.157098607322793
2023-02-17,アイムジャグラーEX-TP,165,1764,-208,6,3,1/196.0,1/294.0,1/588.0,5.739603370630885
2023-02-17,アイムジャグラーEX-TP,166,6738,1594,29,24,1/127.1,1/232.3,1/280.8,5.951264969279575
2023-02-17,アイムジャグラーEX-TP,167,2729,-45,11,6,1/160.5,1/248.1,1/454.8,6.203091676353362
2023-02-17,アイムジャグラーEX-TP,168,5687,-1355,15,17,1/177.7,1/379.1,1/334.5,5.958439824598283
2023-02-17,アイムジャグラーEX-TP,169,4218,-336,14,14,1/150.6,1/301.3,1/301.3,6.160526675080503
2023-02-17,アイムジャグラーEX-TP,170,4745,-496,16,14,1/158.2,1/296.6,1/338.9,6.174989976214901
2023-02-17,アイムジャグラーEX-TP,171,1672,22,6,4,1/167.2,1/278.7,1/418.0,5.665753481846106
2023-02-17,アイムジャグラーEX-TP,172,2902,-52,11,6,1/170.7,1/263.8,1/483.7,5.877565609541326
2023-02-17,アイムジャグラーEX-TP,173,1302,-1063,1,2,1/434.0,1/1302.0,1/651.0,5.82836329576128
2023-02-17,アイムジャグラーEX-TP,174,5808,-51,19,21,1/145.2,1/305.7,1/276.6,5.911839570263007
2023-02-17,アイムジャグラーEX-TP,175,3025,78,13,3,1/189.1,1/232.7,1/1008.3,5.797562532221989
2023-02-17,アイムジャグラーEX-TP,176,4415,356,14,21,1/126.1,1/315.4,1/210.2,5.885898753076014
2023-02-17,アイムジャグラーEX-TP,177,2688,391,12,8,1/134.4,1/224.0,1/336.0,6.305928755391709
2023-02-17,アイムジャグラーEX-TP,178,3413,-329,11,10,1/162.5,1/310.3,1/341.3,5.9564919191103165
2023-02-17,マイジャグラーV,73,8169,-440,28,21,1/166.7,1/291.8,1/389.0,5.666694336226154
2023-02-17,マイジャグラーV,74,3428,-620,12,7,1/180.4,1/285.7,1/489.7,6.071411470598317
2023-02-17,マイジャグラーV,75,2724,-355,11,2,1/209.5,1/247.6,1/1362.0,5.864506455763456
2023-02-17,マイジャグラーV,76,5635,-1165,16,16,1/176.1,1/352.2,1/352.2,5.822381296992392
2023-02-17,マイジャグラーV,77,4182,-501,15,10,1/167.3,1/278.8,1/418.2,6.0385243340997246
2023-02-17,ファンキージャグラー2,78,5329,713,25,13,1/140.2,1/213.2,1/409.9,6.117427604473065
2023-02-17,ファンキージャグラー2,79,1984,-527,5,5,1/198.4,1/396.8,1/396.8,5.633481278470874
2023-02-17,ファンキージャグラー2,80,3218,591,14,10,1/134.1,1/229.9,1/321.8,5.816070038279338
2023-02-17,ファンキージャグラー2,81,921,-553,1,2,1/307.0,1/921.0,1/460.5,5.473254113278977
2023-02-17,ファンキージャグラー2,82,1120,-597,2,2,1/280.0,1/560.0,1/560.0,5.721057578358056
2023-02-17,ファンキージャグラー2,83,2117,230,10,3,1/162.8,1/211.7,1/705.7,5.829932510682673
2023-02-17,ファンキージャグラー2,84,2557,-1222,6,2,1/319.6,1/426.2,1/1278.5,5.654130772891428
2023-02-17,ハッピージャグラーVIII,150,4218,-315,14,16,1/140.6,1/301.3,1/263.6,6.415324503744878
2023-02-17,ハッピージャグラーVIII,151,5689,815,22,23,1/126.4,1/258.6,1/247.3,6.108233489936225
2023-02-17,ハッピージャグラーVIII,152,5497,160,21,16,1/148.6,1/261.8,1/343.6,6.083015595501373
2023-02-17,ハッピージャグラーVIII,153,3498,837,17,10,1/129.6,1/205.8,1/349.8,6.244770640580378
2023-02-16,アイムジャグラーEX-TP,109,5849,597,25,16,1/142.7,1/234.0,1/365.6,6.173173658551898
2023-02-16,アイムジャグラーEX-TP,110,3404,3,13,7,1/170.2,1/261.8,1/486.3,5.82328127324437
2023-02-16,アイムジャグラーEX-TP,111,7087,1995,29,30,1/120.1,1/244.4,1/236.2,5.803395044241285
2023-02-16,アイムジャグラーEX-TP,112,1110,-341,3,4,1/158.6,1/370.0,1/277.5,6.673253749271429
2023-02-16,アイムジャグラーEX-TP,113,5299,445,22,17,1/135.9,1/240.9,1/311.7,6.331116231946148
2023-02-16,アイムジャグラーEX-TP,114,397,-440,0,0,1/0.0,1/0.0,1/0.0,5.63377243646325
2023-02-16,アイムジャグラーEX-TP,115,8140,1817,34,36,1/116.3,1/239.4,1/226.1,6.245908795459608
2023-02-16,アイムジャグラーEX-TP,116,3848,96,14,12,1/148.0,1/274.9,1/320.7,5.960721632719728
2023-02-16,アイムジャグラーEX-TP,117,6408,1034,26,22,1/133.5,1/246.5,1/291.3,5.9557538791029545
2023-02-16,アイムジャグラーEX-TP,118,2047,-460,6,5,1/186.1,1/341.2,1/409.4,5.994755599202765
2023-02-16,アイムジャグラーEX-TP,119,6035,-1152,19,14,1/182.9,1/317.6,1/431.1,6.035632836102865
2023-02-16,アイムジャグラーEX-TP,120,4486,-301,16,12,1/160.2,1/280.4,1/373.8,6.105432849874511
2023-02-16,アイムジャグラーEX-TP,121,3827,-185,13,12,1/153.1,1/294.4,1/318.9,6.024837728072263
2023-02-16,アイムジャグラーEX-TP,122,8589,4199,43,42,1/101.0,1/199.7,1/204.5,6.184425442215041
2023-02-16,アイムジャグラーEX-TP,123,3027,728,13,11,1/126.1,1/232.8,1/275.2,5.9539371791374665
2023-02-16,アイムジャグラーEX-TP,124,1167,-484,4,0,1/291.8,1/291.8,1/0.0,6.387741491659701
2023-02-16,アイムジャグラーEX-TP,125,6232,970,28,14,1/148.4,1/222.6,1/445.1,5.96507037797163
2023-02-16,アイムジャグラーEX-TP,126,648,-262,2,1,1/216.0,1/324.0,1/648.0,6.65809265989466
2023-02-16,アイムジャグラーEX-TP,127,5552,659,24,18,1/132.2,1/231.3,1/308.4,6.389198535115125
2023-02-16,アイムジャグラーEX-TP,128,989,-249,3,2,1/197.8,1/329.7,1/494.5,6.052360815437204
2023-02-16,アイムジャグラーEX-TP,129,4680,-1296,12,15,1/173.3,1/390.0,1/312.0,6.1449704893700865
2023-02-16,アイムジャグラーEX-TP,130,3783,347,15,10,1/151.3,1/252.2,1/378.3,5.830781833244356
2023-02-16,アイムジャグラーEX-TP,131,5961,417,25,16,1/145.4,1/238.4,1/372.6,6.206897478078516
2023-02-16,アイムジャグラーEX-TP,132,3868,-768,12,11,1/168.2,1/322.3,1/351.6,6.252839379929779
2023-02-16,アイムジャグラーEX-TP,154,6205,2316,29,25,1/114.9,1/214.0,1/248.2,5.9543761401958575
2023-02-16,アイムジャグラーEX-TP,155,1119,-822,2,1,1/373.0,1/559.5,1/1119.0,6.351458374874653
2023-02-16,アイムジャグラーEX-TP,156,6226,-253,21,22,1/144.8,1/296.5,1/283.0,6.136582082861818
2023-02-16,アイムジャグラーEX-TP,157,4874,1418,25,13,1/128.3,1/195.0,1/374.9,6.267266969859744
2023-02-16,アイムジャグラーEX-TP,158,4805,107,20,10,1/160.2,1/240.2,1/480.5,6.122893415653224
2023-02-16,アイムジャグラーEX-TP,159,4296,-610,14,11,1/171.8,1/306.9,1/390.5,6.0438806840598085
2023-02-16,アイムジャグラーEX-TP,160,4072,185,15,12,1/150.8,1/271.5,1/339.3,5.849976855095254
2023-02-16,アイムジャグラーEX-TP,161,4452,184,18,10,1/159.0,1/247.3,1/445.2,5.970749123016047
2023-02-16,アイムジャグラーEX-TP,162,1099,-166,3,2,1/219.8,1/366.3,1/549.5,5.269802625992037
2023-02-16,アイムジャグラーEX-TP,163,7664,2050,34,32,1/116.1,1/225.4,1/239.5,6.233083185326072
2023-02-16,アイムジャグラーEX-TP,164,1016,-382,2,4,1/169.3,1/508.0,1/254.0,6.236605263522967
2023-02-16,アイムジャグラーEX-TP,165,5332,-1675,12,18,1/177.7,1/444.3,1/296.2,6.027836712731683
2023-02-16,アイムジャグラーEX-TP,166,4196,125,17,11,1/149.9,1/246.8,1/381.5,6.199270436287987
2023-02-16,アイムジャグラーEX-TP,167,7458,234,26,29,1/135.6,1/286.8,1/257.2,6.090984659122551
2023-02-16,アイムジャグラーEX-TP,168,4943,-524,17,14,1/159.5,1/290.8,1/353.1,6.209081596439166
2023-02-16,アイムジャグラーEX-TP,169,5552,785,24,14,1/146.1,1/231.3,1/396.6,5.954899061779482
2023-02-16,アイムジャグラーEX-TP,170,5271,-340,19,13,1/164.7,1/277.4,1/405.5,6.045786665924028
2023-02-16,アイムジャグラーEX-TP,171,2943,-855,9,7,1/183.9,1/327.0,1/420.4,6.436575390210002
2023-02-16,アイムジャグラーEX-TP,172,7700,2059,36,28,1/120.3,1/213.9,1/275.0,6.276067074040476
2023-02-16,アイムジャグラーEX-TP,173,1854,-18,8,4,1/154.5,1/231.8,1/463.5,6.509530669158686
2023-02-16,アイムジャグラーEX-TP,174,3514,-352,12,11,1/152.8,1/292.8,1/319.5,6.289366597961511
2023-02-16,アイムジャグラーEX-TP,175,4536,-213,16,12,1/162.0,1/283.5,1/378.0,5.956215200261192
2023-02-16,アイムジャグラーEX-TP,176,3192,-625,9,10,1/168.0,1/354.7,1/319.2,6.034529190361852
2023-02-16,アイムジャグラーEX-TP,177,1966,-460,7,4,1/178.7,1/280.9,1/491.5,6.633691886741756
2023-02-16,アイムジャグラーEX-TP,178,5610,-527,19,17,1/155.8,1/295.3,1/330.0,6.178520247704696
2023-02-16,マイジャグラーV,73,7405,-1740,19,27,1/161.0,1/389.7,1/274.3,5.995299306842095
2023-02-16,マイジャグラーV,74,7091,1142,33,16,1/144.7,1/214.9,1/443.2,5.868370348950681
2023-02-16,マイジャグラーV,75,4941,-69,20,8,1/176.5,1/247.1,1/617.6,5.739218609306574
2023-02-16,マイジャグラーV,76,6028,-11,20,23,1/140.2,1/301.4,1/262.1,5.833112192611957
2023-02-16,マイジャグラーV,77,6760,1033,31,19,1/135.2,1/218.1,1/355.8,6.067621578060019
2023-02-16,ファンキージャグラー2,78,3754,272,15,12,1/139.0,1/250.3,1/312.8,5.967029776217707
2023-02-16,ファンキージャグラー2,79,654,-258,1,3,1/163.5,1/654.0,1/218.0,6.008476637568275
2023-02-16,ファンキージャグラー2,80,3533,179,17,6,1/153.6,1/207.8,1/588.8,6.317181659047375
2023-02-16,ファンキージャグラー2,81,2028,179,9,3,1/169.0,1/225.3,1/676.0,5.65650220925739
2023-02-16,ファンキージャグラー2,82,2056,-88,7,7,1/146.9,1/293.7,1/293.7,5.938962715099639
2023-02-16,ファンキージャグラー2,83,5889,-62,25,10,1/168.3,1/235.6,1/588.9,5.966743460161292
2023-02-16,ファンキージャグラー2,84,1860,-186,7,3,1/186.0,1/265.7,1/620.0,5.819588076414946
2023-02-16,ハッピージャグラーVIII,150,2893,112,11,6,1/170.2,1/263.0,1/482.2,5.6772690844267855
2023-02-16,ハッピージャグラーVIII,151,4174,941,19,11,1/139.1,1/219.7,1/379.5,5.871872272288312
2023-02-16,ハッピージャグラーVIII,152,3605,-1099,11,6,1/212.1,1/327.7,1/600.8,6.226814749994143
2023-02-16,ハッピージャグラーVIII,153,1520,-54,6,3,1/168.9,1/253.3,1/506.7,6.108232249456989
2023-02-15,アイムジャグラーEX-TP,109,4950,-844,16,13,1/170.7,1/309.4,1/380.8,6.175020669166407
2023-02-15,アイムジャグラーEX-TP,110,4336,-415,14,15,1/149.5,1/309.7,1/289.1,6.192576651595254
2023-02-15,アイムジャグラーEX-TP,111,4259,1767,24,10,1/125.3,1/177.5,1/425.9,6.1362080274510244
2023-02-15,アイムジャグラーEX-TP,112,7260,718,26,28,1/134.4,1/279.2,1/259.3,5.88205316711699
2023-02-15,アイムジャグラーEX-TP,113,526,-462,0,1,1/526.0,1/0.0,1/526.0,5.4462176173957575
2023-02-15,アイムジャグラーEX-TP,114,7147,2283,33,26,1/121.1,1/216.6,1/274.9,5.9650586444887885
2023-02-15,アイムジャグラーEX-TP,115,1327,-616,4,0,1/331.8,1/331.8,1/0.0,6.121975965316122
2023-02-15,アイムジャグラーEX-TP,116,4415,-19,16,13,1/152.2,1/275.9,1/339.6,6.0014108412938105
2023-02-15,アイムジャグラーEX-TP,117,1827,-282,6,4,1/182.7,1/304.5,1/456.8,5.96878238603497
2023-02-15,アイムジャグラーEX-TP,118,7635,1486,34,29,1/121.2,1/224.6,1/263.3,6.439659734621074
2023-02-15,アイムジャグラーEX-TP,119,2078,-1173,3,6,1/230.9,1/692.7,1/346.3,6.032808199346976
2023-02-15,アイムジャグラーEX-TP,120,6178,602,19,34,1/116.6,1/325.2,1/181.7,6.020187585264268
2023-02-15,アイムジャグラーEX-TP,121,6989,1624,28,34,1/112.7,1/249.6,1/205.6,6.198031624345613
2023-02-15,アイムジャグラーEX-TP,122,3020,319,12,9,1/143.8,1/251.7,1/335.6,5.918266582831089
2023-02-15,アイムジャグラーEX-TP,123,2708,-1636,5,7,1/225.7,1/541.6,1/386.9,6.5894279296163445
2023-02-15,アイムジャグラーEX-TP,124,4318,-168,14,17,1/139.3,1/308.4,1/254.0,6.154793746917703
2023-02-15,アイムジャグラーEX-TP,125,1367,-947,1,5,1/227.8,1/1367.0,1/273.4,6.137911829412928
2023-02-15,アイムジャグラーEX-TP,126,7168,4312,39,31,1/102.4,1/183.8,1/231.2,5.92182715597592
2023-02-15,アイムジャグラーEX-TP,127,2655,-240,9,9,1/147.5,1/295.0,1/295.0,6.33237906408153
2023-02-15,アイムジャグラーEX-TP,128,5397,666,21,16,1/145.9,1/257.0,1/337.3,5.748297853597085
2023-02-15,アイムジャグラーEX-TP,129,2255,-634,7,6,1/173.5,1/322.1,1/375.8,6.59088946172308
2023-02-15,アイムジャグラーEX-TP,130,5222,554,21,15,1/145.1,1/248.7,1/348.1,5.924088086357095
2023-02-15,アイムジャグラーEX-TP,131,2000,-780,4,6,1/200.0,1/500.0,1/333.3,5.925618671624434
2023-02-15,アイムジャグラーEX-TP,132,6102,2670,31,17,1/127.1,1/196.8,1/358.9,5.617615073281982
2023-02-15,アイムジャグラーEX-TP,154,2931,145,12,9,1/139.6,1/244.2,1/325.7,6.366106648380815
2023-02-15,アイムジャグラーEX-TP,155,6415,-302,20,26,1/139.5,1/320.8,1/246.7,6.098145830954834
2023-02-15,アイムジャグラーEX-TP,156,1319,-579,4,1,1/263.8,1/329.8,1/1319.0,6.3735044673240955
2023-02-15,アイムジャグラーEX-TP,157,5685,-2097,15,15,1/189.5,1/379.0,1/379.0,6.424636974107865
2023-02-15,アイムジャグラーEX-TP,158,4312,561,16,16,1/134.8,1/269.5,1/269.5,5.827897431383941
2023-02-15,アイムジャグラーEX-TP,159,5599,1775,26,18,1/127.2,1/215.3,1/311.1,5.829207287360743
2023-02-15,アイムジャグラーEX-TP,160,5111,340,20,16,1/142.0,1/255.6,1/319.4,6.0906475205594806
2023-02-15,アイムジャグラーEX-TP,161,936,-532,1,3,1/234.0,1/936.0,1/312.0,5.7710648181830955
2023-02-15,アイムジャグラーEX-TP,162,6167,-50,25,14,1/158.1,1/246.7,1/440.5,6.223478503058753
2023-02-15,アイムジャグラーEX-TP,163,1589,-1094,4,0,1/397.2,1/397.2,1/0.0,6.626008245773281
2023-02-15,アイムジャグラーEX-TP,164,3086,-598,7,13,1/154.3,1/440.9,1/237.4,5.867763057369991
2023-02-15,アイムジャグラーEX-TP,165,5800,-288,19,21,1/145.0,1/305.3,1/276.2,6.103451396532818
2023-02-15,アイムジャグラーEX-TP,166,3927,-845,13,8,1/187.0,1/302.1,1/490.9,6.214268057571878
2023-02-15,アイムジャグラーEX-TP,167,5913,-50,22,19,1/144.2,1/268.8,1/311.2,6.2549038663165515
2023-02-15,アイムジャグラーEX-TP,168,1765,-933,4,3,1/252.1,1/441.2,1/588.3,6.3071338329131255
2023-02-15,アイムジャグラーEX-TP,169,5426,-205,20,16,1/150.7,1/271.3,1/339.1,6.232604761057601
2023-02-15,アイムジャグラーEX-TP,170,4815,-2418,9,13,1/218.9,1/535.0,1/370.4,6.15693391595958
2023-02-15,アイムジャグラーEX-TP,171,3125,733,15,8,1/135.9,1/208.3,1/390.6,6.092731371473832
2023-02-15,アイムジャグラーEX-TP,172,3976,473,18,10,1/142.0,1/220.9,1/397.6,6.297865201101481
2023-02-15,アイムジャグラーEX-TP,173,6587,1666,29,25,1/122.0,1/227.1,1/263.5,6.0902320721439995
2023-02-15,アイムジャグラーEX-TP,174,1233,-852,1,2,1/411.0,1/1233.0,1/616.5,5.408877586835186
2023-02-15,アイムジャグラーEX-TP,175,4207,18,16,13,1/145.1,1/262.9,1/323.6,6.236759394643262
2023-02-15,アイムジャグラーEX-TP,176,2632,-1424,5,9,1/188.0,1/526.4,1/292.4,6.755130472829875
2023-02-15,アイムジャグラーEX-TP,177,2953,-1353,7,6,1/227.2,1/421.9,1/492.2,6.2449790886251355
2023-02-15,アイムジャグラーEX-TP,178,6264,513,25,18,1/145.7,1/250.6,1/348.0,5.998099395343895
2023-02-15,マイジャグラーV,73,1212,-1099,1,2,1/404.0,1/1212.0,1/606.0,6.303257028645157
2023-02-15,マイジャグラーV,74,7851,2343,40,24,1/122.7,1/196.3,1/327.1,6.065949509529187
2023-02-15,マイジャグラーV,75,6565,510,28,17,1/145.9,1/234.5,1/386.2,5.96500989028056
2023-02-15,マイジャグラーV,76,4338,-410,17,6,1/188.6,1/255.2,1/723.0,5.853570524697808
2023-02-15,マイジャグラーV,77,6581,-1126,23,12,1/188.0,1/286.1,1/548.4,5.927715426307318
2023-02-15,ファンキージャグラー2,78,1282,-220,5,1,1/213.7,1/256.4,1/1282.0,5.927318453621796
2023-02-15,ファンキージャグラー2,79,3486,-620,10,12,1/158.5,1/348.6,1/290.5,5.985129631237638
2023-02-15,ファンキージャグラー2,80,1235,-476,5,1,1/205.8,1/247.0,1/1235.0,7.289121760426192
2023-02-15,ファンキージャグラー2,81,5774,618,20,24,1/131.2,1/288.7,1/240.6,5.669320392672604
2023-02-15,ファンキージャグラー2,82,1185,-449,3,3,1/197.5,1/395.0,1/395.0,6.139858595429626
2023-02-15,ファンキージャグラー2,83,2862,-1836,3,6,1/318.0,1/954.0,1/477.0,5.568243153621787
2023-02-15,ファンキージャグラー2,84,4571,346,20,10,1/152.4,1/228.6,1/457.1,5.929444955923751
2023-02-15,ハッピージャグラーVIII,150,2786,84,12,5,1/163.9,1/232.2,1/557.2,6.1243963603367515
2023-02-15,ハッピージャグラーVIII,151,7607,439,30,26,1/135.8,1/253.6,1/292.6,6.321097480295415
2023-02-15,ハッピージャグラーVIII,152,492,-423,1,0,1/492.0,1/492.0,1/0.0,7.058727320072395
2023-02-15,ハッピージャグラーVIII,153,2857,-860,8,8,1/178.6,1/357.1,1/357.1,6.450999065175271
2023-02-14,アイムジャグラーEX-TP,109,2401,201,10,4,1/171.5,1/240.1,1/600.2,5.686211049513517
2023-02-14,アイムジャグラーEX-TP,110,4634,475,18,16,1/136.3,1/257.4,1/289.6,6.0331325474533735
2023-02-14,アイムジャグラーEX-TP,111,895,-505,2,2,1/223.8,1/447.5,1/447.5,6.723974462420121
2023-02-14,アイムジャグラーEX-TP,112,3139,-997,7,9,1/196.2,1/448.4,1/348.8,5.8083962727378635
2023-02-14,アイムジャグラーEX-TP,113,5166,1179,24,18,1/123.0,1/215.2,1/287.0,6.3622637510798645
2023-02-14,アイムジャグラーEX-TP,114,362,-530,0,0,1/0.0,1/0.0,1/0.0,7.51716072271063
2023-02-14,アイムジャグラーEX-TP,115,1215,-246,4,3,1/173.6,1/303.8,1/405.0,6.3315925362249175
2023-02-14,アイムジャグラーEX-TP,116,5356,161,21,17,1/140.9,1/255.0,1/315.1,6.294528411839476
2023-02-14,アイムジャグラーEX-TP,117,3254,2163,18,17,1/93.0,1/180.8,1/191.4,6.12747855707333
2023-02-14,アイムジャグラーEX-TP,118,1490,501,8,3,1/135.5,1/186.2,1/496.7,6.043255513912973
2023-02-14,アイムジャグラーEX-TP,119,3952,-615,10,15,1/158.1,1/395.2,1/263.5,5.816393614312143
2023-02-14,アイムジャグラーEX-TP,120,2499,17,9,7,1/156.2,1/277.7,1/357.0,5.867451109739509
2023-02-14,アイムジャグラーEX-TP,121,4617,1054,21,11,1/144.3,1/219.9,1/419.7,5.768317675709553
2023-02-14,アイムジャグラーEX-TP,122,0,0,0,0,1/0.0,1/0.0,1/0.0,0.0
2023-02-14,アイムジャグラーEX-TP,123,639,-730,0,1,1/639.0,1/0.0,1/639.0,6.4680493041482245
2023-02-14,アイムジャグラーEX-TP,124,3694,-1521,8,10,1/205.2,1/461.8,1/369.4,6.085524251110675
2023-02-14,アイムジャグラーEX-TP,125,1463,-364,4,3,1/209.0,1/365.8,1/487.7,5.725517142757963
2023-02-14,アイムジャグラーEX-TP,126,493,-331,1,0,1/493.0,1/493.0,1/0.0,5.9378653578792395
2023-02-14,アイムジャグラーEX-TP,127,4193,850,17,15,1/131.0,1/246.6,1/279.5,5.832475501794589
2023-02-14,アイムジャグラーEX-TP,128,6654,187,19,34,1/125.5,1/350.2,1/195.7,5.915855569587313
2023-02-14,アイムジャグラーEX-TP,129,1579,729,7,11,1/87.7,1/225.6,1/143.5,6.597318639125668
2023-02-14,アイムジャグラーEX-TP,130,1973,-1071,3,7,1/197.3,1/657.7,1/281.9,6.32150096591125
2023-02-14,アイムジャグラーEX-TP,131,1164,-785,2,2,1/291.0,1/582.0,1/582.0,6.3564681104077
2023-02-14,アイムジャグラーEX-TP,132,4360,-1069,14,6,1/218.0,1/311.4,1/726.7,5.946662258498681
2023-02-14,アイムジャグラーEX-TP,154,1149,700,6,4,1/114.9,1/191.5,1/287.2,5.3549592282072975
2023-02-14,アイムジャグラーEX-TP,155,2413,346,9,10,1/127.0,1/268.1,1/241.3,5.970765715690051
2023-02-14,アイムジャグラーEX-TP,156,2669,597,11,11,1/121.3,1/242.6,1/242.6,6.042586629161727
2023-02-14,アイムジャグラーEX-TP,157,5394,-894,17,18,1/154.1,1/317.3,1/299.7,6.385313466508905
2023-02-14,アイムジャグラーEX-TP,158,3820,242,15,13,1/136.4,1/254.7,1/293.8,6.245424245783276
2023-02-14,アイムジャグラーEX-TP,159,1615,-623,4,3,1/230.7,1/403.8,1/538.3,5.955325471443292
2023-02-14,アイムジャグラーEX-TP,160,3253,-484,8,17,1/130.1,1/406.6,1/191.4,6.329755921848587
2023-02-14,アイムジャグラーEX-TP,161,6525,2936,35,20,1/118.6,1/186.4,1/326.2,5.97627487567173
2023-02-14,アイムジャグラーEX-TP,162,725,-735,0,1,1/725.0,1/0.0,1/725.0,5.783909164703793
2023-02-14,アイムジャグラーEX-TP,163,509,-391,1,1,1/254.5,1/509.0,1/509.0,7.41152114409424
2023-02-14,アイムジャグラーEX-TP,164,8606,941,38,21,1/145.9,1/226.5,1/409.8,6.173616692535574
2023-02-14,アイムジャグラーEX-TP,165,3149,-782,10,9,1/165.7,1/314.9,1/349.9,6.61219553007603
2023-02-14,アイムジャグラーEX-TP,166,5825,71,23,16,1/149.4,1/253.3,1/364.1,6.2168860764965155
2023-02-14,アイムジャグラーEX-TP,167,3258,-423,11,8,1/171.5,1/296.2,1/407.2,6.077626059114484
2023-02-14,アイムジャグラーEX-TP,168,8210,2323,39,31,1/117.3,1/210.5,1/264.8,6.358791191470948
2023-02-14,アイムジャグラーEX-TP,169,6203,-211,24,16,1/155.1,1/258.5,1/387.7,6.267105469797907
2023-02-14,アイムジャグラーEX-TP,170,3429,257,17,6,1/149.1,1/201.7,1/571.5,6.717175622172759
2023-02-14,アイムジャグラーEX-TP,171,916,-250,3,2,1/183.2,1/305.3,1/458.0,6.532992790386002
2023-02-14,アイムジャグラーEX-TP,172,6928,1091,26,31,1/121.5,1/266.5,1/223.5,6.07589322098263
2023-02-14,アイムジャグラーEX-TP,173,3446,-163,13,8,1/164.1,1/265.1,1/430.8,6.097306464441813
2023-02-14,アイムジャグラーEX-TP,174,4800,-432,15,13,1/171.4,1/320.0,1/369.2,5.733965503030043
2023-02-14,アイムジャグラーEX-TP,175,2677,-586,8,6,1/191.2,1/334.6,1/446.2,5.947546329430792
2023-02-14,アイムジャグラーEX-TP,176,3851,653,18,6,1/160.5,1/213.9,1/641.8,5.81770353623316
2023-02-14,アイムジャグラーEX-TP,177,5286,-129,20,14,1/155.5,1/264.3,1/377.6,6.1490145628347275
2023-02-14,アイムジャグラーEX-TP,178,5802,-497,20,18,1/152.7,1/290.1,1/322.3,6.2447423671370785
2023-02-14,マイジャグラーV,73,5215,1490,28,11,1/133.7,1/186.2,1/474.1,6.011558604710044
2023-02-14,マイジャグラーV,74,790,-523,2,1,1/263.3,1/395.0,1/790.0,7.003789027700097
2023-02-14,マイジャグラーV,75,2518,-991,5,5,1/251.8,1/503.6,1/503.6,5.4320295274166135
2023-02-14,マイジャグラーV,76,5485,-1273,17,11,1/195.9,1/322.6,1/498.6,5.8569476182461555
2023-02-14,マイジャグラーV,77,3645,-1686,6,13,1/191.8,1/607.5,1/280.4,5.995026533389169
2023-02-14,ファンキージャグラー2,78,173,-187,0,0,1/0.0,1/0.0,1/0.0,5.5257199506038965
2023-02-14,ファンキージャグラー2,79,5118,1319,24,16,1/128.0,1/213.2,1/319.9,5.85341869587993
2023-02-14,ファンキージャグラー2,80,1963,257,9,6,1/130.9,1/218.1,1/327.2,6.291444600853632
2023-02-14,ファンキージャグラー2,81,3258,-606,10,6,1/203.6,1/325.8,1/543.0,5.5829440545051625
2023-02-14,ファンキージャグラー2,82,1263,-468,2,4,1/210.5,1/631.5,1/315.8,5.4140711516330535
2023-02-14,ファンキージャグラー2,83,2287,-1190,5,4,1/254.1,1/457.4,1/571.8,6.066540492615954
2023-02-14,ファンキージャグラー2,84,2779,471,11,12,1/120.8,1/252.6,1/231.6,5.970714761321939
2023-02-14,ハッピージャグラーVIII,150,4542,1805,21,20,1/110.8,1/216.3,1/227.1,5.9345178480264975
2023-02-14,ハッピージャグラーVIII,151,2767,-1170,7,7,1/197.6,1/395.3,1/395.3,6.617262199837311
2023-02-14,ハッピージャグラーVIII,152,2414,-1531,5,4,1/268.2,1/482.8,1/603.5,6.716880495941733
2023-02-14,ハッピージャグラーVIII,153,2874,-993,7,9,1/179.6,1/410.6,1/319.3,6.393446917122274
2023-02-13,アイムジャグラーEX-TP,109,1816,-862,3,6,1/201.8,1/605.3,1/302.7,6.042810986562433
2023-02-13,アイムジャグラーEX-TP,110,1401,-190,4,6,1/140.1,1/350.2,1/233.5,6.311961179951984
2023-02-13,アイムジャグラーEX-TP,111,2200,384,10,5,1/146.7,1/220.0,1/440.0,5.95086344999956
2023-02-13,アイムジャグラーEX-TP,112,3638,1168,14,19,1/110.2,1/259.9,1/191.5,5.776003442866395
2023-02-13,アイムジャグラーEX-TP,113,2183,325,9,10,1/114.9,1/242.6,1/218.3,6.638858880212753
2023-02-13,アイムジャグラーEX-TP,114,997,-349,4,0,1/249.2,1/249.2,1/0.0,6.836170789899307
2023-02-13,アイムジャグラーEX-TP,115,791,-971,0,1,1/791.0,1/0.0,1/791.0,6.777692292598545
2023-02-13,アイムジャグラーEX-TP,116,4274,941,19,16,1/122.1,1/224.9,1/267.1,6.274579258557604
2023-02-13,アイムジャグラーEX-TP,117,2139,43,9,7,1/133.7,1/237.7,1/305.6,6.78219631297106
2023-02-13,アイムジャグラーEX-TP,118,1108,66,4,3,1/158.3,1/277.0,1/369.3,5.62212319685494
2023-02-13,アイムジャグラーEX-TP,119,2255,16,9,5,1/161.1,1/250.6,1/451.0,6.053972439525379
2023-02-13,アイムジャグラーEX-TP,120,2460,167,10,6,1/153.8,1/246.0,1/410.0,5.958820192358467
2023-02-13,アイムジャグラーEX-TP,121,3155,377,14,7,1/150.2,1/225.4,1/450.7,6.053339030443114
2023-02-13,アイムジャグラーEX-TP,122,0,0,0,0,1/0.0,1/0.0,1/0.0,0.0
2023-02-13,アイムジャグラーEX-TP,123,2629,-563,9,7,1/164.3,1/292.1,1/375.6,6.664230466681687
2023-02-13,アイムジャグラーEX-TP,124,3928,-181,13,15,1/140.3,1/302.2,1/261.9,6.216123078730552
2023-02-13,アイムジャグラーEX-TP,125,2710,127,11,9,1/135.5,1/246.4,1/301.1,6.456710022719994
2023-02-13,アイムジャグラーEX-TP,126,988,-473,1,3,1/247.0,1/988.0,1/329.3,5.311898782306344
2023-02-13,アイムジャグラーEX-TP,127,888,-205,3,1,1/222.0,1/296.0,1/888.0,5.963993597572277
2023-02-13,アイムジャグラーEX-TP,128,1458,-503,5,1,1/243.0,1/291.6,1/1458.0,6.367540184288316
2023-02-13,アイムジャグラーEX-TP,129,756,-533,1,1,1/378.0,1/756.0,1/756.0,5.860976702307504
2023-02-13,アイムジャグラーEX-TP,130,6324,1310,25,26,1/124.0,1/253.0,1/243.2,5.923188440723547
2023-02-13,アイムジャグラーEX-TP,131,2135,-20,8,6,1/152.5,1/266.9,1/355.8,6.107714916470204
2023-02-13,アイムジャグラーEX-TP,132,2049,-1130,2,7,1/227.7,1/1024.5,1/292.7,5.689142741702008
2023-02-13,アイムジャグラーEX-TP,154,1972,-151,6,6,1/164.3,1/328.7,1/328.7,5.724555743122812
2023-02-13,アイムジャグラーEX-TP,155,695,419,5,0,1/139.0,1/139.0,1/0.0,6.043922357773246
2023-02-13,アイムジャグラーEX-TP,156,2602,-101,8,9,1/153.1,1/325.2,1/289.1,5.765504437433121
2023-02-13,アイムジャグラーEX-TP,157,2476,1106,14,8,1/112.5,1/176.9,1/309.5,6.417374975358161
2023-02-13,アイムジャグラーEX-TP,158,8013,1298,31,33,1/125.2,1/258.5,1/242.8,6.033074529770291
2023-02-13,アイムジャグラーEX-TP,159,199,-61,1,0,1/199.0,1/199.0,1/0.0,8.340070349960246
2023-02-13,アイムジャグラーEX-TP,160,1338,-338,4,4,1/167.2,1/334.5,1/334.5,6.452498997885432
2023-02-13,アイムジャグラーEX-TP,161,2229,-676,7,5,1/185.8,1/318.4,1/445.8,6.54475319262985
2023-02-13,アイムジャグラーEX-TP,162,2390,85,7,12,1/125.8,1/341.4,1/199.2,5.926964177949288
2023-02-13,アイムジャグラーEX-TP,163,6781,1186,29,21,1/135.6,1/233.8,1/322.9,5.9982057218088265
2023-02-13,アイムジャグラーEX-TP,164,1019,-374,2,2,1/254.8,1/509.5,1/509.5,5.4009715176401345
2023-02-13,アイムジャグラーEX-TP,165,2931,-820,8,8,1/183.2,1/366.4,1/366.4,6.140621617787095
2023-02-13,アイムジャグラーEX-TP,166,3269,-856,7,14,1/155.7,1/467.0,1/233.5,6.058151845602338
2023-02-13,アイムジャグラーEX-TP,167,508,-293,1,2,1/169.3,1/508.0,1/254.0,7.393976848992723
2023-02-13,アイムジャグラーEX-TP,168,7601,279,28,26,1/140.8,1/271.5,1/292.3,6.089776135150376
2023-02-13,アイムジャグラーEX-TP,169,3498,-991,8,12,1/174.9,1/437.2,1/291.5,5.953962288712636
2023-02-13,アイムジャグラーEX-TP,170,3589,765,17,8,1/143.6,1/211.1,1/448.6,5.974335062250524
2023-02-13,アイムジャグラーEX-TP,171,5764,2314,32,19,1/113.0,1/180.1,1/303.4,6.552339408544058
2023-02-13,アイムジャグラーEX-TP,172,1016,-891,2,0,1/508.0,1/508.0,1/0.0,6.915839273172521
2023-02-13,アイムジャグラーEX-TP,173,4724,597,20,14,1/138.9,1/236.2,1/337.4,6.112951452269819
2023-02-13,アイムジャグラーEX-TP,174,549,-395,1,0,1/549.0,1/549.0,1/0.0,5.920751868622721
2023-02-13,アイムジャグラーEX-TP,175,177,-148,0,0,1/0.0,1/0.0,1/0.0,4.727680274194771
2023-02-13,アイムジャグラーEX-TP,176,5410,431,20,22,1/128.8,1/270.5,1/245.9,6.192844254316876
2023-02-13,アイムジャグラーEX-TP,177,2103,-427,8,3,1/191.2,1/262.9,1/701.0,6.484968918250137
2023-02-13,アイムジャグラーEX-TP,178,3700,737,16,9,1/148.0,1/231.2,1/411.1,5.6764420368147945
2023-02-13,マイジャグラーV,73,5885,-1457,15,19,1/173.1,1/392.3,1/309.7,5.8581484078904555
2023-02-13,マイジャグラーV,74,7899,328,30,28,1/136.2,1/263.3,1/282.1,6.0342872245108845
2023-02-13,マイジャグラーV,75,3693,-37,13,6,1/194.4,1/284.1,1/615.5,5.25086896469473
2023-02-13,マイジャグラーV,76,6709,1698,32,18,1/134.2,1/209.7,1/372.7,5.768189682072896
2023-02-13,マイジャグラーV,77,3302,-1054,10,4,1/235.9,1/330.2,1/825.5,5.833522804310798
2023-02-13,ファンキージャグラー2,78,1282,-207,4,3,1/183.1,1/320.5,1/427.3,5.723075679975161
2023-02-13,ファンキージャグラー2,79,867,-586,1,1,1/433.5,1/867.0,1/867.0,5.4533322210716095
2023-02-13,ファンキージャグラー2,80,603,-631,0,0,1/0.0,1/0.0,1/0.0,5.397143742921423
2023-02-13,ファンキージャグラー2,81,486,-497,0,0,1/0.0,1/0.0,1/0.0,5.311851303138664
2023-02-13,ファンキージャグラー2,82,2645,79,11,7,1/146.9,1/240.5,1/377.9,6.099896177806785
2023-02-13,ファンキージャグラー2,83,154,-224,0,0,1/0.0,1/0.0,1/0.0,7.447717866905896
2023-02-13,ファンキージャグラー2,84,3514,1120,20,6,1/135.2,1/175.7,1/585.7,6.046434257781912
2023-02-13,ハッピージャグラーVIII,150,2562,-871,7,4,1/232.9,1/366.0,1/640.5,5.988029900182555
2023-02-13,ハッピージャグラーVIII,151,2739,-114,12,4,1/171.2,1/228.2,1/684.8,6.406377468075777
2023-02-13,ハッピージャグラーVIII,152,998,-618,1,3,1/249.5,1/998.0,1/332.7,6.000573902584169
2023-02-13,ハッピージャグラーVIII,153,4186,-477,17,9,1/161.0,1/246.2,1/465.1,6.738928771929642
2023-02-12,アイムジャグラーEX-TP,109,1381,-950,2,3,1/276.2,1/690.5,1/460.3,6.301045138524668
2023-02-12,アイムジャグラーEX-TP,110,6101,2545,36,14,1/122.0,1/169.5,1/435.8,6.429058526814696
2023-02-12,アイムジャグラーEX-TP,111,6274,382,24,21,1/139.4,1/261.4,1/298.8,6.110223345414285
2023-02-12,アイムジャグラーEX-TP,112,1248,-1013,1,3,1/312.0,1/1248.0,1/416.0,6.2192302586282855
2023-02-12,アイムジャグラーEX-TP,113,1855,-742,4,7,1/168.6,1/463.8,1/265.0,6.519398549460181
2023-02-12,アイムジャグラーEX-TP,114,946,-433,3,0,1/315.3,1/315.3,1/0.0,6.280285698561291
2023-02-12,アイムジャグラーEX-TP,115,2541,-398,8,7,1/169.4,1/317.6,1/363.0,6.068583012615129
2023-02-12,アイムジャグラーEX-TP,116,5291,2432,29,17,1/115.0,1/182.4,1/311.2,6.131079679307567
2023-02-12,アイムジャグラーEX-TP,117,1457,-1049,3,4,1/208.1,1/485.7,1/364.2,7.770603258544077
2023-02-12,アイムジャグラーEX-TP,118,1781,-1161,2,5,1/254.4,1/890.5,1/356.2,6.029143886280528
2023-02-12,アイムジャグラーEX-TP,119,7829,1526,31,32,1/124.3,1/252.5,1/244.7,5.974359277057809
2023-02-12,アイムジャグラーEX-TP,120,3784,1163,20,8,1/135.1,1/189.2,1/473.0,6.124014266752222
2023-02-12,アイムジャグラーEX-TP,121,6372,139,22,22,1/144.8,1/289.6,1/289.6,5.909263975019801
2023-02-12,アイムジャグラーEX-TP,122,0,0,0,0,1/0.0,1/0.0,1/0.0,0.0
2023-02-12,アイムジャグラーEX-TP,123,4167,-41,17,10,1/154.3,1/245.1,1/416.7,6.324705268658589
2023-02-12,アイムジャグラーEX-TP,124,713,-737,0,2,1/356.5,1/0.0,1/356.5,6.517425841657448
2023-02-12,アイムジャグラーEX-TP,125,5090,1365,26,10,1/141.4,1/195.8,1/509.0,6.033353420804708
2023-02-12,アイムジャグラーEX-TP,126,298,-364,0,0,1/0.0,1/0.0,1/0.0,6.121620577848113
2023-02-12,アイムジャグラーEX-TP,127,6970,1197,30,24,1/129.1,1/232.3,1/290.4,6.198385876288577
2023-02-12,アイムジャグラーEX-TP,128,2635,-656,8,7,1/175.7,1/329.4,1/376.4,6.331522101517486
2023-02-12,アイムジャグラーEX-TP,129,2757,247,12,8,1/137.8,1/229.8,1/344.6,6.4105503381896645
2023-02-12,アイムジャグラーEX-TP,130,1618,-583,4,5,1/179.8,1/404.5,1/323.6,6.38714120836264
2023-02-12,アイムジャグラーEX-TP,131,3505,-114,13,9,1/159.3,1/269.6,1/389.4,6.063670792327147
2023-02-12,アイムジャグラーEX-TP,132,5195,1326,25,14,1/133.2,1/207.8,1/371.1,6.070811369490322
2023-02-12,アイムジャグラーEX-TP,154,851,-313,3,1,1/212.8,1/283.7,1/851.0,6.879545067244925
2023-02-12,アイムジャグラーEX-TP,155,6255,2161,31,24,1/113.7,1/201.8,1/260.6,6.333462415811401
2023-02-12,アイムジャグラーEX-TP,156,3978,620,18,10,1/142.1,1/221.0,1/397.8,6.1168745594174245
2023-02-12,アイムジャグラーEX-TP,157,5726,-978,16,20,1/159.1,1/357.9,1/286.3,6.047931132252559
2023-02-12,アイムジャグラーEX-TP,158,2454,-680,8,4,1/204.5,1/306.8,1/613.5,6.26520409808685
2023-02-12,アイムジャグラーEX-TP,159,2068,-956,5,3,1/258.5,1/413.6,1/689.3,6.058817642245686
2023-02-12,アイムジャグラーEX-TP,160,5916,-495,19,19,1/155.7,1/311.4,1/311.4,6.006822312408492
2023-02-12,アイムジャグラーEX-TP,161,2263,-568,5,8,1/174.1,1/452.6,1/282.9,5.774177800330156
2023-02-12,アイムジャグラーEX-TP,162,8212,842,33,25,1/141.6,1/248.8,1/328.5,6.00947826151736
2023-02-12,アイムジャグラーEX-TP,163,2525,-614,7,9,1/157.8,1/360.7,1/280.6,6.404549386051018
2023-02-12,アイムジャグラーEX-TP,164,2580,-1344,5,5,1/258.0,1/516.0,1/516.0,5.988570187087111
2023-02-12,アイムジャグラーEX-TP,165,3532,1395,21,5,1/135.8,1/168.2,1/706.4,6.179516205466324
2023-02-12,アイムジャグラーEX-TP,166,3113,293,13,5,1/172.9,1/239.5,1/622.6,5.6329106159320865
2023-02-12,アイムジャグラーEX-TP,167,4234,-177,16,8,1/176.4,1/264.6,1/529.2,5.894978931506804
2023-02-12,アイムジャグラーEX-TP,168,5102,-937,16,15,1/164.6,1/318.9,1/340.1,6.266140269944881
2023-02-12,アイムジャグラーEX-TP,169,7139,5180,43,29,1/99.2,1/166.0,1/246.2,5.909966058797532
2023-02-12,アイムジャグラーEX-TP,170,988,-489,2,2,1/247.0,1/494.0,1/494.0,6.0061695762951315
2023-02-12,アイムジャグラーEX-TP,171,7714,1173,35,20,1/140.3,1/220.4,1/385.7,6.184986036997137
2023-02-12,アイムジャグラーEX-TP,172,4481,16,12,22,1/131.8,1/373.4,1/203.7,5.7495691929023955
2023-02-12,アイムジャグラーEX-TP,173,4946,211,19,15,1/145.5,1/260.3,1/329.7,6.074701834203775
2023-02-12,アイムジャグラーEX-TP,174,3539,745,17,11,1/126.4,1/208.2,1/321.7,6.473201530975266
2023-02-12,アイムジャグラーEX-TP,175,2464,857,12,7,1/129.7,1/205.3,1/352.0,5.78908180581103
2023-02-12,アイムジャグラーEX-TP,176,4856,-881,17,6,1/211.1,1/285.6,1/809.3,5.927578877355866
2023-02-12,アイムジャグラーEX-TP,177,3671,-1707,8,9,1/215.9,1/458.9,1/407.9,6.238936234009836
2023-02-12,アイムジャグラーEX-TP,178,2830,-1177,8,4,1/235.8,1/353.8,1/707.5,6.311424883338998
2023-02-12,マイジャグラーV,73,4739,589,18,16,1/139.4,1/263.3,1/296.2,5.616025440583394
2023-02-12,マイジャグラーV,74,5605,-374,19,18,1/151.5,1/295.0,1/311.4,5.939567955906363
2023-02-12,マイジャグラーV,75,1902,-819,6,1,1/271.7,1/317.0,1/1902.0,6.177034239744096
2023-02-12,マイジャグラーV,76,5893,761,27,13,1/147.3,1/218.3,1/453.3,5.911167018656157
2023-02-12,マイジャグラーV,77,3166,-1370,7,7,1/226.1,1/452.3,1/452.3,5.890016161685297
2023-02-12,ファンキージャグラー2,78,6261,116,27,12,1/160.5,1/231.9,1/521.8,6.0018400226605175
2023-02-12,ファンキージャグラー2,79,2816,-415,9,9,1/156.4,1/312.9,1/312.9,6.096361039663367
2023-02-12,ファンキージャグラー2,80,2035,426,10,6,1/127.2,1/203.5,1/339.2,6.242559879013975
2023-02-12,ファンキージャグラー2,81,1924,95,7,6,1/148.0,1/274.9,1/320.7,5.671399022715368
2023-02-12,ファンキージャグラー2,82,4150,-347,14,13,1/153.7,1/296.4,1/319.2,5.971915806779743
2023-02-12,ファンキージャグラー2,83,1992,-84,8,2,1/199.2,1/249.0,1/996.0,5.5941887836514885
2023-02-12,ファンキージャグラー2,84,3454,180,17,4,1/164.5,1/203.2,1/863.5,6.187358647673411
2023-02-12,ハッピージャグラーVIII,150,1234,-218,3,4,1/176.3,1/411.3,1/308.5,5.670987807720884
2023-02-12,ハッピージャグラーVIII,151,7199,-1608,22,20,1/171.4,1/327.2,1/359.9,6.356536653057189
2023-02-12,ハッピージャグラーVIII,152,702,-199,1,4,1/140.4,1/702.0,1/175.5,6.106534230843087
2023-02-12,ハッピージャグラーVIII,153,5019,-703,17,14,1/161.9,1/295.2,1/358.5,6.34220047788588
2023-02-11,アイムジャグラーEX-TP,109,5406,516,21,16,1/146.1,1/257.4,1/337.9,5.8571087146659435
2023-02-11,アイムジャグラーEX-TP,110,6097,84,21,20,1/148.7,1/290.3,1/304.9,5.863968078238972
2023-02-11,アイムジャグラーEX-TP,111,7147,1234,31,25,1/127.6,1/230.5,1/285.9,6.259755522870099
2023-02-11,アイムジャグラーEX-TP,112,1042,-64,3,3,1/173.7,1/347.3,1/347.3,5.444773743524403
2023-02-11,アイムジャグラーEX-TP,113,3726,-371,11,12,1/162.0,1/338.7,1/310.5,5.796097851011943
2023-02-11,アイムジャグラーEX-TP,114,1532,-489,5,2,1/218.9,1/306.4,1/766.0,6.325232645318401
2023-02-11,アイムジャグラーEX-TP,115,4641,-322,19,11,1/154.7,1/244.3,1/421.9,6.641345885558148
2023-02-11,アイムジャグラーEX-TP,116,4768,-909,13,16,1/164.4,1/366.8,1/298.0,6.001466608402429
2023-02-11,アイムジャグラーEX-TP,117,1737,632,8,6,1/124.1,1/217.1,1/289.5,5.689970694521689
2023-02-11,アイムジャグラーEX-TP,118,6233,-221,20,22,1/148.4,1/311.6,1/283.3,5.923836062204061
2023-02-11,アイムジャグラーEX-TP,119,3417,-1048,10,6,1/213.6,1/341.7,1/569.5,6.064869288133793
2023-02-11,アイムジャグラーEX-TP,120,4013,-1163,11,7,1/222.9,1/364.8,1/573.3,5.781745767950837
2023-02-11,アイムジャグラーEX-TP,121,4675,-1084,16,9,1/187.0,1/292.2,1/519.4,6.38372757118283
2023-02-11,アイムジャグラーEX-TP,122,0,0,0,0,1/0.0,1/0.0,1/0.0,0.0
2023-02-11,アイムジャグラーEX-TP,123,4354,-8,16,12,1/155.5,1/272.1,1/362.8,5.967136945765495
2023-02-11,アイムジャグラーEX-TP,124,2832,-725,9,8,1/166.6,1/314.7,1/354.0,6.6401867336806575
2023-02-11,アイムジャグラーEX-TP,125,4755,467,19,16,1/135.9,1/250.3,1/297.2,6.143994690968373
2023-02-11,アイムジャグラーEX-TP,126,2851,-471,9,8,1/167.7,1/316.8,1/356.4,6.141103781875231
2023-02-11,アイムジャグラーEX-TP,127,3438,-630,10,11,1/163.7,1/343.8,1/312.5,6.1091298493417145
2023-02-11,アイムジャグラーEX-TP,128,1903,-1040,5,2,1/271.9,1/380.6,1/951.5,6.54896268457501
2023-02-11,アイムジャグラーEX-TP,129,1934,-533,6,5,1/175.8,1/322.3,1/386.8,6.519959487250698
2023-02-11,アイムジャグラーEX-TP,130,2437,-2012,3,4,1/348.1,1/812.3,1/609.2,6.46683723867589
2023-02-11,アイムジャグラーEX-TP,131,3992,854,19,10,1/137.7,1/210.1,1/399.2,6.117066150262879
2023-02-11,アイムジャグラーEX-TP,132,3712,-2012,6,12,1/206.2,1/618.7,1/309.3,6.288029918554766
2023-02-11,アイムジャグラーEX-TP,154,4021,-2072,7,10,1/236.5,1/574.4,1/402.1,5.975711445154849
2023-02-11,アイムジャグラーEX-TP,155,1772,-662,4,6,1/177.2,1/443.0,1/295.3,6.323819981258367
2023-02-11,アイムジャグラーEX-TP,156,3464,-1360,9,7,1/216.5,1/384.9,1/494.9,6.199413217664405
2023-02-11,アイムジャグラーEX-TP,157,4929,-101,20,9,1/170.0,1/246.4,1/547.7,6.086275379870204
2023-02-11,アイムジャグラーEX-TP,158,2491,-687,7,5,1/207.6,1/355.9,1/498.2,5.902764711864988
2023-02-11,アイムジャグラーEX-TP,159,3182,-1642,6,9,1/212.1,1/530.3,1/353.6,6.303542347136076
2023-02-11,アイムジャグラーEX-TP,160,1704,-555,5,1,1/284.0,1/340.8,1/1704.0,5.675844146915629
2023-02-11,アイムジャグラーEX-TP,161,3957,189,16,12,1/141.3,1/247.3,1/329.8,6.292735978553363
2023-02-11,アイムジャグラーEX-TP,162,1830,-482,4,6,1/183.0,1/457.5,1/305.0,5.700211842299122
2023-02-11,アイムジャグラーEX-TP,163,4643,-1523,12,14,1/178.6,1/386.9,1/331.6,6.330475470655104
2023-02-11,アイムジャグラーEX-TP,164,3536,-394,12,10,1/160.7,1/294.7,1/353.6,6.178254452318186
2023-02-11,アイムジャグラーEX-TP,165,2588,-557,8,7,1/172.5,1/323.5,1/369.7,6.255850204972158
2023-02-11,アイムジャグラーEX-TP,166,4673,746,20,15,1/133.5,1/233.7,1/311.5,6.12141034726893
2023-02-11,アイムジャグラーEX-TP,167,2259,363,11,1,1/188.2,1/205.4,1/2259.0,5.620320691169574
2023-02-11,アイムジャグラーEX-TP,168,4542,25,16,15,1/146.5,1/283.9,1/302.8,5.996158893880568
2023-02-11,アイムジャグラーEX-TP,169,6325,558,26,19,1/140.6,1/243.3,1/332.9,6.165187549635243
2023-02-11,アイムジャグラーEX-TP,170,3196,484,15,6,1/152.2,1/213.1,1/532.7,6.052656711965449
2023-02-11,アイムジャグラーEX-TP,171,6219,401,24,19,1/144.6,1/259.1,1/327.3,6.005162121947936
2023-02-11,アイムジャグラーEX-TP,172,2251,-898,5,5,1/225.1,1/450.2,1/450.2,5.883528509132694
2023-02-11,アイムジャグラーEX-TP,173,4075,-723,13,10,1/177.2,1/313.5,1/407.5,6.0807803693010865
2023-02-11,アイムジャグラーEX-TP,174,3378,88,15,5,1/168.9,1/225.2,1/675.6,6.16470470407483
2023-02-11,アイムジャグラーEX-TP,175,4931,-402,19,10,1/170.0,1/259.5,1/493.1,6.223165752814568
2023-02-11,アイムジャグラーEX-TP,176,2715,-582,7,10,1/159.7,1/387.9,1/271.5,6.082093476736327
2023-02-11,アイムジャグラーEX-TP,177,5863,-497,18,21,1/150.3,1/325.7,1/279.2,6.010412765891183
2023-02-11,アイムジャグラーEX-TP,178,3611,-982,10,7,1/212.4,1/361.1,1/515.9,5.814213825466254
2023-02-11,マイジャグラーV,73,5504,-1665,14,15,1/189.8,1/393.1,1/366.9,5.8828660446925305
2023-02-11,マイジャグラーV,74,2355,-1005,6,4,1/235.5,1/392.5,1/588.8,6.004018964095439
2023-02-11,マイジャグラーV,75,5132,-1110,18,10,1/183.3,1/285.1,1/513.2,6.203986933209143
2023-02-11,マイジャグラーV,76,6128,-384,23,16,1/157.1,1/266.4,1/383.0,6.055083294300871
2023-02-11,マイジャグラーV,77,3740,-146,15,9,1/155.8,1/249.3,1/415.6,6.1409854500104695
2023-02-11,ファンキージャグラー2,78,8152,3106,39,31,1/116.5,1/209.0,1/263.0,5.702462677619611
2023-02-11,ファンキージャグラー2,79,844,-199,3,0,1/281.3,1/281.3,1/0.0,5.545914454926631
2023-02-11,ファンキージャグラー2,80,3541,-768,12,6,1/196.7,1/295.1,1/590.2,5.9718021234681045
2023-02-11,ファンキージャグラー2,81,2014,-362,5,8,1/154.9,1/402.8,1/251.8,5.81125301247753
2023-02-11,ファンキージャグラー2,82,6362,1493,32,17,1/129.8,1/198.8,1/374.2,6.1281059748142255
2023-02-11,ファンキージャグラー2,83,5376,1044,25,13,1/141.5,1/215.0,1/413.5,5.7971708382896665
2023-02-11,ファンキージャグラー2,84,2469,-87,10,6,1/154.3,1/246.9,1/411.5,6.187271530722894
2023-02-11,ハッピージャグラーVIII,150,4617,-821,14,14,1/164.9,1/329.8,1/329.8,6.2234779560134434
2023-02-11,ハッピージャグラーVIII,151,3726,872,13,22,1/106.5,1/286.6,1/169.4,6.093091597637317
2023-02-11,ハッピージャグラーVIII,152,6050,775,29,11,1/151.2,1/208.6,1/550.0,6.22362753903751
2023-02-11,ハッピージャグラーVIII,153,3104,-871,9,10,1/163.4,1/344.9,1/310.4,6.686860813983122
2023-02-10,アイムジャグラーEX-TP,109,2744,53,11,6,1/161.4,1/249.5,1/457.3,6.0052632280421445
2023-02-10,アイムジャグラーEX-TP,110,4492,408,18,13,1/144.9,1/249.6,1/345.5,5.984881140353816
2023-02-10,アイムジャグラーEX-TP,111,2843,-910,7,7,1/203.1,1/406.1,1/406.1,5.9036778106147505
2023-02-10,アイムジャグラーEX-TP,112,2248,152,10,4,1/160.6,1/224.8,1/562.0,6.112508994062111
2023-02-10,アイムジャグラーEX-TP,113,2552,-515,8,7,1/170.1,1/319.0,1/364.6,6.26157283790552
2023-02-10,アイムジャグラーEX-TP,114,1309,492,8,1,1/145.4,1/163.6,1/1309.0,6.173360313763277
2023-02-10,アイムジャグラーEX-TP,115,3429,1131,14,16,1/114.3,1/244.9,1/214.3,5.764103824066843
2023-02-10,アイムジャグラーEX-TP,116,1227,-558,3,3,1/204.5,1/409.0,1/409.0,6.523348643797413
2023-02-10,アイムジャグラーEX-TP,117,5125,638,23,12,1/146.4,1/222.8,1/427.1,6.143343687115012
2023-02-10,アイムジャグラーEX-TP,118,242,-220,0,1,1/242.0,1/0.0,1/242.0,6.527233804166264
2023-02-10,アイムジャグラーEX-TP,119,5017,874,18,24,1/119.5,1/278.7,1/209.0,5.946002334454799
2023-02-10,アイムジャグラーEX-TP,120,5118,1893,27,19,1/111.3,1/189.6,1/269.4,6.562125519383003
2023-02-10,アイムジャグラーEX-TP,121,3698,1141,18,13,1/119.3,1/205.4,1/284.5,6.254575391878831
2023-02-10,アイムジャグラーEX-TP,122,0,0,0,0,1/0.0,1/0.0,1/0.0,0.0
2023-02-10,アイムジャグラーEX-TP,123,1578,-152,5,3,1/197.2,1/315.6,1/526.0,5.499002791737083
2023-02-10,アイムジャグラーEX-TP,124,1494,-934,3,1,1/373.5,1/498.0,1/1494.0,5.993049987492416
2023-02-10,アイムジャグラーEX-TP,125,2570,-1653,2,9,1/233.6,1/1285.0,1/285.6,5.8995147362188085
2023-02-10,アイムジャグラーEX-TP,126,1824,95,7,5,1/152.0,1/260.6,1/364.8,5.903734940944524
2023-02-10,アイムジャグラーEX-TP,127,3933,-762,11,12,1/171.0,1/357.5,1/327.8,5.9645894472081284
2023-02-10,アイムジャグラーEX-TP,128,3236,-1034,8,11,1/170.3,1/404.5,1/294.2,6.329749142222168
2023-02-10,アイムジャグラーEX-TP,129,733,-288,2,1,1/244.3,1/366.5,1/733.0,6.060928287807602
2023-02-10,アイムジャグラーEX-TP,130,4563,680,14,26,1/114.1,1/325.9,1/175.5,5.866241064427963
2023-02-10,アイムジャグラーEX-TP,131,1536,-430,4,4,1/192.0,1/384.0,1/384.0,5.943411295205523
2023-02-10,アイムジャグラーEX-TP,132,4479,1498,24,11,1/128.0,1/186.6,1/407.2,6.237515134399512
2023-02-10,アイムジャグラーEX-TP,154,927,84,3,5,1/115.9,1/309.0,1/185.4,6.191595620277655
2023-02-10,アイムジャグラーEX-TP,155,6732,683,27,25,1/129.5,1/249.3,1/269.3,6.307320066549534
2023-02-10,アイムジャグラーEX-TP,156,4847,-45,15,19,1/142.6,1/323.1,1/255.1,5.847449630078538
2023-02-10,アイムジャグラーEX-TP,157,4863,-450,15,17,1/152.0,1/324.2,1/286.1,6.0248836242250725
2023-02-10,アイムジャグラーEX-TP,158,5261,1090,22,21,1/122.3,1/239.1,1/250.5,6.131932543986593
2023-02-10,アイムジャグラーEX-TP,159,3612,583,15,12,1/133.8,1/240.8,1/301.0,6.01556121763686
2023-02-10,アイムジャグラーEX-TP,160,3678,145,14,11,1/147.1,1/262.7,1/334.4,6.030854065842595
2023-02-10,アイムジャグラーEX-TP,161,3016,-702,7,11,1/167.6,1/430.9,1/274.2,5.8607017677361135
2023-02-10,アイムジャグラーEX-TP,162,677,-782,0,0,1/0.0,1/0.0,1/0.0,5.825706562688561
2023-02-10,アイムジャグラーEX-TP,163,2352,-1466,4,4,1/294.0,1/588.0,1/588.0,6.080251879604394
2023-02-10,アイムジャグラーEX-TP,164,3222,-76,13,8,1/153.4,1/247.8,1/402.8,6.377045738756899
2023-02-10,アイムジャグラーEX-TP,165,1110,-768,2,1,1/370.0,1/555.0,1/1110.0,6.163733756687443
2023-02-10,アイムジャグラーEX-TP,166,5849,264,23,20,1/136.0,1/254.3,1/292.4,6.3503664478470165
2023-02-10,アイムジャグラーEX-TP,167,3319,171,13,10,1/144.3,1/255.3,1/331.9,6.1126989783431265
2023-02-10,アイムジャグラーEX-TP,168,3663,-922,10,11,1/174.4,1/366.3,1/333.0,6.131844499838435
2023-02-10,アイムジャグラーEX-TP,169,4516,9,17,12,1/155.7,1/265.6,1/376.3,6.008671939937124
2023-02-10,アイムジャグラーEX-TP,170,3884,-581,12,14,1/149.4,1/323.7,1/277.4,6.353549234264815
2023-02-10,アイムジャグラーEX-TP,171,1212,-546,3,3,1/202.0,1/404.0,1/404.0,6.556561868788915
2023-02-10,アイムジャグラーEX-TP,172,3811,-99,13,13,1/146.6,1/293.2,1/293.2,6.058910800845557
2023-02-10,アイムジャグラーEX-TP,173,4504,-1010,12,17,1/155.3,1/375.3,1/264.9,6.273741476525335
2023-02-10,アイムジャグラーEX-TP,174,1979,-715,6,2,1/247.4,1/329.8,1/989.5,6.111454650968308
2023-02-10,アイムジャグラーEX-TP,175,2881,-787,7,10,1/169.5,1/411.6,1/288.1,6.087948906196751
2023-02-10,アイムジャグラーEX-TP,176,1598,-793,4,2,1/266.3,1/399.5,1/799.0,6.230762326362339
2023-02-10,アイムジャグラーEX-TP,177,1888,-966,4,4,1/236.0,1/472.0,1/472.0,6.237538138845483
2023-02-10,アイムジャグラーEX-TP,178,4656,279,20,13,1/141.1,1/232.8,1/358.2,6.435819515569396
2023-02-10,マイジャグラーV,73,5905,1177,27,18,1/131.2,1/218.7,1/328.1,5.9454815576706075
2023-02-10,マイジャグラーV,74,5520,889,28,8,1/153.3,1/197.1,1/690.0,5.97037073730942
2023-02-10,マイジャグラーV,75,6379,-526,22,22,1/145.0,1/290.0,1/290.0,6.180265175835696
2023-02-10,マイジャグラーV,76,7006,1636,33,23,1/125.1,1/212.3,1/304.6,6.040375604367072
2023-02-10,マイジャグラーV,77,5918,969,28,11,1/151.7,1/211.4,1/538.0,5.775118838769199
2023-02-10,ファンキージャグラー2,78,3031,2062,20,10,1/101.0,1/151.6,1/303.1,6.078732166192357
2023-02-10,ファンキージャグラー2,79,3855,224,16,9,1/154.2,1/240.9,1/428.3,5.833298735163414
2023-02-10,ファンキージャグラー2,80,1310,-370,4,2,1/218.3,1/327.5,1/655.0,5.838124625020263
2023-02-10,ファンキージャグラー2,81,3732,105,17,8,1/149.3,1/219.5,1/466.5,6.335008919427751
2023-02-10,ファンキージャグラー2,82,4604,579,19,14,1/139.5,1/242.3,1/328.9,5.807737157256467
2023-02-10,ファンキージャグラー2,83,481,-294,2,0,1/240.5,1/240.5,1/0.0,8.670480506402932
2023-02-10,ファンキージャグラー2,84,4837,-716,16,12,1/172.8,1/302.3,1/403.1,5.912912077261969
2023-02-10,ハッピージャグラーVIII,150,1132,-314,3,4,1/161.7,1/377.3,1/283.0,6.506683864544866
2023-02-10,ハッピージャグラーVIII,151,5364,628,23,17,1/134.1,1/233.2,1/315.5,6.317714989432491
2023-02-10,ハッピージャグラーVIII,152,5248,-735,18,11,1/181.0,1/291.6,1/477.1,6.072040924259966
2023-02-10,ハッピージャグラーVIII,153,970,-408,3,1,1/242.5,1/323.3,1/970.0,6.559089706539902
2023-02-08,アイムジャグラーEX-TP,109,6187,-1188,20,17,1/167.2,1/309.4,1/363.9,6.337138016341417
2023-02-08,アイムジャグラーEX-TP,110,2391,-989,6,6,1/199.2,1/398.5,1/398.5,6.424800385133329
2023-02-08,アイムジャグラーEX-TP,111,2469,881,13,5,1/137.2,1/189.9,1/493.8,5.842193204287038
2023-02-08,アイムジャグラーEX-TP,112,6713,501,25,20,1/149.2,1/268.5,1/335.6,5.782481513566818
2023-02-08,アイムジャグラーEX-TP,113,1671,-914,3,5,1/208.9,1/557.0,1/334.2,6.4243819867557
2023-02-08,アイムジャグラーEX-TP,114,4174,-664,13,11,1/173.9,1/321.1,1/379.5,5.989373296314588
2023-02-08,アイムジャグラーEX-TP,115,2742,232,13,4,1/161.3,1/210.9,1/685.5,6.2364185326435
2023-02-08,アイムジャグラーEX-TP,116,8305,4254,41,39,1/103.8,1/202.6,1/212.9,5.9132954948876515
2023-02-08,アイムジャグラーEX-TP,117,1215,-683,2,3,1/243.0,1/607.5,1/405.0,6.072499648269824
2023-02-08,アイムジャグラーEX-TP,118,1851,849,12,2,1/132.2,1/154.2,1/925.5,6.373362526157126
2023-02-08,アイムジャグラーEX-TP,119,1507,-692,4,1,1/301.4,1/376.8,1/1507.0,5.974444363789665
2023-02-08,アイムジャグラーEX-TP,120,6520,-756,20,23,1/151.6,1/326.0,1/283.5,6.127174295225769
2023-02-08,アイムジャグラーEX-TP,121,5716,-619,18,16,1/168.1,1/317.6,1/357.2,5.872821120177132
2023-02-08,アイムジャグラーEX-TP,122,0,0,0,0,1/0.0,1/0.0,1/0.0,0.0
2023-02-08,アイムジャグラーEX-TP,123,3769,-204,13,13,1/145.0,1/289.9,1/289.9,6.254643894695892
2023-02-08,アイムジャグラーEX-TP,124,1316,-708,3,2,1/263.2,1/438.7,1/658.0,6.285301388082066
2023-02-08,アイムジャグラーEX-TP,125,3581,-1142,11,8,1/188.5,1/325.5,1/447.6,6.531447643662164
2023-02-08,アイムジャグラーEX-TP,126,1334,-369,3,5,1/166.8,1/444.7,1/266.8,6.016533470056877
2023-02-08,アイムジャグラーEX-TP,127,8915,2428,40,29,1/129.2,1/222.9,1/307.4,5.867195326303425
2023-02-08,アイムジャグラーEX-TP,128,212,-245,0,0,1/0.0,1/0.0,1/0.0,5.828101787247894
2023-02-08,アイムジャグラーEX-TP,129,7959,2530,37,29,1/120.6,1/215.1,1/274.4,6.0099681653670185
2023-02-08,アイムジャグラーEX-TP,130,1514,-490,4,4,1/189.2,1/378.5,1/378.5,6.205310696709661
2023-02-08,アイムジャグラーEX-TP,131,4306,370,18,11,1/148.5,1/239.2,1/391.5,6.0576476190413215
2023-02-08,アイムジャグラーEX-TP,132,4210,-2352,6,11,1/247.6,1/701.7,1/382.7,5.870687441463075
2023-02-08,アイムジャグラーEX-TP,154,2552,449,11,6,1/150.1,1/232.0,1/425.3,5.725145928966955
2023-02-08,アイムジャグラーEX-TP,155,347,-387,0,0,1/0.0,1/0.0,1/0.0,5.6615274572660725
2023-02-08,アイムジャグラーEX-TP,156,7689,-1953,19,27,1/167.2,1/404.7,1/284.8,6.065223946384462
2023-02-08,アイムジャグラーEX-TP,157,4663,197,16,18,1/137.1,1/291.4,1/259.1,5.966677049170972
2023-02-08,アイムジャグラーEX-TP,158,5577,914,22,24,1/121.2,1/253.5,1/232.4,6.195857212343304
2023-02-08,アイムジャグラーEX-TP,159,6009,1180,28,16,1/136.6,1/214.6,1/375.6,6.152290789964377
2023-02-08,アイムジャグラーEX-TP,160,2793,-467,11,4,1/186.2,1/253.9,1/698.2,6.476807544690029
2023-02-08,アイムジャグラーEX-TP,161,1116,-460,3,0,1/372.0,1/372.0,1/0.0,5.552739105000953
2023-02-08,アイムジャグラーEX-TP,162,5322,523,22,14,1/147.8,1/241.9,1/380.1,5.981691572922777
2023-02-08,アイムジャグラーEX-TP,163,4434,-369,14,20,1/130.4,1/316.7,1/221.7,6.545771551155648
2023-02-08,アイムジャグラーEX-TP,164,1232,-565,3,5,1/154.0,1/410.7,1/246.4,7.46728758294326
2023-02-08,アイムジャグラーEX-TP,165,4559,2124,26,10,1/126.6,1/175.3,1/455.9,5.915391144502457
2023-02-08,アイムジャグラーEX-TP,166,3813,-32,16,10,1/146.7,1/238.3,1/381.3,6.57983266275871
2023-02-08,アイムジャグラーEX-TP,167,2264,84,8,6,1/161.7,1/283.0,1/377.3,5.613310448349288
2023-02-08,アイムジャグラーEX-TP,168,4297,-362,15,13,1/153.5,1/286.5,1/330.5,6.255651486868053
2023-02-08,アイムジャグラーEX-TP,169,3759,-1363,9,9,1/208.8,1/417.7,1/417.7,5.9875102352338105
2023-02-08,アイムジャグラーEX-TP,170,4345,-560,13,17,1/144.8,1/334.2,1/255.6,6.27431115067112
2023-02-08,アイムジャグラーEX-TP,171,5120,792,19,19,1/134.7,1/269.5,1/269.5,5.725869736687157
2023-02-08,アイムジャグラーEX-TP,172,2992,-1536,5,10,1/199.5,1/598.4,1/299.2,6.265995749971105
2023-02-08,アイムジャグラーEX-TP,173,2514,914,12,8,1/125.7,1/209.5,1/314.2,5.7574774608727415
2023-02-08,アイムジャグラーEX-TP,174,5415,795,23,16,1/138.8,1/235.4,1/338.4,6.030819996060757
2023-02-08,アイムジャグラーEX-TP,175,3230,-680,10,8,1/179.4,1/323.0,1/403.8,6.134891253829321
2023-02-08,アイムジャグラーEX-TP,176,2464,-999,6,5,1/224.0,1/410.7,1/492.8,6.070777629411103
2023-02-08,アイムジャグラーEX-TP,177,4226,826,19,12,1/136.3,1/222.4,1/352.2,6.043693443789626
2023-02-08,アイムジャグラーEX-TP,178,6409,1949,27,29,1/114.4,1/237.4,1/221.0,5.957009741351452
2023-02-08,マイジャグラーV,73,3199,-385,11,7,1/177.7,1/290.8,1/457.0,5.800983817569468
2023-02-08,マイジャグラーV,74,8828,1637,40,27,1/131.8,1/220.7,1/327.0,5.967501431992482
2023-02-08,マイジャグラーV,75,1312,-749,4,2,1/218.7,1/328.0,1/656.0,7.373088743103041
2023-02-08,マイジャグラーV,76,953,-803,1,1,1/476.5,1/953.0,1/953.0,5.9838547843395276
2023-02-08,マイジャグラーV,77,9116,2257,43,27,1/130.2,1/212.0,1/337.6,5.850240886203423
2023-02-08,ファンキージャグラー2,78,774,-281,2,1,1/258.0,1/387.0,1/774.0,5.6165109457562234
2023-02-08,ファンキージャグラー2,79,747,-493,1,1,1/373.5,1/747.0,1/747.0,5.630093263022487
2023-02-08,ファンキージャグラー2,80,5660,61,22,14,1/157.2,1/257.3,1/404.3,5.822714295303689
2023-02-08,ファンキージャグラー2,81,2215,-682,5,7,1/184.6,1/443.0,1/316.4,5.798295556336151
2023-02-08,ファンキージャグラー2,82,864,-635,1,1,1/432.0,1/864.0,1/864.0,5.687499547435655
2023-02-08,ファンキージャグラー2,83,5275,-245,18,15,1/159.8,1/293.1,1/351.7,5.734753386918851
2023-02-08,ファンキージャグラー2,84,1540,-651,4,3,1/220.0,1/385.0,1/513.3,6.158620469014941
2023-02-08,ハッピージャグラーVIII,145,7422,528,30,24,1/137.4,1/247.4,1/309.2,6.283848471115409
2023-02-08,ハッピージャグラーVIII,146,873,-404,2,0,1/436.5,1/436.5,1/0.0,5.44815480810193
2023-02-08,ハッピージャグラーVIII,147,5782,-602,21,15,1/160.6,1/275.3,1/385.5,6.362678215444828
2023-02-08,ハッピージャグラーVIII,148,8627,115,32,25,1/151.4,1/269.6,1/345.1,6.027783508909763
2023-02-08,ハッピージャグラーVIII,149,686,41,3,1,1/171.5,1/228.7,1/686.0,5.915796059398558
2023-02-08,ハッピージャグラーVIII,150,3661,-85,14,10,1/152.5,1/261.5,1/366.1,6.254673840691569
2023-02-08,ハッピージャグラーVIII,151,1545,-651,5,2,1/220.7,1/309.0,1/772.5,6.900542580283709
2023-02-08,ハッピージャグラーVIII,152,1172,-16,5,1,1/195.3,1/234.4,1/1172.0,5.872068568926286
2023-02-08,ハッピージャグラーVIII,153,4565,111,17,16,1/138.3,1/268.5,1/285.3,6.266871066420854
2023-02-07,アイムジャグラーEX-TP,109,5063,-1039,17,9,1/194.7,1/297.8,1/562.6,6.106083866549349
2023-02-07,アイムジャグラーEX-TP,110,3792,-885,10,13,1/164.9,1/379.2,1/291.7,6.126455766335038
2023-02-07,アイムジャグラーEX-TP,111,983,-758,0,2,1/491.5,1/0.0,1/491.5,5.116998105513438
2023-02-07,アイムジャグラーEX-TP,112,7032,-92,23,27,1/140.6,1/305.7,1/260.4,6.025289868966911
2023-02-07,アイムジャグラーEX-TP,113,2024,248,9,5,1/144.6,1/224.9,1/404.8,6.161762210411637
2023-02-07,アイムジャグラーEX-TP,114,4259,-1337,7,20,1/157.7,1/608.4,1/212.9,5.907724014160173
2023-02-07,アイムジャグラーEX-TP,115,1786,-1259,3,1,1/446.5,1/595.3,1/1786.0,5.934591103350139
2023-02-07,アイムジャグラーEX-TP,116,2154,-927,5,6,1/195.8,1/430.8,1/359.0,6.402969551026094
2023-02-07,アイムジャグラーEX-TP,117,2458,248,9,11,1/122.9,1/273.1,1/223.5,6.235392616138373
2023-02-07,アイムジャグラーEX-TP,118,6454,1874,32,17,1/131.7,1/201.7,1/379.6,6.051196592248107
2023-02-07,アイムジャグラーEX-TP,119,955,-361,3,1,1/238.8,1/318.3,1/955.0,6.342640743530175
2023-02-07,アイムジャグラーEX-TP,120,5322,-1632,16,9,1/212.9,1/332.6,1/591.3,6.129157094753279
2023-02-07,アイムジャグラーEX-TP,121,4501,111,19,11,1/150.0,1/236.9,1/409.2,6.351212841771378
2023-02-07,アイムジャグラーEX-TP,122,0,0,0,0,1/0.0,1/0.0,1/0.0,0.0
2023-02-07,アイムジャグラーEX-TP,123,7663,2276,35,31,1/116.1,1/218.9,1/247.2,6.189812194329053
2023-02-07,アイムジャグラーEX-TP,124,937,-822,1,2,1/312.3,1/937.0,1/468.5,6.781956059438887
2023-02-07,アイムジャグラーEX-TP,125,1466,-649,4,0,1/366.5,1/366.5,1/0.0,5.713959647751926
2023-02-07,アイムジャグラーEX-TP,126,1559,-502,5,3,1/194.9,1/311.8,1/519.7,6.572336424706318
2023-02-07,アイムジャグラーEX-TP,127,3341,505,13,13,1/128.5,1/257.0,1/257.0,6.009510099196668
2023-02-07,アイムジャグラーEX-TP,128,2676,-1152,5,9,1/191.1,1/535.2,1/297.3,6.116074593620441
2023-02-07,アイムジャグラーEX-TP,129,4276,-294,14,14,1/152.7,1/305.4,1/305.4,6.037313534408818
2023-02-07,アイムジャグラーEX-TP,130,1574,46,6,4,1/157.4,1/262.3,1/393.5,5.892163818924746
2023-02-07,アイムジャグラーEX-TP,131,7089,523,26,32,1/122.2,1/272.7,1/221.5,6.3967439824180765
2023-02-07,アイムジャグラーEX-TP,132,1610,-484,5,1,1/268.3,1/322.0,1/1610.0,5.762618075507478
2023-02-07,アイムジャグラーEX-TP,154,2069,-603,6,5,1/188.1,1/344.8,1/413.8,6.259397226400281
2023-02-07,アイムジャグラーEX-TP,155,3150,-894,10,7,1/185.3,1/315.0,1/450.0,6.476554103128329
2023-02-07,アイムジャグラーEX-TP,156,1840,-695,4,5,1/204.4,1/460.0,1/368.0,5.945411749652282
2023-02-07,アイムジャグラーEX-TP,157,4721,826,21,14,1/134.9,1/224.8,1/337.2,6.138693993048023
2023-02-07,アイムジャグラーEX-TP,158,3612,-473,13,7,1/180.6,1/277.8,1/516.0,6.1138839873248285
2023-02-07,アイムジャグラーEX-TP,159,1769,-1002,3,5,1/221.1,1/589.7,1/353.8,6.316170725273494
2023-02-07,アイムジャグラーEX-TP,160,2293,-416,9,2,1/208.5,1/254.8,1/1146.5,6.26141811098668
2023-02-07,アイムジャグラーEX-TP,161,5058,282,16,22,1/133.1,1/316.1,1/229.9,5.8181880423191386
2023-02-07,アイムジャグラーEX-TP,162,6219,582,26,23,1/126.9,1/239.2,1/270.4,6.561535028230902
2023-02-07,アイムジャグラーEX-TP,163,918,-424,2,2,1/229.5,1/459.0,1/459.0,6.099679122326607
2023-02-07,アイムジャグラーEX-TP,164,4535,-317,15,13,1/162.0,1/302.3,1/348.8,5.906936893073631
2023-02-07,アイムジャグラーEX-TP,165,1942,-83,7,5,1/161.8,1/277.4,1/388.4,5.993833080328968
2023-02-07,アイムジャグラーEX-TP,166,3213,-1111,7,9,1/200.8,1/459.0,1/357.0,5.846479207641757
2023-02-07,アイムジャグラーEX-TP,167,4627,1715,23,18,1/112.9,1/201.2,1/257.1,6.252399968255591
2023-02-07,アイムジャグラーEX-TP,168,5773,-681,22,12,1/169.8,1/262.4,1/481.1,6.375050739241961
2023-02-07,アイムジャグラーEX-TP,169,4720,582,20,10,1/157.3,1/236.0,1/472.0,5.775315981363839
2023-02-07,アイムジャグラーEX-TP,170,4778,200,19,12,1/154.1,1/251.5,1/398.2,6.006697857830262
2023-02-07,アイムジャグラーEX-TP,171,6131,1369,25,26,1/120.2,1/245.2,1/235.8,6.046067921335716
2023-02-07,アイムジャグラーEX-TP,172,3233,580,13,14,1/119.7,1/248.7,1/230.9,6.225825459628352
2023-02-07,アイムジャグラーEX-TP,173,3180,-278,12,7,1/167.4,1/265.0,1/454.3,6.234824060813454
2023-02-07,アイムジャグラーEX-TP,174,3506,-266,11,14,1/140.2,1/318.7,1/250.4,6.231448842604356
2023-02-07,アイムジャグラーEX-TP,175,4063,-872,11,14,1/162.5,1/369.4,1/290.2,6.128997645502487
2023-02-07,アイムジャグラーEX-TP,176,4593,-1253,13,14,1/170.1,1/353.3,1/328.1,6.379361857419054
2023-02-07,アイムジャグラーEX-TP,177,1978,-571,3,11,1/141.3,1/659.3,1/179.8,6.02012474745455
2023-02-07,アイムジャグラーEX-TP,178,5396,227,22,13,1/154.2,1/245.3,1/415.1,6.076521217278549
2023-02-07,マイジャグラーV,73,4490,-1181,12,14,1/172.7,1/374.2,1/320.7,6.0101264942555686
2023-02-07,マイジャグラーV,74,6043,207,24,17,1/147.4,1/251.8,1/355.5,5.940713690214826
2023-02-07,マイジャグラーV,75,4338,-667,15,9,1/180.8,1/289.2,1/482.0,5.917701449622341
2023-02-07,マイジャグラーV,76,2613,-733,8,6,1/186.6,1/326.6,1/435.5,6.159512836751527
2023-02-07,マイジャグラーV,77,7170,3381,41,22,1/113.8,1/174.9,1/325.9,5.962484930458621
2023-02-07,ファンキージャグラー2,78,1240,347,7,2,1/137.8,1/177.1,1/620.0,6.133535476196069
2023-02-07,ファンキージャグラー2,79,1285,-416,3,3,1/214.2,1/428.3,1/428.3,5.6178562577481195
2023-02-07,ファンキージャグラー2,80,3752,175,15,8,1/163.1,1/250.1,1/469.0,5.650674319575302
2023-02-07,ファンキージャグラー2,81,740,-580,1,1,1/370.0,1/740.0,1/740.0,6.187691928197688
2023-02-07,ファンキージャグラー2,82,918,-336,3,2,1/183.6,1/306.0,1/459.0,6.818329943665219
2023-02-07,ファンキージャグラー2,83,866,-478,2,1,1/288.7,1/433.0,1/866.0,6.087316082305995
2023-02-07,ファンキージャグラー2,84,1800,-370,6,2,1/225.0,1/300.0,1/900.0,5.634552326991853
2023-02-07,ハッピージャグラーVIII,145,2246,-480,8,3,1/204.2,1/280.8,1/748.7,6.225802166265922
2023-02-07,ハッピージャグラーVIII,146,830,-532,1,2,1/276.7,1/830.0,1/415.0,6.060888193955725
2023-02-07,ハッピージャグラーVIII,147,2098,-695,5,7,1/174.8,1/419.6,1/299.7,6.356927062064196
2023-02-07,ハッピージャグラーVIII,148,6577,1951,29,26,1/119.6,1/226.8,1/253.0,5.962535995655065
2023-02-07,ハッピージャグラーVIII,149,215,-275,0,0,1/0.0,1/0.0,1/0.0,6.6598390409831785
2023-02-07,ハッピージャグラーVIII,150,7691,2723,39,24,1/122.1,1/197.2,1/320.5,6.0595512026216785
2023-02-07,ハッピージャグラーVIII,151,1710,-255,5,5,1/171.0,1/342.0,1/342.0,5.923839687387548
2023-02-07,ハッピージャグラーVIII,152,3438,-1100,9,11,1/171.9,1/382.0,1/312.5,6.5217524297819685
2023-02-07,ハッピージャグラーVIII,153,2379,-315,9,2,1/216.3,1/264.3,1/1189.5,5.87963849861985
2023-02-06,アイムジャグラーEX-TP,109,4655,-1382,11,14,1/186.2,1/423.2,1/332.5,5.92043382090109
2023-02-06,アイムジャグラーEX-TP,110,5886,1689,25,20,1/130.8,1/235.4,1/294.3,5.616116456615228
2023-02-06,アイムジャグラーEX-TP,111,5251,1734,27,17,1/119.3,1/194.5,1/308.9,6.357904574136389
2023-02-06,アイムジャグラーEX-TP,112,2878,-341,9,7,1/179.9,1/319.8,1/411.1,5.745220587325236
2023-02-06,アイムジャグラーEX-TP,113,1434,-711,5,0,1/286.8,1/286.8,1/0.0,6.91767403485784
2023-02-06,アイムジャグラーEX-TP,114,5239,-361,17,18,1/149.7,1/308.2,1/291.1,6.07497901673954
2023-02-06,アイムジャグラーEX-TP,115,1569,-51,5,5,1/156.9,1/313.8,1/313.8,5.7487423664285755
2023-02-06,アイムジャグラーEX-TP,116,5803,-672,20,16,1/161.2,1/290.1,1/362.7,6.230706070526566
2023-02-06,アイムジャグラーEX-TP,117,2664,-801,8,5,1/204.9,1/333.0,1/532.8,6.180625867714978
2023-02-06,アイムジャグラーEX-TP,118,2930,-400,10,9,1/154.2,1/293.0,1/325.6,6.442697537669166
2023-02-06,アイムジャグラーEX-TP,119,6756,132,24,26,1/135.1,1/281.5,1/259.8,6.207540574078424
2023-02-06,アイムジャグラーEX-TP,120,2584,102,10,6,1/161.5,1/258.4,1/430.7,5.8211655054673
2023-02-06,アイムジャグラーEX-TP,121,3546,-182,13,9,1/161.2,1/272.8,1/394.0,6.087654603851456
2023-02-06,アイムジャグラーEX-TP,122,0,0,0,0,1/0.0,1/0.0,1/0.0,0.0
2023-02-06,アイムジャグラーEX-TP,123,1365,-1060,3,1,1/341.2,1/455.0,1/1365.0,7.080992023638581
2023-02-06,アイムジャグラーEX-TP,124,6325,621,26,19,1/140.6,1/243.3,1/332.9,6.118223915871278
2023-02-06,アイムジャグラーEX-TP,125,2232,-401,8,4,1/186.0,1/279.0,1/558.0,6.262603770671081
2023-02-06,アイムジャグラーEX-TP,126,4810,277,18,15,1/145.8,1/267.2,1/320.7,5.931891891825231
2023-02-06,アイムジャグラーEX-TP,127,2637,-615,8,7,1/175.8,1/329.6,1/376.7,6.249870683136462
2023-02-06,アイムジャグラーEX-TP,128,6011,3781,35,27,1/97.0,1/171.7,1/222.6,6.316371684438148
2023-02-06,アイムジャグラーEX-TP,129,1361,-290,4,4,1/170.1,1/340.2,1/340.2,6.168686424230491
2023-02-06,アイムジャグラーEX-TP,130,7277,-186,26,19,1/161.7,1/279.9,1/383.0,5.898077635997962
2023-02-06,アイムジャグラーEX-TP,131,2143,-1137,4,7,1/194.8,1/535.8,1/306.1,6.569992633207981
2023-02-06,アイムジャグラーEX-TP,132,5856,57,25,13,1/154.1,1/234.2,1/450.5,6.379656634591242
2023-02-06,アイムジャグラーEX-TP,154,4635,597,21,12,1/140.5,1/220.7,1/386.2,6.288462137250876
2023-02-06,アイムジャグラーEX-TP,155,1922,74,6,9,1/128.1,1/320.3,1/213.6,5.985951451566755
2023-02-06,アイムジャグラーEX-TP,156,5382,1452,25,18,1/125.2,1/215.3,1/299.0,6.09541650840612
2023-02-06,アイムジャグラーEX-TP,157,6631,-364,26,13,1/170.0,1/255.0,1/510.1,6.146544769124943
2023-02-06,アイムジャグラーEX-TP,158,2596,-860,7,5,1/216.3,1/370.9,1/519.2,5.987570394315185
2023-02-06,アイムジャグラーEX-TP,159,1861,-1326,2,4,1/310.2,1/930.5,1/465.2,5.965452178390164
2023-02-06,アイムジャグラーEX-TP,160,4248,79,13,19,1/132.8,1/326.8,1/223.6,5.917152180517938
2023-02-06,アイムジャグラーEX-TP,161,5096,-274,16,18,1/149.9,1/318.5,1/283.1,5.9291848229529815
2023-02-06,アイムジャグラーEX-TP,162,6980,270,26,27,1/131.7,1/268.5,1/258.5,6.335789873982681
2023-02-06,アイムジャグラーEX-TP,163,3238,1614,20,4,1/134.9,1/161.9,1/809.5,5.894372552597537
2023-02-06,アイムジャグラーEX-TP,164,1620,-94,6,3,1/180.0,1/270.0,1/540.0,5.867895205911505
2023-02-06,アイムジャグラーEX-TP,165,5457,947,26,13,1/139.9,1/209.9,1/419.8,6.260457542505058
2023-02-06,アイムジャグラーEX-TP,166,3865,-1093,8,15,1/168.0,1/483.1,1/257.7,5.900530490514228
2023-02-06,アイムジャグラーEX-TP,167,4550,-1238,13,11,1/189.6,1/350.0,1/413.6,6.115739359285574
2023-02-06,アイムジャグラーEX-TP,168,6483,1585,32,15,1/137.9,1/202.6,1/432.2,6.096376518984429
2023-02-06,アイムジャグラーEX-TP,169,4546,-894,16,7,1/197.7,1/284.1,1/649.4,6.150523385051622
2023-02-06,アイムジャグラーEX-TP,170,5256,-618,16,19,1/150.2,1/328.5,1/276.6,6.146380040009706
2023-02-06,アイムジャグラーEX-TP,171,3710,732,18,9,1/137.4,1/206.1,1/412.2,6.271768933832245
2023-02-06,アイムジャグラーEX-TP,172,4520,2000,22,18,1/113.0,1/205.5,1/251.1,5.845451436972325
2023-02-06,アイムジャグラーEX-TP,173,4489,527,19,12,1/144.8,1/236.3,1/374.1,6.025626213774748
2023-02-06,アイムジャグラーEX-TP,174,2079,-726,4,5,1/231.0,1/519.8,1/415.8,5.454675542439147
2023-02-06,アイムジャグラーEX-TP,175,2450,-29,10,5,1/163.3,1/245.0,1/490.0,6.170052955423886
2023-02-06,アイムジャグラーEX-TP,176,4662,385,18,15,1/141.3,1/259.0,1/310.8,5.995391727411375
2023-02-06,アイムジャグラーEX-TP,177,4221,-111,15,13,1/150.8,1/281.4,1/324.7,6.079899997528286
2023-02-06,アイムジャグラーEX-TP,178,6151,484,26,13,1/157.7,1/236.6,1/473.2,5.953819673447073
2023-02-06,マイジャグラーV,73,6312,-1737,19,16,1/180.3,1/332.2,1/394.5,6.183722268107035
2023-02-06,マイジャグラーV,74,4423,-32,18,10,1/158.0,1/245.7,1/442.3,5.995729052956651
2023-02-06,マイジャグラーV,75,5733,71,23,16,1/147.0,1/249.3,1/358.3,6.0732713573011585
2023-02-06,マイジャグラーV,76,6079,-1365,15,20,1/173.7,1/405.3,1/303.9,5.705073862787251
2023-02-06,マイジャグラーV,77,4813,-785,17,8,1/192.5,1/283.1,1/601.6,5.86487135639098
2023-02-06,ファンキージャグラー2,78,1179,-777,3,0,1/393.0,1/393.0,1/0.0,6.344733336548751
2023-02-06,ファンキージャグラー2,79,4001,-561,11,16,1/148.2,1/363.7,1/250.1,5.926772254980748
2023-02-06,ファンキージャグラー2,80,4019,-1416,12,6,1/223.3,1/334.9,1/669.8,6.061445509590034
2023-02-06,ファンキージャグラー2,81,2861,-706,9,6,1/190.7,1/317.9,1/476.8,6.017044735628727
2023-02-06,ファンキージャグラー2,82,2426,-288,9,6,1/161.7,1/269.6,1/404.3,6.216774387145781
2023-02-06,ファンキージャグラー2,83,2514,-412,9,3,1/209.5,1/279.3,1/838.0,5.736203435344699
2023-02-06,ファンキージャグラー2,84,2268,-409,9,1,1/226.8,1/252.0,1/2268.0,5.895519080569366
2023-02-06,ハッピージャグラーVIII,145,3271,-806,10,7,1/192.4,1/327.1,1/467.3,6.1714633356047095
2023-02-06,ハッピージャグラーVIII,146,991,-724,1,1,1/495.5,1/991.0,1/991.0,5.668617673116817
2023-02-06,ハッピージャグラーVIII,147,4008,-735,13,7,1/200.4,1/308.3,1/572.6,5.915820879925221
2023-02-06,ハッピージャグラーVIII,148,1487,578,8,4,1/123.9,1/185.9,1/371.8,6.051461535295876
2023-02-06,ハッピージャグラーVIII,149,4479,-156,15,14,1/154.4,1/298.6,1/319.9,5.954173502242959
2023-02-06,ハッピージャグラーVIII,150,3820,-614,13,12,1/152.8,1/293.8,1/318.3,6.648904344980666
2023-02-06,ハッピージャグラーVIII,151,1656,658,8,8,1/103.5,1/207.0,1/207.0,6.36257209282132
2023-02-06,ハッピージャグラーVIII,152,5535,-779,18,16,1/162.8,1/307.5,1/345.9,6.233406002440573
2023-02-06,ハッピージャグラーVIII,153,1387,-229,5,2,1/198.1,1/277.4,1/693.5,6.092431564879153
2023-02-05,アイムジャグラーEX-TP,109,7129,92,22,32,1/132.0,1/324.0,1/222.8,5.977637347600643
2023-02-05,アイムジャグラーEX-TP,110,2730,-82,12,3,1/182.0,1/227.5,1/910.0,6.205314772547369
2023-02-05,アイムジャグラーEX-TP,111,5146,379,21,16,1/139.1,1/245.0,1/321.6,6.247529472987381
2023-02-05,アイムジャグラーEX-TP,112,2436,227,10,7,1/143.3,1/243.6,1/348.0,6.077204597649764
2023-02-05,アイムジャグラーEX-TP,113,3436,-983,9,10,1/180.8,1/381.8,1/343.6,6.1212889218263475
2023-02-05,アイムジャグラーEX-TP,114,3685,-41,14,9,1/160.2,1/263.2,1/409.4,6.014964938957084
2023-02-05,アイムジャグラーEX-TP,115,3687,-390,14,5,1/194.1,1/263.4,1/737.4,5.973067927585032
2023-02-05,アイムジャグラーEX-TP,116,2509,-648,8,5,1/193.0,1/313.6,1/501.8,6.254313862508443
2023-02-05,アイムジャグラーEX-TP,117,4838,316,21,13,1/142.3,1/230.4,1/372.2,6.414837489943833
2023-02-05,アイムジャグラーEX-TP,118,4409,62,17,10,1/163.3,1/259.4,1/440.9,5.892796728945825
2023-02-05,アイムジャグラーEX-TP,119,2347,-1468,5,3,1/293.4,1/469.4,1/782.3,6.421413012918231
2023-02-05,アイムジャグラーEX-TP,120,4760,-1168,14,12,1/183.1,1/340.0,1/396.7,6.1356976565373085
2023-02-05,アイムジャグラーEX-TP,121,6263,1451,25,24,1/127.8,1/250.5,1/261.0,5.746782240088376
2023-02-05,アイムジャグラーEX-TP,122,0,0,0,0,1/0.0,1/0.0,1/0.0,0.0
2023-02-05,アイムジャグラーEX-TP,123,5674,2483,30,17,1/120.7,1/189.1,1/333.8,5.916627831627537
2023-02-05,アイムジャグラーEX-TP,124,1627,-1007,3,3,1/271.2,1/542.3,1/542.3,6.296815390454029
2023-02-05,アイムジャグラーEX-TP,125,5518,417,22,17,1/141.5,1/250.8,1/324.6,6.11284071318528
2023-02-05,アイムジャグラーEX-TP,126,1867,-77,7,3,1/186.7,1/266.7,1/622.3,5.747105561246569
2023-02-05,アイムジャグラーEX-TP,127,5774,-368,21,16,1/156.1,1/275.0,1/360.9,6.216732634124256
2023-02-05,アイムジャグラーEX-TP,128,3890,1102,19,9,1/138.9,1/204.7,1/432.2,5.8648762661875855
2023-02-05,アイムジャグラーEX-TP,129,4355,-815,14,11,1/174.2,1/311.1,1/395.9,6.187635683093312
2023-02-05,アイムジャグラーEX-TP,130,3463,-1473,9,4,1/266.4,1/384.8,1/865.8,5.970275132793796
2023-02-05,アイムジャグラーEX-TP,131,2201,724,12,4,1/137.6,1/183.4,1/550.2,6.086768278363261
2023-02-05,アイムジャグラーEX-TP,132,5430,-115,22,16,1/142.9,1/246.8,1/339.4,6.619652908313417
2023-02-05,アイムジャグラーEX-TP,154,2767,272,12,9,1/131.8,1/230.6,1/307.4,6.519002657147368
2023-02-05,アイムジャグラーEX-TP,155,1014,-282,3,2,1/202.8,1/338.0,1/507.0,6.065198733055351
2023-02-05,アイムジャグラーEX-TP,156,6044,2503,32,16,1/125.9,1/188.9,1/377.8,5.882119598245391
2023-02-05,アイムジャグラーEX-TP,157,5979,1239,23,25,1/124.6,1/260.0,1/239.2,5.836141982763205
2023-02-05,アイムジャグラーEX-TP,158,3451,-1193,9,5,1/246.5,1/383.4,1/690.2,5.7579856720760585
2023-02-05,アイムジャグラーEX-TP,159,4117,1478,18,20,1/108.3,1/228.7,1/205.8,6.032683635138956
2023-02-05,アイムジャグラーEX-TP,160,6547,1759,30,23,1/123.5,1/218.2,1/284.7,6.101825288292138
2023-02-05,アイムジャグラーEX-TP,161,1772,-744,3,5,1/221.5,1/590.7,1/354.4,5.656410475110389
2023-02-05,アイムジャグラーEX-TP,162,3560,-735,11,12,1/154.8,1/323.6,1/296.7,6.533504905129747
2023-02-05,アイムジャグラーEX-TP,163,4808,487,20,13,1/145.7,1/240.4,1/369.8,6.028922753762631
2023-02-05,アイムジャグラーEX-TP,164,2994,-254,10,9,1/157.6,1/299.4,1/332.7,6.069882594806284
2023-02-05,アイムジャグラーEX-TP,165,7165,984,27,29,1/127.9,1/265.4,1/247.1,5.9999500911339245
2023-02-05,アイムジャグラーEX-TP,166,3480,1657,19,11,1/116.0,1/183.2,1/316.4,6.007699177238692
2023-02-05,アイムジャグラーEX-TP,167,5695,1016,23,20,1/132.4,1/247.6,1/284.8,5.893132720540661
2023-02-05,アイムジャグラーEX-TP,168,2716,-973,7,6,1/208.9,1/388.0,1/452.7,6.097090235521212
2023-02-05,アイムジャグラーEX-TP,169,6259,958,27,17,1/142.2,1/231.8,1/368.2,5.975353780276685
2023-02-05,アイムジャグラーEX-TP,170,5153,-139,17,16,1/156.2,1/303.1,1/322.1,5.810958109261958
2023-02-05,アイムジャグラーEX-TP,171,2728,269,12,4,1/170.5,1/227.3,1/682.0,5.788464879592715
2023-02-05,アイムジャグラーEX-TP,172,2747,-693,9,6,1/183.1,1/305.2,1/457.8,6.426585917991009
2023-02-05,アイムジャグラーEX-TP,173,5590,428,22,18,1/139.8,1/254.1,1/310.6,6.109866549147372
2023-02-05,アイムジャグラーEX-TP,174,2843,-893,7,8,1/189.5,1/406.1,1/355.4,6.026075930633953
2023-02-05,アイムジャグラーEX-TP,175,2861,-509,9,7,1/178.8,1/317.9,1/408.7,6.028673305835334
2023-02-05,アイムジャグラーEX-TP,176,4210,-518,14,12,1/161.9,1/300.7,1/350.8,6.162034577942346
2023-02-05,アイムジャグラーEX-TP,177,5167,-907,18,10,1/184.5,1/287.1,1/516.7,6.186329712720114
2023-02-05,アイムジャグラーEX-TP,178,4773,616,21,11,1/149.2,1/227.3,1/433.9,6.004083833665266
2023-02-05,マイジャグラーV,73,3637,364,13,13,1/139.9,1/279.8,1/279.8,5.574974195290384
2023-02-05,マイジャグラーV,74,4837,1871,27,12,1/124.0,1/179.1,1/403.1,5.945525724623201
2023-02-05,マイジャグラーV,75,5031,508,22,12,1/148.0,1/228.7,1/419.2,5.890586457482313
2023-02-05,マイジャグラーV,76,2604,-825,7,8,1/173.6,1/372.0,1/325.5,6.260085417711591
2023-02-05,マイジャグラーV,77,5333,529,22,18,1/133.3,1/242.4,1/296.3,6.054794737157768
2023-02-05,ファンキージャグラー2,78,1853,-65,6,6,1/154.4,1/308.8,1/308.8,5.671694224670333
2023-02-05,ファンキージャグラー2,79,1680,131,7,5,1/140.0,1/240.0,1/336.0,6.031731214568067
2023-02-05,ファンキージャグラー2,80,2511,-467,6,10,1/156.9,1/418.5,1/251.1,5.748353794006506
2023-02-05,ファンキージャグラー2,81,4692,925,23,13,1/130.3,1/204.0,1/360.9,6.2056715896961245
2023-02-05,ファンキージャグラー2,82,5700,1700,28,16,1/129.5,1/203.6,1/356.2,5.779035534731877
2023-02-05,ファンキージャグラー2,83,2538,434,12,7,1/133.6,1/211.5,1/362.6,6.126567571809897
2023-02-05,ファンキージャグラー2,84,2473,-440,8,5,1/190.2,1/309.1,1/494.6,5.7793453313952385
2023-02-05,ハッピージャグラーVIII,145,3243,-773,10,6,1/202.7,1/324.3,1/540.5,6.034312266216626
2023-02-05,ハッピージャグラーVIII,146,7349,-240,24,27,1/144.1,1/306.2,1/272.2,6.091788367301557
2023-02-05,ハッピージャグラーVIII,147,795,-893,0,1,1/795.0,1/0.0,1/795.0,6.469078364848899
2023-02-05,ハッピージャグラーVIII,148,3486,-192,12,11,1/151.6,1/290.5,1/316.9,6.162786396205909
2023-02-05,ハッピージャグラーVIII,149,1561,-472,4,4,1/195.1,1/390.2,1/390.2,6.067589978817367
2023-02-05,ハッピージャグラーVIII,150,1470,-422,5,4,1/163.3,1/294.0,1/367.5,7.158766963264447
2023-02-05,ハッピージャグラーVIII,151,4350,-203,17,10,1/161.1,1/255.9,1/435.0,6.26529754312118
2023-02-05,ハッピージャグラーVIII,152,725,-104,3,1,1/181.2,1/241.7,1/725.0,6.595274713091336
2023-02-05,ハッピージャグラーVIII,153,5598,-176,21,18,1/143.5,1/266.6,1/311.0,6.441498624205553
2023-02-04,アイムジャグラーEX-TP,109,4929,366,21,13,1/145.0,1/234.7,1/379.2,6.24557573374491
2023-02-04,アイムジャグラーEX-TP,110,3296,-851,10,10,1/164.8,1/329.6,1/329.6,6.563542579708012
2023-02-04,アイムジャグラーEX-TP,111,2650,-1102,5,7,1/220.8,1/530.0,1/378.6,5.768632137593848
2023-02-04,アイムジャグラーEX-TP,112,2470,-844,6,6,1/205.8,1/411.7,1/411.7,5.948312774326793
2023-02-04,アイムジャグラーEX-TP,113,5312,-301,15,23,1/139.8,1/354.1,1/231.0,5.926970749573681
2023-02-04,アイムジャグラーEX-TP,114,1722,443,9,4,1/132.5,1/191.3,1/430.5,6.394008376002448
2023-02-04,アイムジャグラーEX-TP,115,5012,367,18,22,1/125.3,1/278.4,1/227.8,6.244568707873146
2023-02-04,アイムジャグラーEX-TP,116,2539,-39,10,7,1/149.4,1/253.9,1/362.7,6.345210806571261
2023-02-04,アイムジャグラーEX-TP,117,7269,-741,22,27,1/148.3,1/330.4,1/269.2,6.0968065692122035
2023-02-04,アイムジャグラーEX-TP,118,1964,-330,5,5,1/196.4,1/392.8,1/392.8,5.412107457558908
2023-02-04,アイムジャグラーEX-TP,119,2854,-753,7,11,1/158.6,1/407.7,1/259.5,6.244521001698186
2023-02-04,アイムジャグラーEX-TP,120,6285,-170,24,17,1/153.3,1/261.9,1/369.7,6.229525144162461
2023-02-04,アイムジャグラーEX-TP,121,4719,1156,23,12,1/134.8,1/205.2,1/393.2,6.123211550886477
2023-02-04,アイムジャグラーEX-TP,122,0,0,0,0,1/0.0,1/0.0,1/0.0,0.0
2023-02-04,アイムジャグラーEX-TP,123,3769,-992,11,7,1/209.4,1/342.6,1/538.4,5.904356073809057
2023-02-04,アイムジャグラーEX-TP,124,4628,-678,15,15,1/154.3,1/308.5,1/308.5,6.355435095860643
2023-02-04,アイムジャグラーEX-TP,125,870,-922,0,2,1/435.0,1/0.0,1/435.0,6.4021287446014234
2023-02-04,アイムジャグラーEX-TP,126,5088,599,22,16,1/133.9,1/231.3,1/318.0,6.348501118636342
2023-02-04,アイムジャグラーEX-TP,127,3331,1134,18,8,1/128.1,1/185.1,1/416.4,6.238800454168191
2023-02-04,アイムジャグラーEX-TP,128,5386,2277,26,22,1/112.2,1/207.2,1/244.8,5.929651565042686
2023-02-04,アイムジャグラーEX-TP,129,4976,949,20,19,1/127.6,1/248.8,1/261.9,5.945778538461439
2023-02-04,アイムジャグラーEX-TP,130,2578,-1229,6,5,1/234.4,1/429.7,1/515.6,6.23975314781387
2023-02-04,アイムジャグラーEX-TP,131,1655,-1220,2,4,1/275.8,1/827.5,1/413.8,6.3627245071003005
2023-02-04,アイムジャグラーEX-TP,132,6392,470,23,23,1/139.0,1/277.9,1/277.9,5.903812667812319
2023-02-04,アイムジャグラーEX-TP,154,3222,444,15,8,1/140.1,1/214.8,1/402.8,6.349555067048405
2023-02-04,アイムジャグラーEX-TP,155,4368,-847,13,16,1/150.6,1/336.0,1/273.0,6.463388845626174
2023-02-04,アイムジャグラーEX-TP,156,4288,-863,11,15,1/164.9,1/389.8,1/285.9,5.928859056059824
2023-02-04,アイムジャグラーEX-TP,157,4002,-1835,8,8,1/250.1,1/500.2,1/500.2,5.809117114646076
2023-02-04,アイムジャグラーEX-TP,158,3116,-868,7,10,1/183.3,1/445.1,1/311.6,5.798564386367574
2023-02-04,アイムジャグラーEX-TP,159,5579,-1389,17,15,1/174.3,1/328.2,1/371.9,6.361008665565962
2023-02-04,アイムジャグラーEX-TP,160,1995,-1123,5,3,1/249.4,1/399.0,1/665.0,6.708705646880635
2023-02-04,アイムジャグラーEX-TP,161,5499,1937,27,19,1/119.5,1/203.7,1/289.4,6.07059871161119
2023-02-04,アイムジャグラーEX-TP,162,2835,-387,9,7,1/177.2,1/315.0,1/405.0,5.886647463945064
2023-02-04,アイムジャグラーEX-TP,163,1893,-536,5,7,1/157.8,1/378.6,1/270.4,6.507643197714921
2023-02-04,アイムジャグラーEX-TP,164,3981,-929,13,7,1/199.1,1/306.2,1/568.7,6.120799395773625
2023-02-04,アイムジャグラーEX-TP,165,2745,-635,10,3,1/211.2,1/274.5,1/915.0,6.261782901819692
2023-02-04,アイムジャグラーEX-TP,166,2422,527,11,7,1/134.6,1/220.2,1/346.0,6.0172211776968885
2023-02-04,アイムジャグラーEX-TP,167,6590,-763,23,19,1/156.9,1/286.5,1/346.8,6.3440653290476074
2023-02-04,アイムジャグラーEX-TP,168,5764,-734,20,16,1/160.1,1/288.2,1/360.2,6.3251720470938695
2023-02-04,アイムジャグラーEX-TP,169,5467,1260,21,23,1/124.2,1/260.3,1/237.7,5.743155738331781
2023-02-04,アイムジャグラーEX-TP,170,2004,-479,5,6,1/182.2,1/400.8,1/334.0,5.8086887490945305
2023-02-04,アイムジャグラーEX-TP,171,3087,-379,11,7,1/171.5,1/280.6,1/441.0,6.181071392916351
2023-02-04,アイムジャグラーEX-TP,172,4279,-289,16,14,1/142.6,1/267.4,1/305.6,6.613369615215641
2023-02-04,アイムジャグラーEX-TP,173,3757,-1161,9,11,1/187.8,1/417.4,1/341.5,5.976657026172
2023-02-04,アイムジャグラーEX-TP,174,6148,2839,26,35,1/100.8,1/236.5,1/175.7,5.7748973384721145
2023-02-04,アイムジャグラーEX-TP,175,1918,-1008,4,2,1/319.7,1/479.5,1/959.0,5.799341221445275
2023-02-04,アイムジャグラーEX-TP,176,5335,1038,24,16,1/133.4,1/222.3,1/333.4,6.121113838490253
2023-02-04,アイムジャグラーEX-TP,177,2959,-208,10,9,1/155.7,1/295.9,1/328.8,6.06422533128367
2023-02-04,アイムジャグラーEX-TP,178,3960,-1547,11,5,1/247.5,1/360.0,1/792.0,6.062987086756139
2023-02-04,マイジャグラーV,73,5846,2335,32,13,1/129.9,1/182.7,1/449.7,5.67970644506219
2023-02-04,マイジャグラーV,74,3246,-717,10,8,1/180.3,1/324.6,1/405.8,5.979827229693192
2023-02-04,マイジャグラーV,75,6523,1385,31,16,1/138.8,1/210.4,1/407.7,5.830030095564085
2023-02-04,マイジャグラーV,76,2325,-467,7,3,1/232.5,1/332.1,1/775.0,5.381972086228163
2023-02-04,マイジャグラーV,77,2679,-1109,6,8,1/191.4,1/446.5,1/334.9,6.1714070825713385
2023-02-04,ファンキージャグラー2,78,1815,-375,6,4,1/181.5,1/302.5,1/453.8,6.054817364065285
2023-02-04,ファンキージャグラー2,79,3730,580,16,12,1/133.2,1/233.1,1/310.8,5.919400537705331
2023-02-04,ファンキージャグラー2,80,3439,1036,19,6,1/137.6,1/181.0,1/573.2,5.961495611663599
2023-02-04,ファンキージャグラー2,81,1481,-463,4,4,1/185.1,1/370.2,1/370.2,6.0946354707887265
2023-02-04,ファンキージャグラー2,82,1800,-1127,3,4,1/257.1,1/600.0,1/450.0,6.191125194010087
2023-02-04,ファンキージャグラー2,83,6217,743,25,20,1/138.2,1/248.7,1/310.9,5.798305856180494
2023-02-04,ファンキージャグラー2,84,5891,887,27,14,1/143.7,1/218.2,1/420.8,5.898135490589823
2023-02-04,ハッピージャグラーVIII,145,5714,1259,22,24,1/124.2,1/259.7,1/238.1,5.814863014766815
2023-02-04,ハッピージャグラーVIII,146,4144,355,17,11,1/148.0,1/243.8,1/376.7,6.021326888886176
2023-02-04,ハッピージャグラーVIII,147,1883,-412,6,4,1/188.3,1/313.8,1/470.8,6.180343692588784
2023-02-04,ハッピージャグラーVIII,148,1430,-854,2,3,1/286.0,1/715.0,1/476.7,5.938757086665882
2023-02-04,ハッピージャグラーVIII,149,892,-303,2,1,1/297.3,1/446.0,1/892.0,5.34801198746095
2023-02-04,ハッピージャグラーVIII,150,3184,-1023,9,5,1/227.4,1/353.8,1/636.8,6.009708397019758
2023-02-04,ハッピージャグラーVIII,151,4909,364,19,14,1/148.8,1/258.4,1/350.6,5.909391507073447
2023-02-04,ハッピージャグラーVIII,152,439,-463,0,1,1/439.0,1/0.0,1/439.0,6.624518982019675
2023-02-04,ハッピージャグラーVIII,153,7040,90,26,21,1/149.8,1/270.8,1/335.2,6.049791329463128
2023-02-03,アイムジャグラーEX-TP,109,4156,-797,15,9,1/173.2,1/277.1,1/461.8,6.538834857666432
2023-02-03,アイムジャグラーEX-TP,110,6318,1761,25,31,1/112.8,1/252.7,1/203.8,5.945705376916502
2023-02-03,アイムジャグラーEX-TP,111,2143,-155,7,8,1/142.9,1/306.1,1/267.9,6.251367942535956
2023-02-03,アイムジャグラーEX-TP,112,1910,202,10,3,1/146.9,1/191.0,1/636.7,6.843299021891929
2023-02-03,アイムジャグラーEX-TP,113,2416,-439,7,4,1/219.6,1/345.1,1/604.0,5.475864278256044
2023-02-03,アイムジャグラーEX-TP,114,4599,2314,23,21,1/104.5,1/200.0,1/219.0,5.9700681888492895
2023-02-03,アイムジャグラーEX-TP,115,1598,-1174,2,4,1/266.3,1/799.0,1/399.5,6.447593211902854
2023-02-03,アイムジャグラーEX-TP,116,1418,-1024,1,4,1/283.6,1/1418.0,1/354.5,5.881048454074341
2023-02-03,アイムジャグラーEX-TP,117,5291,1192,22,20,1/126.0,1/240.5,1/264.6,5.930915273058509
2023-02-03,アイムジャグラーEX-TP,118,2216,-403,6,8,1/158.3,1/369.3,1/277.0,6.04998103374628
2023-02-03,アイムジャグラーEX-TP,119,2393,-654,8,4,1/199.4,1/299.1,1/598.2,6.370143623978701
2023-02-03,アイムジャグラーEX-TP,120,5215,550,20,15,1/149.0,1/260.8,1/347.7,5.729636840455213
2023-02-03,アイムジャグラーEX-TP,121,3893,197,16,9,1/155.7,1/243.3,1/432.6,6.032736357938349
2023-02-03,アイムジャグラーEX-TP,122,0,0,0,0,1/0.0,1/0.0,1/0.0,0.0
2023-02-03,アイムジャグラーEX-TP,123,2090,-1127,3,8,1/190.0,1/696.7,1/261.2,6.3298835468003265
2023-02-03,アイムジャグラーEX-TP,124,6939,555,21,38,1/117.6,1/330.4,1/182.6,6.031774071492092
2023-02-03,アイムジャグラーEX-TP,125,2160,-1072,4,6,1/216.0,1/540.0,1/360.0,6.143626030657264
2023-02-03,アイムジャグラーEX-TP,126,6148,2272,28,29,1/107.9,1/219.6,1/212.0,6.1335391387786755
2023-02-03,アイムジャグラーEX-TP,127,719,-253,2,0,1/359.5,1/359.5,1/0.0,5.41434987965685
2023-02-03,アイムジャグラーEX-TP,128,5099,2103,26,17,1/118.6,1/196.1,1/299.9,5.96099428823583
2023-02-03,アイムジャグラーEX-TP,129,2712,-5,11,6,1/159.5,1/246.5,1/452.0,6.169676617264588
2023-02-03,アイムジャグラーEX-TP,130,1802,-414,5,5,1/180.2,1/360.4,1/360.4,5.98290297491052
2023-02-03,アイムジャグラーEX-TP,131,2941,-901,7,8,1/196.1,1/420.1,1/367.6,5.861427678363036
2023-02-03,アイムジャグラーEX-TP,132,4981,-1010,14,15,1/171.8,1/355.8,1/332.1,6.003635278903692
2023-02-03,アイムジャグラーEX-TP,154,3138,-353,10,10,1/156.9,1/313.8,1/313.8,6.099320732372536
2023-02-03,アイムジャグラーEX-TP,155,1377,-584,3,2,1/275.4,1/459.0,1/688.5,5.639840752522683
2023-02-03,アイムジャグラーEX-TP,156,835,-885,0,1,1/835.0,1/0.0,1/835.0,5.906814518596386
2023-02-03,アイムジャグラーEX-TP,157,4941,-505,17,13,1/164.7,1/290.6,1/380.1,6.101950062707695
2023-02-03,アイムジャグラーEX-TP,158,4197,1247,20,13,1/127.2,1/209.8,1/322.8,6.000955434462809
2023-02-03,アイムジャグラーEX-TP,159,2943,-826,11,2,1/226.4,1/267.5,1/1471.5,6.431739952624542
2023-02-03,アイムジャグラーEX-TP,160,3982,-1088,9,14,1/173.1,1/442.4,1/284.4,5.915669501736172
2023-02-03,アイムジャグラーEX-TP,161,1463,-1229,1,2,1/487.7,1/1463.0,1/731.5,5.7706848185667905
2023-02-03,アイムジャグラーEX-TP,162,2354,91,11,3,1/168.1,1/214.0,1/784.7,6.291667261354842
2023-02-03,アイムジャグラーEX-TP,163,2863,-906,7,7,1/204.5,1/409.0,1/409.0,5.8621781642688395
2023-02-03,アイムジャグラーEX-TP,164,6122,2718,31,22,1/115.5,1/197.5,1/278.3,5.892115405424652
2023-02-03,アイムジャグラーEX-TP,165,7084,1504,32,23,1/128.8,1/221.4,1/308.0,6.170819808132975
2023-02-03,アイムジャグラーEX-TP,166,1925,-383,7,2,1/213.9,1/275.0,1/962.5,6.075511506782086
2023-02-03,アイムジャグラーEX-TP,167,3510,-426,11,11,1/159.5,1/319.1,1/319.1,6.055765839580174
2023-02-03,アイムジャグラーEX-TP,168,6137,1011,29,13,1/146.1,1/211.6,1/472.1,6.134852924173598
2023-02-03,アイムジャグラーEX-TP,169,3957,-906,12,7,1/208.3,1/329.8,1/565.3,5.844027556694488
2023-02-03,アイムジャグラーEX-TP,170,3377,-805,10,9,1/177.7,1/337.7,1/375.2,6.191520997094129
2023-02-03,アイムジャグラーEX-TP,171,5595,-1502,16,13,1/192.9,1/349.7,1/430.4,6.060359556420675
2023-02-03,アイムジャグラーEX-TP,172,1197,-269,4,3,1/171.0,1/299.2,1/399.0,6.529169377835615
2023-02-03,アイムジャグラーEX-TP,173,5384,1416,25,18,1/125.2,1/215.4,1/299.1,6.12451087379946
2023-02-03,アイムジャグラーEX-TP,174,4218,-815,13,13,1/162.2,1/324.5,1/324.5,6.313244513456745
2023-02-03,アイムジャグラーEX-TP,175,4237,-71,16,10,1/163.0,1/264.8,1/423.7,5.979193647948522
2023-02-03,アイムジャグラーEX-TP,176,3346,-188,12,11,1/145.5,1/278.8,1/304.2,6.359692217506264
2023-02-03,アイムジャグラーEX-TP,177,1944,-349,7,3,1/194.4,1/277.7,1/648.0,6.167625006876712
2023-02-03,アイムジャグラーEX-TP,178,3899,492,16,12,1/139.2,1/243.7,1/324.9,6.013588396263733
2023-02-03,マイジャグラーV,73,6541,948,28,20,1/136.3,1/233.6,1/327.1,5.882064166087747
2023-02-03,マイジャグラーV,74,5134,-342,16,17,1/155.6,1/320.9,1/302.0,5.702471531856211
2023-02-03,マイジャグラーV,75,3391,-1079,7,10,1/199.5,1/484.4,1/339.1,5.564972247972858
2023-02-03,マイジャグラーV,76,1532,-1271,2,1,1/510.7,1/766.0,1/1532.0,6.03143088079619
2023-02-03,マイジャグラーV,77,7691,1062,29,24,1/145.1,1/265.2,1/320.5,5.444928657669166
2023-02-03,ファンキージャグラー2,78,442,-227,1,0,1/442.0,1/442.0,1/0.0,5.428013276527495
2023-02-03,ファンキージャグラー2,79,2882,772,14,8,1/131.0,1/205.9,1/360.2,5.839603300064784
2023-02-03,ファンキージャグラー2,80,398,-232,0,1,1/398.0,1/0.0,1/398.0,4.688057203721115
2023-02-03,ファンキージャグラー2,81,1573,-521,3,4,1/224.7,1/524.3,1/393.2,5.336963463726609
2023-02-03,ファンキージャグラー2,82,3159,-496,10,8,1/175.5,1/315.9,1/394.9,5.826178348144264
2023-02-03,ファンキージャグラー2,83,2316,1065,11,13,1/96.5,1/210.5,1/178.2,6.071829268340641
2023-02-03,ファンキージャグラー2,84,5127,610,21,18,1/131.5,1/244.1,1/284.8,6.0000922483462995
2023-02-03,ハッピージャグラーVIII,145,6438,1031,27,18,1/143.1,1/238.4,1/357.7,5.849622054038269
2023-02-03,ハッピージャグラーVIII,146,382,-449,0,0,1/0.0,1/0.0,1/0.0,6.130703550391535
2023-02-03,ハッピージャグラーVIII,147,639,-535,1,1,1/319.5,1/639.0,1/639.0,7.154536447758658
2023-02-03,ハッピージャグラーVIII,148,679,-535,1,0,1/679.0,1/679.0,1/0.0,5.973013458963077
2023-02-03,ハッピージャグラーVIII,149,1928,-1211,3,6,1/214.2,1/642.7,1/321.3,6.7716887214855
2023-02-03,ハッピージャグラーVIII,150,2372,-199,7,11,1/131.8,1/338.9,1/215.6,6.4245463172005985
2023-02-03,ハッピージャグラーVIII,151,1348,-755,2,2,1/337.0,1/674.0,1/674.0,5.623566079300208
2023-02-03,ハッピージャグラーVIII,152,437,-86,2,0,1/218.5,1/218.5,1/0.0,6.742642255575842
2023-02-03,ハッピージャグラーVIII,153,6253,1218,28,22,1/125.1,1/223.3,1/284.2,6.323894093787077
2023-02-02,アイムジャグラーEX-TP,109,3667,-1752,9,9,1/203.7,1/407.4,1/407.4,6.665985828408617
2023-02-02,アイムジャグラーEX-TP,110,1058,-838,2,2,1/264.5,1/529.0,1/529.0,7.398843542571883
2023-02-02,アイムジャグラーEX-TP,111,4501,928,19,13,1/140.7,1/236.9,1/346.2,5.719215563016048
2023-02-02,アイムジャグラーEX-TP,112,2300,-680,7,3,1/230.0,1/328.6,1/766.7,5.953467182806387
2023-02-02,アイムジャグラーEX-TP,113,1356,-66,5,2,1/193.7,1/271.2,1/678.0,5.662824173193217
2023-02-02,アイムジャグラーEX-TP,114,3084,307,13,6,1/162.3,1/237.2,1/514.0,5.782605424125138
2023-02-02,アイムジャグラーEX-TP,115,3047,-363,8,14,1/138.5,1/380.9,1/217.6,6.098129897491777
2023-02-02,アイムジャグラーEX-TP,116,2292,-583,6,8,1/163.7,1/382.0,1/286.5,6.2316276418689025
2023-02-02,アイムジャグラーEX-TP,117,1708,-96,7,2,1/189.8,1/244.0,1/854.0,6.011119797359098
2023-02-02,アイムジャグラーEX-TP,118,4859,-860,14,16,1/162.0,1/347.1,1/303.7,6.089347406681158
2023-02-02,アイムジャグラーEX-TP,119,2250,-635,6,7,1/173.1,1/375.0,1/321.4,6.251150385313965
2023-02-02,アイムジャグラーEX-TP,120,4241,-1033,12,11,1/184.4,1/353.4,1/385.5,6.029655869298444
2023-02-02,アイムジャグラーEX-TP,121,5610,-1379,15,20,1/160.3,1/374.0,1/280.5,6.293536958234865
2023-02-02,アイムジャグラーEX-TP,122,0,0,0,0,1/0.0,1/0.0,1/0.0,0.0
2023-02-02,アイムジャグラーEX-TP,123,3386,-264,12,10,1/153.9,1/282.2,1/338.6,6.2567683876278295
2023-02-02,アイムジャグラーEX-TP,124,3517,578,15,11,1/135.3,1/234.5,1/319.7,6.046069987463301
2023-02-02,アイムジャグラーEX-TP,125,3997,-493,14,10,1/166.5,1/285.5,1/399.7,6.217751539084067
2023-02-02,アイムジャグラーEX-TP,126,1596,-342,5,3,1/199.5,1/319.2,1/532.0,5.93529546168566
2023-02-02,アイムジャグラーEX-TP,127,3152,689,14,9,1/137.0,1/225.1,1/350.2,5.886754714114855
2023-02-02,アイムジャグラーEX-TP,128,5630,39,20,20,1/140.8,1/281.5,1/281.5,6.133363952945442
2023-02-02,アイムジャグラーEX-TP,129,3925,-593,13,13,1/151.0,1/301.9,1/301.9,6.506213226426995
2023-02-02,アイムジャグラーEX-TP,130,1337,-519,4,2,1/222.8,1/334.2,1/668.5,6.4206928220496104
2023-02-02,アイムジャグラーEX-TP,131,4540,-914,13,15,1/162.1,1/349.2,1/302.7,6.187843858074304
2023-02-02,アイムジャグラーEX-TP,132,3267,-2593,3,6,1/363.0,1/1089.0,1/544.5,6.0196627945942724
2023-02-02,アイムジャグラーEX-TP,154,4011,483,17,10,1/148.6,1/235.9,1/401.1,5.941846433445565
2023-02-02,アイムジャグラーEX-TP,155,2287,-310,7,5,1/190.6,1/326.7,1/457.4,5.651679411240807
2023-02-02,アイムジャグラーEX-TP,156,2237,-66,9,5,1/159.8,1/248.6,1/447.4,6.274120797103348
2023-02-02,アイムジャグラーEX-TP,157,6826,318,26,24,1/136.5,1/262.5,1/284.4,6.2353471397523625
2023-02-02,アイムジャグラーEX-TP,158,788,-460,2,1,1/262.7,1/394.0,1/788.0,6.745375843696287
2023-02-02,アイムジャグラーEX-TP,159,6534,1278,27,24,1/128.1,1/242.0,1/272.2,5.988799954201355
2023-02-02,アイムジャグラーEX-TP,160,1355,-860,2,4,1/225.8,1/677.5,1/338.8,6.443277521710993
2023-02-02,アイムジャグラーEX-TP,161,5926,-421,20,20,1/148.2,1/296.3,1/296.3,6.211883032443806
2023-02-02,アイムジャグラーEX-TP,162,557,-230,1,1,1/278.5,1/557.0,1/557.0,5.357222892596433
2023-02-02,アイムジャグラーEX-TP,163,5355,-596,19,13,1/167.3,1/281.8,1/411.9,6.180789298912664
2023-02-02,アイムジャグラーEX-TP,164,6868,902,24,31,1/124.9,1/286.2,1/221.5,5.918296979539228
2023-02-02,アイムジャグラーEX-TP,165,4188,1529,20,15,1/119.7,1/209.4,1/279.2,5.91540655065172
2023-02-02,アイムジャグラーEX-TP,166,1127,-934,1,2,1/375.7,1/1127.0,1/563.5,6.11807294490971
2023-02-02,アイムジャグラーEX-TP,167,7121,3334,38,25,1/113.0,1/187.4,1/284.8,6.054360402479867
2023-02-02,アイムジャグラーEX-TP,168,6206,290,25,19,1/141.0,1/248.2,1/326.6,6.292718442605114
2023-02-02,アイムジャグラーEX-TP,169,4565,-145,15,17,1/142.7,1/304.3,1/268.5,6.077772049864093
2023-02-02,アイムジャグラーEX-TP,170,3870,-322,11,19,1/129.0,1/351.8,1/203.7,6.332455898208143
2023-02-02,アイムジャグラーEX-TP,171,3528,-145,12,12,1/147.0,1/294.0,1/294.0,6.113175674856127
2023-02-02,アイムジャグラーEX-TP,172,4276,611,19,13,1/133.6,1/225.1,1/328.9,6.322992785459316
2023-02-02,アイムジャグラーEX-TP,173,2609,-578,7,9,1/163.1,1/372.7,1/289.9,6.1345169541683635
2023-02-02,アイムジャグラーEX-TP,174,1567,643,7,6,1/120.5,1/223.9,1/261.2,5.511232204250556
2023-02-02,アイムジャグラーEX-TP,175,6042,2733,30,25,1/109.9,1/201.4,1/241.7,5.97451823475472
2023-02-02,アイムジャグラーEX-TP,176,1149,3,4,6,1/114.9,1/287.2,1/191.5,6.903286577235161
2023-02-02,アイムジャグラーEX-TP,177,4816,323,19,16,1/137.6,1/253.5,1/301.0,6.21255111019746
2023-02-02,アイムジャグラーEX-TP,178,3246,-224,12,7,1/170.8,1/270.5,1/463.7,6.037417593016266
2023-02-02,マイジャグラーV,73,4870,-594,17,11,1/173.9,1/286.5,1/442.7,5.8899286921027825
2023-02-02,マイジャグラーV,74,3892,-1426,8,13,1/185.3,1/486.5,1/299.4,5.907517345420349
2023-02-02,マイジャグラーV,75,4926,332,23,8,1/158.9,1/214.2,1/615.8,6.032476195637377
2023-02-02,マイジャグラーV,76,3565,210,14,10,1/148.5,1/254.6,1/356.5,5.7857650683805115
2023-02-02,マイジャグラーV,77,6002,1884,31,15,1/130.5,1/193.6,1/400.1,5.836576069406516
2023-02-02,ファンキージャグラー2,78,618,-699,0,1,1/618.0,1/0.0,1/618.0,6.433423822874726
2023-02-02,ファンキージャグラー2,79,4607,159,19,9,1/164.5,1/242.5,1/511.9,5.753606904727929
2023-02-02,ファンキージャグラー2,80,396,-363,0,1,1/396.0,1/0.0,1/396.0,5.833016641773238
2023-02-02,ファンキージャグラー2,81,5598,1197,25,18,1/130.2,1/223.9,1/311.0,5.848832596051834
2023-02-02,ファンキージャグラー2,82,1651,-146,6,4,1/165.1,1/275.2,1/412.8,5.970031328652438
2023-02-02,ファンキージャグラー2,83,1479,-358,4,3,1/211.3,1/369.8,1/493.0,5.531046622020326
2023-02-02,ファンキージャグラー2,84,2394,-370,7,9,1/149.6,1/342.0,1/266.0,6.076705461083671
2023-02-02,ハッピージャグラーVIII,145,4452,554,19,13,1/139.1,1/234.3,1/342.5,6.142918475455129
2023-02-02,ハッピージャグラーVIII,146,754,-385,2,1,1/251.3,1/377.0,1/754.0,6.628234918183274
2023-02-02,ハッピージャグラーVIII,147,884,-104,4,1,1/176.8,1/221.0,1/884.0,6.838894899569204
2023-02-02,ハッピージャグラーVIII,148,4840,1902,23,20,1/112.6,1/210.4,1/242.0,5.975721778295783
2023-02-02,ハッピージャグラーVIII,149,6003,-1006,20,14,1/176.6,1/300.1,1/428.8,6.197092231518275
2023-02-02,ハッピージャグラーVIII,150,1664,-141,6,3,1/184.9,1/277.3,1/554.7,5.887870738591631
2023-02-02,ハッピージャグラーVIII,151,2537,521,13,3,1/158.6,1/195.2,1/845.7,5.951345754509743
2023-02-02,ハッピージャグラーVIII,152,1956,57,10,3,1/150.5,1/195.6,1/652.0,7.034810985310515
2023-02-02,ハッピージャグラーVIII,153,4273,865,15,22,1/115.5,1/284.9,1/194.2,5.932227905769967
2023-02-01,アイムジャグラーEX-TP,109,4009,-337,14,10,1/167.0,1/286.4,1/400.9,6.018350549809124
2023-02-01,アイムジャグラーEX-TP,110,4160,1089,20,11,1/134.2,1/208.0,1/378.2,6.0136667805553
2023-02-01,アイムジャグラーEX-TP,111,5790,1252,24,20,1/131.6,1/241.2,1/289.5,5.822041020552509
2023-02-01,アイムジャグラーEX-TP,112,2110,621,10,4,1/150.7,1/211.0,1/527.5,5.512277356896969
2023-02-01,アイムジャグラーEX-TP,113,8029,1881,30,42,1/111.5,1/267.6,1/191.2,6.035207789144859
2023-02-01,アイムジャグラーEX-TP,114,3264,-16,12,10,1/148.4,1/272.0,1/326.4,6.116745967604558
2023-02-01,アイムジャグラーEX-TP,115,6472,-1195,22,14,1/179.8,1/294.2,1/462.3,6.232600336390929
2023-02-01,アイムジャグラーEX-TP,116,2039,-978,4,6,1/203.9,1/509.8,1/339.8,6.272050224634141
2023-02-01,アイムジャグラーEX-TP,117,4327,-399,14,13,1/160.3,1/309.1,1/332.8,5.983450470173786
2023-02-01,アイムジャグラーEX-TP,118,3036,-242,11,10,1/144.6,1/276.0,1/303.6,6.533019647970518
2023-02-01,アイムジャグラーEX-TP,119,5777,644,22,20,1/137.5,1/262.6,1/288.9,5.91178527544468
2023-02-01,アイムジャグラーEX-TP,120,5168,-645,14,18,1/161.5,1/369.1,1/287.1,5.750722300958355
2023-02-01,アイムジャグラーEX-TP,121,3782,-1305,8,14,1/171.9,1/472.8,1/270.1,6.1575955667135425
2023-02-01,アイムジャグラーEX-TP,122,0,0,0,0,1/0.0,1/0.0,1/0.0,0.0
2023-02-01,アイムジャグラーEX-TP,123,4016,-26,14,10,1/167.3,1/286.9,1/401.6,5.678599417570266
2023-02-01,アイムジャグラーEX-TP,124,1448,-604,3,4,1/206.9,1/482.7,1/362.0,6.026248223078724
2023-02-01,アイムジャグラーEX-TP,125,6890,1129,29,22,1/135.1,1/237.6,1/313.2,6.012626428233304
2023-02-01,アイムジャグラーEX-TP,126,4756,-258,15,22,1/128.5,1/317.1,1/216.2,6.446147782220883
2023-02-01,アイムジャグラーEX-TP,127,2710,-856,8,6,1/193.6,1/338.8,1/451.7,6.349862423552694
2023-02-01,アイムジャグラーEX-TP,128,4260,-173,18,6,1/177.5,1/236.7,1/710.0,6.192261882092938
2023-02-01,アイムジャグラーEX-TP,129,1504,-821,3,4,1/214.9,1/501.3,1/376.0,6.514900387216397
2023-02-01,アイムジャグラーEX-TP,130,4999,1265,23,18,1/121.9,1/217.3,1/277.7,6.238201902380787
2023-02-01,アイムジャグラーEX-TP,131,1285,-1204,2,1,1/428.3,1/642.5,1/1285.0,7.103660651773303
2023-02-01,アイムジャグラーEX-TP,132,5768,-704,20,16,1/160.2,1/288.4,1/360.5,6.2949247322135955
2023-02-01,アイムジャグラーEX-TP,154,420,-439,0,0,1/0.0,1/0.0,1/0.0,5.394172752235369
2023-02-01,アイムジャグラーEX-TP,155,4592,2378,26,15,1/112.0,1/176.6,1/306.1,6.095444978301769
2023-02-01,アイムジャグラーEX-TP,156,5381,870,22,18,1/134.5,1/244.6,1/298.9,5.9517012530449245
2023-02-01,アイムジャグラーEX-TP,157,5730,-752,18,13,1/184.8,1/318.3,1/440.8,5.748305767130716
2023-02-01,アイムジャグラーEX-TP,158,1495,-308,4,5,1/166.1,1/373.8,1/299.0,6.008273734539998
2023-02-01,アイムジャグラーEX-TP,159,5548,-753,18,14,1/173.4,1/308.2,1/396.3,5.983187630995465
2023-02-01,アイムジャグラーEX-TP,160,2230,-519,6,5,1/202.7,1/371.7,1/446.0,5.689857599193928
2023-02-01,アイムジャグラーEX-TP,161,5026,-1077,14,16,1/167.5,1/359.0,1/314.1,6.102443291534065
2023-02-01,アイムジャグラーEX-TP,162,3756,-1116,11,9,1/187.8,1/341.5,1/417.3,6.313440750577337
2023-02-01,アイムジャグラーEX-TP,163,3301,-380,11,9,1/165.1,1/300.1,1/366.8,6.077812497146136
2023-02-01,アイムジャグラーEX-TP,164,4646,-952,14,12,1/178.7,1/331.9,1/387.2,6.059267566274445
2023-02-01,アイムジャグラーEX-TP,165,3396,14,10,15,1/135.8,1/339.6,1/226.4,5.831388492579033
2023-02-01,アイムジャグラーEX-TP,166,4363,-683,13,16,1/150.4,1/335.6,1/272.7,6.280171325607134
2023-02-01,アイムジャグラーEX-TP,167,5627,-494,16,23,1/144.3,1/351.7,1/244.7,5.984493726879681
2023-02-01,アイムジャグラーEX-TP,168,6262,-1421,18,17,1/178.9,1/347.9,1/368.4,6.057857882828202
2023-02-01,アイムジャグラーEX-TP,169,6776,115,22,29,1/132.9,1/308.0,1/233.7,6.051927484868864
2023-02-01,アイムジャグラーEX-TP,170,4801,-623,15,18,1/145.5,1/320.1,1/266.7,6.367147777335603
2023-02-01,アイムジャグラーEX-TP,171,3917,-7,14,14,1/139.9,1/279.8,1/279.8,6.210769642633235
2023-02-01,アイムジャグラーEX-TP,172,1488,75,7,2,1/165.3,1/212.6,1/744.0,6.305451584111228
2023-02-01,アイムジャグラーEX-TP,173,7018,-80,23,28,1/137.6,1/305.1,1/250.6,6.090692282682376
2023-02-01,アイムジャグラーEX-TP,174,1164,-551,3,2,1/232.8,1/388.0,1/582.0,6.4322075441284525
2023-02-01,アイムジャグラーEX-TP,175,3013,-2145,4,6,1/301.3,1/753.2,1/502.2,6.186337241162972
2023-02-01,アイムジャグラーEX-TP,176,5396,65,20,19,1/138.4,1/269.8,1/284.0,6.280749819565208
2023-02-01,アイムジャグラーEX-TP,177,1757,-117,6,5,1/159.7,1/292.8,1/351.4,6.002968411505568
2023-02-01,アイムジャグラーEX-TP,178,7021,2629,35,24,1/119.0,1/200.6,1/292.5,6.039190189754005
2023-02-01,マイジャグラーV,73,4964,-333,17,14,1/160.1,1/292.0,1/354.6,5.8162211325868585
2023-02-01,マイジャグラーV,74,6444,660,29,13,1/153.4,1/222.2,1/495.7,5.864689410840483
2023-02-01,マイジャグラーV,75,2746,-1246,5,7,1/228.8,1/549.2,1/392.3,5.721078594780799
2023-02-01,マイジャグラーV,76,8310,680,32,28,1/138.5,1/259.7,1/296.8,5.838900980416293
2023-02-01,マイジャグラーV,77,6898,309,28,17,1/153.3,1/246.4,1/405.8,5.8418355997663145
2023-02-01,ファンキージャグラー2,78,2648,11,8,9,1/155.8,1/331.0,1/294.2,5.382458976790076
2023-02-01,ファンキージャグラー2,79,2114,-472,7,5,1/176.2,1/302.0,1/422.8,6.211545585479675
2023-02-01,ファンキージャグラー2,80,4841,1162,21,15,1/134.5,1/230.5,1/322.7,5.572023985197937
2023-02-01,ファンキージャグラー2,81,2203,-618,6,4,1/220.3,1/367.2,1/550.8,5.619492803787329
2023-02-01,ファンキージャグラー2,82,1574,-462,4,5,1/174.9,1/393.5,1/314.8,6.039549263143334
2023-02-01,ファンキージャグラー2,83,1470,-747,3,1,1/367.5,1/490.0,1/1470.0,5.451539016748185
2023-02-01,ファンキージャグラー2,84,3901,-615,13,8,1/185.8,1/300.1,1/487.6,5.803754650623845
2023-02-01,ハッピージャグラーVIII,145,2027,600,11,3,1/144.8,1/184.3,1/675.7,5.997555781503598
2023-02-01,ハッピージャグラーVIII,146,2551,-286,8,9,1/150.1,1/318.9,1/283.4,6.255622297247321
2023-02-01,ハッピージャグラーVIII,147,1661,-185,7,2,1/184.6,1/237.3,1/830.5,6.43337671472995
2023-02-01,ハッピージャグラーVIII,148,4026,1220,21,8,1/138.8,1/191.7,1/503.2,5.957397284745278
2023-02-01,ハッピージャグラーVIII,149,2076,409,10,5,1/138.4,1/207.6,1/415.2,6.191002260938518
2023-02-01,ハッピージャグラーVIII,150,3062,-2570,1,8,1/340.2,1/3062.0,1/382.8,6.094474404575871
2023-02-01,ハッピージャグラーVIII,151,2123,-1136,4,6,1/212.3,1/530.8,1/353.8,6.5406674199628
2023-02-01,ハッピージャグラーVIII,152,1923,-942,4,6,1/192.3,1/480.8,1/320.5,6.704387124491238
2023-02-01,ハッピージャグラーVIII,153,7925,1087,30,31,1/129.9,1/264.2,1/255.6,5.989224591434984
2023-01-31,アイムジャグラーEX-TP,109,3956,-802,13,10,1/172.0,1/304.3,1/395.6,6.35338208146144
2023-01-31,アイムジャグラーEX-TP,110,1153,-798,2,2,1/288.2,1/576.5,1/576.5,6.47683237620768
2023-01-31,アイムジャグラーEX-TP,111,2046,237,9,2,1/186.0,1/227.3,1/1023.0,5.533108066062714
2023-01-31,アイムジャグラーEX-TP,112,4936,-812,14,18,1/154.2,1/352.6,1/274.2,6.135690446163145
2023-01-31,アイムジャグラーEX-TP,113,1203,-277,3,4,1/171.9,1/401.0,1/300.8,5.9049503265074295
2023-01-31,アイムジャグラーEX-TP,114,2614,-666,6,11,1/153.8,1/435.7,1/237.6,6.1727766804870905
2023-01-31,アイムジャグラーEX-TP,115,5342,156,16,28,1/121.4,1/333.9,1/190.8,6.126774361795867
2023-01-31,アイムジャグラーEX-TP,116,1418,-132,5,3,1/177.2,1/283.6,1/472.7,5.935669067947588
2023-01-31,アイムジャグラーEX-TP,117,2642,646,12,7,1/139.1,1/220.2,1/377.4,5.800105828880238
2023-01-31,アイムジャグラーEX-TP,118,650,-395,1,2,1/216.7,1/650.0,1/325.0,6.446350250044009
2023-01-31,アイムジャグラーEX-TP,119,7507,1650,32,33,1/115.5,1/234.6,1/227.5,6.357252543309619
2023-01-31,アイムジャグラーEX-TP,120,2995,247,13,6,1/157.6,1/230.4,1/499.2,6.017729093891743
2023-01-31,アイムジャグラーEX-TP,121,3415,283,15,5,1/170.8,1/227.7,1/683.0,5.8473364055678285
2023-01-31,アイムジャグラーEX-TP,122,0,0,0,0,1/0.0,1/0.0,1/0.0,0.0
2023-01-31,アイムジャグラーEX-TP,123,1346,374,7,1,1/168.2,1/192.3,1/1346.0,5.5992383039150075
2023-01-31,アイムジャグラーEX-TP,124,1824,-356,6,5,1/165.8,1/304.0,1/364.8,6.422801848006295
2023-01-31,アイムジャグラーEX-TP,125,4301,517,18,11,1/148.3,1/238.9,1/391.0,5.910956694181818
2023-01-31,アイムジャグラーEX-TP,126,1378,590,8,2,1/137.8,1/172.2,1/689.0,5.884095614077115
2023-01-31,アイムジャグラーEX-TP,127,1105,162,6,0,1/184.2,1/184.2,1/0.0,6.103734767591323
2023-01-31,アイムジャグラーEX-TP,128,1400,-411,4,3,1/200.0,1/350.0,1/466.7,6.093918160855498
2023-01-31,アイムジャグラーEX-TP,129,936,207,4,2,1/156.0,1/234.0,1/468.0,5.433932610179079
2023-01-31,アイムジャグラーEX-TP,130,5624,2137,26,27,1/106.1,1/216.3,1/208.3,6.204063085481565
2023-01-31,アイムジャグラーEX-TP,131,1740,48,6,8,1/124.3,1/290.0,1/217.5,6.391839604499414
2023-01-31,アイムジャグラーEX-TP,132,5149,232,22,10,1/160.9,1/234.0,1/514.9,6.084203102208609
2023-01-31,アイムジャグラーEX-TP,154,2986,444,13,10,1/129.8,1/229.7,1/298.6,6.328259627511349
2023-01-31,アイムジャグラーEX-TP,155,899,-637,1,2,1/299.7,1/899.0,1/449.5,6.022392985459639
2023-01-31,アイムジャグラーEX-TP,156,2854,-1609,5,9,1/203.9,1/570.8,1/317.1,6.535892930073776
2023-01-31,アイムジャグラーEX-TP,157,3731,479,15,12,1/138.2,1/248.7,1/310.9,5.969108240986674
2023-01-31,アイムジャグラーEX-TP,158,4546,459,19,12,1/146.6,1/239.3,1/378.8,6.025189506855469
2023-01-31,アイムジャグラーEX-TP,159,1005,-590,2,2,1/251.2,1/502.5,1/502.5,6.391292071236514
2023-01-31,アイムジャグラーEX-TP,160,6221,1535,27,24,1/122.0,1/230.4,1/259.2,6.073765308517353
2023-01-31,アイムジャグラーEX-TP,161,874,-150,3,1,1/218.5,1/291.3,1/874.0,5.7749248797243045
2023-01-31,アイムジャグラーEX-TP,162,4954,-1656,12,16,1/176.9,1/412.8,1/309.6,6.260685438141066
2023-01-31,アイムジャグラーEX-TP,163,653,-244,1,2,1/217.7,1/653.0,1/326.5,5.412108885000311
2023-01-31,アイムジャグラーEX-TP,164,2449,-1021,5,8,1/188.4,1/489.8,1/306.1,6.214541870647139
2023-01-31,アイムジャグラーEX-TP,165,5769,3093,30,26,1/103.0,1/192.3,1/221.9,6.021230803451997
2023-01-31,アイムジャグラーEX-TP,166,248,-46,1,0,1/248.0,1/248.0,1/0.0,6.0162531018272665
2023-01-31,アイムジャグラーEX-TP,167,4896,1135,20,23,1/113.9,1/244.8,1/212.9,6.219211268092986
2023-01-31,アイムジャグラーEX-TP,168,5031,-1385,14,11,1/201.2,1/359.4,1/457.4,5.945290634368655
2023-01-31,アイムジャグラーEX-TP,169,5879,-1373,19,12,1/189.6,1/309.4,1/489.9,6.209465191617135
2023-01-31,アイムジャグラーEX-TP,170,3742,127,16,5,1/178.2,1/233.9,1/748.4,5.879345245821128
2023-01-31,アイムジャグラーEX-TP,171,5794,182,20,20,1/144.8,1/289.7,1/289.7,5.866535249796948
2023-01-31,アイムジャグラーEX-TP,172,7032,2221,32,30,1/113.4,1/219.8,1/234.4,6.18018085255173
2023-01-31,アイムジャグラーEX-TP,173,2503,517,11,10,1/119.2,1/227.5,1/250.3,6.399212643739727
2023-01-31,アイムジャグラーEX-TP,174,6562,2233,31,22,1/123.8,1/211.7,1/298.3,5.872307838368495
2023-01-31,アイムジャグラーEX-TP,175,3383,-82,12,11,1/147.1,1/281.9,1/307.5,6.138970801817274
2023-01-31,アイムジャグラーEX-TP,176,1634,-257,6,4,1/163.4,1/272.3,1/408.5,6.582820707249555
2023-01-31,アイムジャグラーEX-TP,177,3600,201,14,9,1/156.5,1/257.1,1/400.0,5.843916300508787
2023-01-31,アイムジャグラーEX-TP,178,5159,1000,26,8,1/151.7,1/198.4,1/644.9,6.11518311897477
2023-01-31,マイジャグラーV,73,5555,1331,27,19,1/120.8,1/205.7,1/292.4,6.24280568095036
2023-01-31,マイジャグラーV,74,4023,-483,12,10,1/182.9,1/335.2,1/402.3,5.479226125501766
2023-01-31,マイジャグラーV,75,7634,1490,35,19,1/141.4,1/218.1,1/401.8,5.748187726918562
2023-01-31,マイジャグラーV,76,6125,441,26,14,1/153.1,1/235.6,1/437.5,5.842726037109955
2023-01-31,マイジャグラーV,77,4970,-206,15,19,1/146.2,1/331.3,1/261.6,5.702619767170469
2023-01-31,ファンキージャグラー2,78,800,-598,1,1,1/400.0,1/800.0,1/800.0,5.869082772407975
2023-01-31,ファンキージャグラー2,79,5413,-1474,14,12,1/208.2,1/386.6,1/451.1,5.608343439182959
2023-01-31,ファンキージャグラー2,80,2882,62,12,9,1/137.2,1/240.2,1/320.2,6.366487094692163
2023-01-31,ファンキージャグラー2,81,885,-722,1,0,1/885.0,1/885.0,1/0.0,5.545766477016597
2023-01-31,ファンキージャグラー2,82,3414,-432,9,16,1/136.6,1/379.3,1/213.4,6.037493204172715
2023-01-31,ファンキージャグラー2,83,479,-114,1,1,1/239.5,1/479.0,1/479.0,5.023944365322565
2023-01-31,ファンキージャグラー2,84,3621,219,18,3,1/172.4,1/201.2,1/1207.0,6.056231254204976
2023-01-31,ハッピージャグラーVIII,145,1483,-896,3,3,1/247.2,1/494.3,1/494.3,6.679860855750757
2023-01-31,ハッピージャグラーVIII,146,2934,-497,10,8,1/163.0,1/293.4,1/366.8,6.488279163628972
2023-01-31,ハッピージャグラーVIII,147,247,-259,0,1,1/247.0,1/0.0,1/247.0,7.660871517182104
2023-01-31,ハッピージャグラーVIII,148,6207,1266,25,24,1/126.7,1/248.3,1/258.6,5.931254424835127
2023-01-31,ハッピージャグラーVIII,149,1000,-793,1,1,1/500.0,1/1000.0,1/1000.0,5.917597455433094
2023-01-31,ハッピージャグラーVIII,150,679,-72,3,0,1/226.3,1/226.3,1/0.0,6.0827053078210565
2023-01-31,ハッピージャグラーVIII,151,820,-189,3,0,1/273.3,1/273.3,1/0.0,5.827246998878965
2023-01-31,ハッピージャグラーVIII,152,2070,-1086,4,2,1/345.0,1/517.5,1/1035.0,5.714244306718275
2023-01-31,ハッピージャグラーVIII,153,4308,-692,13,16,1/148.6,1/331.4,1/269.2,6.446891226892934
2023-01-30,アイムジャグラーEX-TP,109,1803,458,8,6,1/128.8,1/225.4,1/300.5,5.923465669623318
2023-01-30,アイムジャグラーEX-TP,110,1514,609,8,4,1/126.2,1/189.2,1/378.5,5.920201008420606
2023-01-30,アイムジャグラーEX-TP,111,1405,-227,5,3,1/175.6,1/281.0,1/468.3,6.302958308061685
2023-01-30,アイムジャグラーEX-TP,112,1653,-750,3,5,1/206.6,1/551.0,1/330.6,6.012786829574268
2023-01-30,アイムジャグラーEX-TP,113,1560,-287,6,2,1/195.0,1/260.0,1/780.0,6.370014544866544
2023-01-30,アイムジャグラーEX-TP,114,901,-409,3,0,1/300.3,1/300.3,1/0.0,6.463030283206256
2023-01-30,アイムジャグラーEX-TP,115,1277,-208,3,6,1/141.9,1/425.7,1/212.8,6.025664612640127
2023-01-30,アイムジャグラーEX-TP,116,1243,-1065,1,5,1/207.2,1/1243.0,1/248.6,7.364825239155369
2023-01-30,アイムジャグラーEX-TP,117,1829,-153,7,1,1/228.6,1/261.3,1/1829.0,5.5904998304204865
2023-01-30,アイムジャグラーEX-TP,118,635,-323,1,2,1/211.7,1/635.0,1/317.5,6.042344943675353
2023-01-30,アイムジャグラーEX-TP,119,4564,554,20,15,1/130.4,1/228.2,1/304.3,6.474329983803821
2023-01-30,アイムジャグラーEX-TP,120,2804,283,12,5,1/164.9,1/233.7,1/560.8,5.779716415039785
2023-01-30,アイムジャグラーEX-TP,121,5947,1687,30,15,1/132.2,1/198.2,1/396.5,6.1335606501524795
2023-01-30,アイムジャグラーEX-TP,122,0,0,0,0,1/0.0,1/0.0,1/0.0,0.0
2023-01-30,アイムジャグラーEX-TP,123,4664,-39,15,17,1/145.8,1/310.9,1/274.4,5.86198032677172
2023-01-30,アイムジャグラーEX-TP,124,466,-304,1,0,1/466.0,1/466.0,1/0.0,5.984456594004319
2023-01-30,アイムジャグラーEX-TP,125,1037,-104,4,2,1/172.8,1/259.2,1/518.5,6.273594796437275
2023-01-30,アイムジャグラーEX-TP,126,652,124,3,1,1/163.0,1/217.3,1/652.0,5.648294232467851
2023-01-30,アイムジャグラーEX-TP,127,1863,508,11,0,1/169.4,1/169.4,1/0.0,6.072087312117707
2023-01-30,アイムジャグラーEX-TP,128,1779,-414,5,4,1/197.7,1/355.8,1/444.8,5.8169778651730475
2023-01-30,アイムジャグラーEX-TP,129,5445,623,20,20,1/136.1,1/272.2,1/272.2,5.839375039947974
2023-01-30,アイムジャグラーEX-TP,130,2881,573,14,8,1/131.0,1/205.8,1/360.1,6.442325843762441
2023-01-30,アイムジャグラーEX-TP,131,1150,-269,4,2,1/191.7,1/287.5,1/575.0,6.3753059453885745
2023-01-30,アイムジャグラーEX-TP,132,1419,-1038,2,1,1/473.0,1/709.5,1/1419.0,5.815764212934677
2023-01-30,アイムジャグラーEX-TP,154,3911,2255,21,19,1/97.8,1/186.2,1/205.8,6.186749933687406
2023-01-30,アイムジャグラーEX-TP,155,1620,-227,6,4,1/162.0,1/270.0,1/405.0,6.544203875380582
2023-01-30,アイムジャグラーEX-TP,156,427,-576,0,1,1/427.0,1/0.0,1/427.0,8.365523620065735
2023-01-30,アイムジャグラーEX-TP,157,1293,-959,2,2,1/323.2,1/646.5,1/646.5,6.396565702178671
2023-01-30,アイムジャグラーEX-TP,158,2336,109,11,4,1/155.7,1/212.4,1/584.0,6.510578338073987
2023-01-30,アイムジャグラーEX-TP,159,2298,-221,8,6,1/164.1,1/287.2,1/383.0,6.112556910218988
2023-01-30,アイムジャグラーEX-TP,160,2100,-216,7,6,1/161.5,1/300.0,1/350.0,6.079858947272423
2023-01-30,アイムジャグラーEX-TP,161,6027,-411,20,24,1/137.0,1/301.4,1/251.1,6.4149568310764655
2023-01-30,アイムジャグラーEX-TP,162,313,-17,1,1,1/156.5,1/313.0,1/313.0,5.852324719135158
2023-01-30,アイムジャグラーEX-TP,163,1643,475,9,2,1/149.4,1/182.6,1/821.5,6.036890730109943
2023-01-30,アイムジャグラーEX-TP,164,1645,823,9,6,1/109.7,1/182.8,1/274.2,6.122820048085539
2023-01-30,アイムジャグラーEX-TP,165,4132,-544,12,14,1/158.9,1/344.3,1/295.1,5.951191187374695
2023-01-30,アイムジャグラーEX-TP,166,1435,-942,3,1,1/358.8,1/478.3,1/1435.0,6.24884603191745
2023-01-30,アイムジャグラーEX-TP,167,2039,92,9,5,1/145.6,1/226.6,1/407.8,6.499466431738103
2023-01-30,アイムジャグラーEX-TP,168,5068,195,23,9,1/158.4,1/220.3,1/563.1,6.362312453013921
2023-01-30,アイムジャグラーEX-TP,169,3226,-807,11,3,1/230.4,1/293.3,1/1075.3,6.002055434210012
2023-01-30,アイムジャグラーEX-TP,170,3420,1242,16,15,1/110.3,1/213.8,1/228.0,6.162017271485778
2023-01-30,アイムジャグラーEX-TP,171,682,-238,2,1,1/227.3,1/341.0,1/682.0,6.140242600805091
2023-01-30,アイムジャグラーEX-TP,172,236,-280,0,0,1/0.0,1/0.0,1/0.0,5.961787970526537
2023-01-30,アイムジャグラーEX-TP,173,5698,-587,18,21,1/146.1,1/316.6,1/271.3,6.247278396410251
2023-01-30,アイムジャグラーEX-TP,174,533,727,5,0,1/106.6,1/106.6,1/0.0,5.210519148560112
2023-01-30,アイムジャグラーEX-TP,175,3914,-1503,6,19,1/156.6,1/652.3,1/206.0,6.169129571596508
2023-01-30,アイムジャグラーEX-TP,176,1583,280,7,3,1/158.3,1/226.1,1/527.7,5.6590522206471245
2023-01-30,アイムジャグラーEX-TP,177,1354,1385,11,2,1/104.2,1/123.1,1/677.0,5.8422024568230375
2023-01-30,アイムジャグラーEX-TP,178,3067,72,12,6,1/170.4,1/255.6,1/511.2,5.786987026620404
2023-01-30,マイジャグラーV,73,4436,-43,19,8,1/164.3,1/233.5,1/554.5,6.040838560720644
2023-01-30,マイジャグラーV,74,7649,-1132,22,26,1/159.4,1/347.7,1/294.2,5.836690203599372
2023-01-30,マイジャグラーV,75,1586,239,7,5,1/132.2,1/226.6,1/317.2,6.037820377679941
2023-01-30,マイジャグラーV,76,2009,-326,8,2,1/200.9,1/251.1,1/1004.5,6.057283152400705
2023-01-30,マイジャグラーV,77,3079,-1304,7,7,1/219.9,1/439.9,1/439.9,5.941145414871701
2023-01-30,ファンキージャグラー2,78,2756,-596,7,10,1/162.1,1/393.7,1/275.6,5.885984884807901
2023-01-30,ファンキージャグラー2,79,1229,-704,2,2,1/307.2,1/614.5,1/614.5,5.667602601217462
2023-01-30,ファンキージャグラー2,80,1156,-124,5,0,1/231.2,1/231.2,1/0.0,5.769444800737051
2023-01-30,ファンキージャグラー2,81,1379,-279,4,3,1/197.0,1/344.8,1/459.7,5.61331438280026
2023-01-30,ファンキージャグラー2,82,3621,-1495,9,7,1/226.3,1/402.3,1/517.3,5.983365178999966
2023-01-30,ファンキージャグラー2,83,1196,-367,4,0,1/299.0,1/299.0,1/0.0,5.627158851730245
2023-01-30,ファンキージャグラー2,84,634,-509,1,1,1/317.0,1/634.0,1/634.0,6.676356510066267
2023-01-30,ハッピージャグラーVIII,145,1844,0,8,3,1/167.6,1/230.5,1/614.7,6.227170488885226
2023-01-30,ハッピージャグラーVIII,146,276,-369,0,0,1/0.0,1/0.0,1/0.0,6.997022462723742
2023-01-30,ハッピージャグラーVIII,147,485,-169,1,1,1/242.5,1/485.0,1/485.0,5.554398389224467
2023-01-30,ハッピージャグラーVIII,148,367,-137,1,0,1/367.0,1/367.0,1/0.0,5.502557208509248
2023-01-30,ハッピージャグラーVIII,149,7598,3076,37,29,1/115.1,1/205.4,1/262.0,5.914497792056401
2023-01-30,ハッピージャグラーVIII,150,87,-122,0,0,1/0.0,1/0.0,1/0.0,7.421142365446478
2023-01-30,ハッピージャグラーVIII,151,389,-280,1,0,1/389.0,1/389.0,1/0.0,6.9911108205636605
2023-01-30,ハッピージャグラーVIII,152,580,-203,1,2,1/193.3,1/580.0,1/290.0,5.767743892282411
2023-01-30,ハッピージャグラーVIII,153,1136,-81,5,2,1/162.3,1/227.2,1/568.0,6.748243585455872
2023-01-29,アイムジャグラーEX-TP,109,4691,-913,12,17,1/161.8,1/390.9,1/275.9,5.944465513159882
2023-01-29,アイムジャグラーEX-TP,110,3953,-366,15,9,1/164.7,1/263.5,1/439.2,6.321703680111112
2023-01-29,アイムジャグラーEX-TP,111,1309,694,8,1,1/145.4,1/163.6,1/1309.0,5.51645409916157
2023-01-29,アイムジャグラーEX-TP,112,2396,-1457,4,6,1/239.6,1/599.0,1/399.3,6.337880895135211
2023-01-29,アイムジャグラーEX-TP,113,5456,814,24,14,1/143.6,1/227.3,1/389.7,6.02455709291446
2023-01-29,アイムジャグラーEX-TP,114,2624,-702,7,10,1/154.4,1/374.9,1/262.4,6.517105875476435
2023-01-29,アイムジャグラーEX-TP,115,2731,-398,9,7,1/170.7,1/303.4,1/390.1,6.104768103308682
2023-01-29,アイムジャグラーEX-TP,116,2016,810,13,1,1/144.0,1/155.1,1/2016.0,6.335655086937068
2023-01-29,アイムジャグラーEX-TP,117,6527,241,25,21,1/141.9,1/261.1,1/310.8,6.170758530967309
2023-01-29,アイムジャグラーEX-TP,118,4592,836,21,14,1/131.2,1/218.7,1/328.0,6.294403766509805
2023-01-29,アイムジャグラーEX-TP,119,4633,-507,16,13,1/159.8,1/289.6,1/356.4,6.230859993033217
2023-01-29,アイムジャグラーEX-TP,120,3396,-528,12,6,1/188.7,1/283.0,1/566.0,6.0755760875200675
2023-01-29,アイムジャグラーEX-TP,121,5453,163,19,22,1/133.0,1/287.0,1/247.9,6.160991092300562
2023-01-29,アイムジャグラーEX-TP,122,0,0,0,0,1/0.0,1/0.0,1/0.0,0.0
2023-01-29,アイムジャグラーEX-TP,123,3018,1307,14,13,1/111.8,1/215.6,1/232.2,5.773701105212273
2023-01-29,アイムジャグラーEX-TP,124,4446,-3,18,11,1/153.3,1/247.0,1/404.2,6.275605008339313
2023-01-29,アイムジャグラーEX-TP,125,664,-522,1,0,1/664.0,1/664.0,1/0.0,5.8660192371860385
2023-01-29,アイムジャグラーEX-TP,126,3698,794,17,8,1/147.9,1/217.5,1/462.2,5.788891705412035
2023-01-29,アイムジャグラーEX-TP,127,1654,-583,4,6,1/165.4,1/413.5,1/275.7,6.5429114911801625
2023-01-29,アイムジャグラーEX-TP,128,6723,2657,35,24,1/113.9,1/192.1,1/280.1,6.272080267103483
2023-01-29,アイムジャグラーEX-TP,129,1966,-920,4,7,1/178.7,1/491.5,1/280.9,6.611383706449989
2023-01-29,アイムジャグラーEX-TP,130,3892,-1287,9,15,1/162.2,1/432.4,1/259.5,6.4023405851739295
2023-01-29,アイムジャグラーEX-TP,131,2810,-1500,5,6,1/255.5,1/562.0,1/468.3,5.952082768264977
2023-01-29,アイムジャグラーEX-TP,132,2643,-1040,6,5,1/240.3,1/440.5,1/528.6,5.779260205275912
2023-01-29,アイムジャグラーEX-TP,154,1233,-286,4,3,1/176.1,1/308.2,1/411.0,6.402415325461045
2023-01-29,アイムジャグラーEX-TP,155,6594,877,27,22,1/134.6,1/244.2,1/299.7,6.084785534517727
2023-01-29,アイムジャグラーEX-TP,156,3383,-402,10,12,1/153.8,1/338.3,1/281.9,6.019831956471011
2023-01-29,アイムジャグラーEX-TP,157,6554,822,26,21,1/139.4,1/252.1,1/312.1,5.9179269492867155
2023-01-29,アイムジャグラーEX-TP,158,3081,183,12,8,1/154.1,1/256.8,1/385.1,5.874510390733306
2023-01-29,アイムジャグラーEX-TP,159,3642,-400,12,8,1/182.1,1/303.5,1/455.2,5.7911311672446235
2023-01-29,アイムジャグラーEX-TP,160,3304,-1745,8,7,1/220.3,1/413.0,1/472.0,6.722587717714228
2023-01-29,アイムジャグラーEX-TP,161,4233,-1603,11,7,1/235.2,1/384.8,1/604.7,5.973668273465361
2023-01-29,アイムジャグラーEX-TP,162,1855,-422,6,3,1/206.1,1/309.2,1/618.3,5.996483894591834
2023-01-29,アイムジャグラーEX-TP,163,5668,558,22,18,1/141.7,1/257.6,1/314.9,5.930019575341966
2023-01-29,アイムジャグラーEX-TP,164,5175,-309,18,15,1/156.8,1/287.5,1/345.0,6.0669954567876045
2023-01-29,アイムジャグラーEX-TP,165,723,-664,1,0,1/723.0,1/723.0,1/0.0,6.33706507289334
2023-01-29,アイムジャグラーEX-TP,166,7050,1141,31,25,1/125.9,1/227.4,1/282.0,6.412256231939948
2023-01-29,アイムジャグラーEX-TP,167,1882,-1439,3,4,1/268.9,1/627.3,1/470.5,6.892042814307456
2023-01-29,アイムジャグラーEX-TP,168,4197,245,18,8,1/161.4,1/233.2,1/524.6,6.025995948382786
2023-01-29,アイムジャグラーEX-TP,169,5290,566,24,12,1/146.9,1/220.4,1/440.8,6.253128041603042
2023-01-29,アイムジャグラーEX-TP,170,545,-477,0,2,1/272.5,1/0.0,1/272.5,6.137090208469634
2023-01-29,アイムジャグラーEX-TP,171,6905,2663,34,27,1/113.2,1/203.1,1/255.7,6.133144119249638
2023-01-29,アイムジャグラーEX-TP,172,2237,-203,9,3,1/186.4,1/248.6,1/745.7,6.15860717799019
2023-01-29,アイムジャグラーEX-TP,173,3509,-949,9,13,1/159.5,1/389.9,1/269.9,6.346285531196036
2023-01-29,アイムジャグラーEX-TP,174,1665,-1079,2,5,1/237.9,1/832.5,1/333.0,6.189870657726734
2023-01-29,アイムジャグラーEX-TP,175,5797,3622,33,27,1/96.6,1/175.7,1/214.7,6.253783339342948
2023-01-29,アイムジャグラーEX-TP,176,5336,-857,13,23,1/148.2,1/410.5,1/232.0,5.94779335528934
2023-01-29,アイムジャグラーEX-TP,177,4587,1400,21,14,1/131.1,1/218.4,1/327.6,5.744832284148948
2023-01-29,アイムジャグラーEX-TP,178,6325,-1335,18,16,1/186.0,1/351.4,1/395.3,5.8768027034221575
2023-01-29,マイジャグラーV,73,4402,-1402,15,6,1/209.6,1/293.5,1/733.7,6.314344032623756
2023-01-29,マイジャグラーV,74,5103,-591,19,9,1/182.2,1/268.6,1/567.0,5.900023401084879
2023-01-29,マイジャグラーV,75,3008,-1922,5,5,1/300.8,1/601.6,1/601.6,5.990041794481108
2023-01-29,マイジャグラーV,76,6385,-209,23,17,1/159.6,1/277.6,1/375.6,5.787161577443611
2023-01-29,マイジャグラーV,77,4578,681,22,7,1/157.9,1/208.1,1/654.0,5.780744304733338
2023-01-29,ファンキージャグラー2,78,2516,-567,9,5,1/179.7,1/279.6,1/503.2,6.358132958011431
2023-01-29,ファンキージャグラー2,79,4588,975,22,12,1/134.9,1/208.5,1/382.3,5.948615141520445
2023-01-29,ファンキージャグラー2,80,6546,1137,27,25,1/125.9,1/242.4,1/261.8,5.918043639062532
2023-01-29,ファンキージャグラー2,81,1692,-867,3,2,1/338.4,1/564.0,1/846.0,5.407239949148934
2023-01-29,ファンキージャグラー2,82,4069,298,20,3,1/176.9,1/203.4,1/1356.3,5.900810514899193
2023-01-29,ファンキージャグラー2,83,2322,560,13,4,1/136.6,1/178.6,1/580.5,6.317526299389938
2023-01-29,ファンキージャグラー2,84,6214,858,25,24,1/126.8,1/248.6,1/258.9,5.986446344439496
2023-01-29,ハッピージャグラーVIII,145,3501,-2206,5,10,1/233.4,1/700.2,1/350.1,6.480287748098387
2023-01-29,ハッピージャグラーVIII,146,2359,-702,8,5,1/181.5,1/294.9,1/471.8,6.855247233699599
2023-01-29,ハッピージャグラーVIII,147,1702,-829,3,6,1/189.1,1/567.3,1/283.7,6.486371331610685
2023-01-29,ハッピージャグラーVIII,148,1956,329,10,3,1/150.5,1/195.6,1/652.0,6.268309608988551
2023-01-29,ハッピージャグラーVIII,149,7287,459,28,24,1/140.1,1/260.2,1/303.6,6.120606629222993
2023-01-29,ハッピージャグラーVIII,150,415,-397,0,1,1/415.0,1/0.0,1/415.0,6.1868215111311535
2023-01-29,ハッピージャグラーVIII,151,3870,-430,13,13,1/148.8,1/297.7,1/297.7,6.438516637305837
2023-01-29,ハッピージャグラーVIII,152,2938,-155,10,7,1/172.8,1/293.8,1/419.7,5.781726918981583
2023-01-29,ハッピージャグラーVIII,153,3540,-1338,9,9,1/196.7,1/393.3,1/393.3,6.401935771765564
2023-01-28,アイムジャグラーEX-TP,109,6951,2840,37,23,1/115.8,1/187.9,1/302.2,6.228946501351926
2023-01-28,アイムジャグラーEX-TP,110,2231,-580,6,5,1/202.8,1/371.8,1/446.2,5.800583329123512
2023-01-28,アイムジャグラーEX-TP,111,4594,-94,15,15,1/153.1,1/306.3,1/306.3,5.811877397573379
2023-01-28,アイムジャグラーEX-TP,112,3169,-77,12,7,1/166.8,1/264.1,1/452.7,5.960273507528424
2023-01-28,アイムジャグラーEX-TP,113,4991,-240,19,11,1/166.4,1/262.7,1/453.7,6.089049648800549
2023-01-28,アイムジャグラーEX-TP,114,2414,-708,7,4,1/219.5,1/344.9,1/603.5,5.93190628639789
2023-01-28,アイムジャグラーEX-TP,115,4722,1875,24,14,1/124.3,1/196.8,1/337.3,5.856538035907648
2023-01-28,アイムジャグラーEX-TP,116,4251,681,18,15,1/128.8,1/236.2,1/283.4,6.208515059460881
2023-01-28,アイムジャグラーEX-TP,117,3333,88,13,8,1/158.7,1/256.4,1/416.6,5.942976631049757
2023-01-28,アイムジャグラーEX-TP,118,5876,708,26,16,1/139.9,1/226.0,1/367.2,6.261131329318096
2023-01-28,アイムジャグラーEX-TP,119,1139,-360,2,4,1/189.8,1/569.5,1/284.8,5.568809114815545
2023-01-28,アイムジャグラーEX-TP,120,7940,-221,29,26,1/144.4,1/273.8,1/305.4,6.294648949846037
2023-01-28,アイムジャグラーEX-TP,121,3585,-1118,10,8,1/199.2,1/358.5,1/448.1,6.139319920902953
2023-01-28,アイムジャグラーEX-TP,122,0,0,0,0,1/0.0,1/0.0,1/0.0,0.0
2023-01-28,アイムジャグラーEX-TP,123,5055,715,22,12,1/148.7,1/229.8,1/421.2,5.925137904507875
2023-01-28,アイムジャグラーEX-TP,124,3920,574,16,14,1/130.7,1/245.0,1/280.0,6.11125635738253
2023-01-28,アイムジャグラーEX-TP,125,7386,1877,30,35,1/113.6,1/246.2,1/211.0,6.104181720679901
2023-01-28,アイムジャグラーEX-TP,126,2695,720,14,4,1/149.7,1/192.5,1/673.8,5.930698196121479
2023-01-28,アイムジャグラーEX-TP,127,4788,1910,23,18,1/116.8,1/208.2,1/266.0,5.872733378505627
2023-01-28,アイムジャグラーEX-TP,128,1851,-1389,3,2,1/370.2,1/617.0,1/925.5,6.310217448866017
2023-01-28,アイムジャグラーEX-TP,129,6525,-2350,16,14,1/217.5,1/407.8,1/466.1,5.936008464156743
2023-01-28,アイムジャグラーEX-TP,130,997,-413,2,2,1/249.2,1/498.5,1/498.5,5.637804800537067
2023-01-28,アイムジャグラーEX-TP,131,4978,889,18,18,1/138.3,1/276.6,1/276.6,5.5020899099408025
2023-01-28,アイムジャグラーEX-TP,132,7516,1677,33,28,1/123.2,1/227.8,1/268.4,6.184988140104202
2023-01-28,アイムジャグラーEX-TP,154,6804,1886,30,29,1/115.3,1/226.8,1/234.6,6.193238827336624
2023-01-28,アイムジャグラーEX-TP,155,3197,449,14,8,1/145.3,1/228.4,1/399.6,6.0142892891584125
2023-01-28,アイムジャグラーEX-TP,156,5921,21,21,18,1/151.8,1/282.0,1/328.9,5.920679750432298
2023-01-28,アイムジャグラーEX-TP,157,5257,1729,27,13,1/131.4,1/194.7,1/404.4,6.009392255997869
2023-01-28,アイムジャグラーEX-TP,158,1641,361,8,3,1/149.2,1/205.1,1/547.0,5.928941795170127
2023-01-28,アイムジャグラーEX-TP,159,5429,-124,21,13,1/159.7,1/258.5,1/417.6,6.127756257202146
2023-01-28,アイムジャグラーEX-TP,160,1365,-848,3,1,1/341.2,1/455.0,1/1365.0,6.2252131622441045
2023-01-28,アイムジャグラーEX-TP,161,3033,101,11,8,1/159.6,1/275.7,1/379.1,5.717726745710296
2023-01-28,アイムジャグラーEX-TP,162,2670,-1692,5,2,1/381.4,1/534.0,1/1335.0,5.913843277172863
2023-01-28,アイムジャグラーEX-TP,163,3476,-64,13,10,1/151.1,1/267.4,1/347.6,6.171751280056904
2023-01-28,アイムジャグラーEX-TP,164,5241,-374,17,17,1/154.1,1/308.3,1/308.3,6.0013525200424676
2023-01-28,アイムジャグラーEX-TP,165,5170,62,19,17,1/143.6,1/272.1,1/304.1,6.136121245008318
2023-01-28,アイムジャグラーEX-TP,166,5071,2257,26,21,1/107.9,1/195.0,1/241.5,6.197977733456378
2023-01-28,アイムジャグラーEX-TP,167,3542,-468,11,11,1/161.0,1/322.0,1/322.0,6.060127206552712
2023-01-28,アイムジャグラーEX-TP,168,6086,504,26,14,1/152.2,1/234.1,1/434.7,6.066771731004883
2023-01-28,アイムジャグラーEX-TP,169,5112,-447,20,7,1/189.3,1/255.6,1/730.3,6.02650580328813
2023-01-28,アイムジャグラーEX-TP,170,7190,3312,38,20,1/124.0,1/189.2,1/359.5,5.730156186205689
2023-01-28,アイムジャグラーEX-TP,171,3579,-587,10,12,1/162.7,1/357.9,1/298.2,5.9571102046745885
2023-01-28,アイムジャグラーEX-TP,172,3197,-622,9,9,1/177.6,1/355.2,1/355.2,5.88964192708789
2023-01-28,アイムジャグラーEX-TP,173,4708,-1465,11,12,1/204.7,1/428.0,1/392.3,5.766444990460318
2023-01-28,アイムジャグラーEX-TP,174,3722,-432,14,6,1/186.1,1/265.9,1/620.3,6.089900013724364
2023-01-28,アイムジャグラーEX-TP,175,2653,-326,11,4,1/176.9,1/241.2,1/663.2,6.556925369955298
2023-01-28,アイムジャグラーEX-TP,176,3208,-1499,7,5,1/267.3,1/458.3,1/641.6,5.863576936928821
2023-01-28,アイムジャグラーEX-TP,177,4305,640,19,14,1/130.5,1/226.6,1/307.5,6.357565898459556
2023-01-28,アイムジャグラーEX-TP,178,5473,753,21,19,1/136.8,1/260.6,1/288.1,5.8343696544040515
2023-01-28,マイジャグラーV,73,4745,-1656,14,5,1/249.7,1/338.9,1/949.0,5.817076378634268
2023-01-28,マイジャグラーV,74,8431,3845,39,36,1/112.4,1/216.2,1/234.2,5.4305309135504425
2023-01-28,マイジャグラーV,75,3709,294,15,10,1/148.4,1/247.3,1/370.9,5.774463787217999
2023-01-28,マイジャグラーV,76,8042,2537,39,27,1/121.8,1/206.2,1/297.9,5.856701832482221
2023-01-28,マイジャグラーV,77,7355,408,29,22,1/144.2,1/253.6,1/334.3,5.89207323035914
2023-01-28,ファンキージャグラー2,78,2309,-708,8,3,1/209.9,1/288.6,1/769.7,6.302246560521303
2023-01-28,ファンキージャグラー2,79,5780,129,22,17,1/148.2,1/262.7,1/340.0,5.881353362495892
2023-01-28,ファンキージャグラー2,80,6353,1255,26,23,1/129.7,1/244.3,1/276.2,5.7050611572700385
2023-01-28,ファンキージャグラー2,81,4299,-1326,12,8,1/214.9,1/358.2,1/537.4,5.817437505045983
2023-01-28,ファンキージャグラー2,82,5070,-20,17,16,1/153.6,1/298.2,1/316.9,5.626098327165108
2023-01-28,ファンキージャグラー2,83,2606,-565,10,1,1/236.9,1/260.6,1/2606.0,5.8941903492132495
2023-01-28,ファンキージャグラー2,84,4665,-1821,12,9,1/222.1,1/388.8,1/518.3,5.9739379752528174
2023-01-28,ハッピージャグラーVIII,145,7253,1655,34,24,1/125.1,1/213.3,1/302.2,6.308316992580974
2023-01-28,ハッピージャグラーVIII,146,589,-223,1,1,1/294.5,1/589.0,1/589.0,5.221071722478319
2023-01-28,ハッピージャグラーVIII,147,7776,1284,32,30,1/125.4,1/243.0,1/259.2,6.202556544486832
2023-01-28,ハッピージャグラーVIII,148,511,-79,2,1,1/170.3,1/255.5,1/511.0,6.665217753544443
2023-01-28,ハッピージャグラーVIII,149,7199,2226,33,28,1/118.0,1/218.2,1/257.1,6.067438176253157
2023-01-28,ハッピージャグラーVIII,150,1765,-416,5,6,1/160.5,1/353.0,1/294.2,6.450347060192656
2023-01-28,ハッピージャグラーVIII,151,3098,-475,12,4,1/193.6,1/258.2,1/774.5,6.274796700789671
2023-01-28,ハッピージャグラーVIII,152,5653,-1622,16,15,1/182.4,1/353.3,1/376.9,6.344168711680496
2023-01-28,ハッピージャグラーVIII,153,2114,-564,7,4,1/192.2,1/302.0,1/528.5,6.4582792183862985
2023-01-27,アイムジャグラーEX-TP,109,1953,-1125,4,2,1/325.5,1/488.2,1/976.5,5.969490128517346
2023-01-27,アイムジャグラーEX-TP,110,1764,-1100,2,5,1/252.0,1/882.0,1/352.8,5.926407524306755
2023-01-27,アイムジャグラーEX-TP,111,2765,621,13,8,1/131.7,1/212.7,1/345.6,6.1726417578433574
2023-01-27,アイムジャグラーEX-TP,112,7020,1447,23,40,1/111.4,1/305.2,1/175.5,5.845703164603051
2023-01-27,アイムジャグラーEX-TP,113,1659,-790,4,4,1/207.4,1/414.8,1/414.8,6.57523535696275
2023-01-27,アイムジャグラーEX-TP,114,1534,-299,4,5,1/170.4,1/383.5,1/306.8,5.848842647869437
2023-01-27,アイムジャグラーEX-TP,115,2576,-626,7,8,1/171.7,1/368.0,1/322.0,6.122032498628899
2023-01-27,アイムジャグラーEX-TP,116,1022,250,6,0,1/170.3,1/170.3,1/0.0,6.163853066770209
2023-01-27,アイムジャグラーEX-TP,117,5926,1102,26,18,1/134.7,1/227.9,1/329.2,6.048617328539458
2023-01-27,アイムジャグラーEX-TP,118,1122,1406,9,5,1/80.1,1/124.7,1/224.4,5.963029852670646
2023-01-27,アイムジャグラーEX-TP,119,1731,112,7,6,1/133.2,1/247.3,1/288.5,6.41624434422517
2023-01-27,アイムジャグラーEX-TP,120,5461,867,20,23,1/127.0,1/273.1,1/237.4,5.8575522452954525
2023-01-27,アイムジャグラーEX-TP,121,3127,-1775,6,7,1/240.5,1/521.2,1/446.7,6.322270021261388
2023-01-27,アイムジャグラーEX-TP,122,0,0,0,0,1/0.0,1/0.0,1/0.0,0.0
2023-01-27,アイムジャグラーEX-TP,123,1694,-765,4,2,1/282.3,1/423.5,1/847.0,5.835156618841576
2023-01-27,アイムジャグラーEX-TP,124,1595,76,6,5,1/145.0,1/265.8,1/319.0,6.004930819996834
2023-01-27,アイムジャグラーEX-TP,125,6757,2705,33,25,1/116.5,1/204.8,1/270.3,5.929560749688134
2023-01-27,アイムジャグラーEX-TP,126,138,397,2,0,1/69.0,1/69.0,1/0.0,4.535591575894578
2023-01-27,アイムジャグラーEX-TP,127,8048,1610,34,33,1/120.1,1/236.7,1/243.9,6.267809431833588
2023-01-27,アイムジャグラーEX-TP,128,241,-227,0,0,1/0.0,1/0.0,1/0.0,5.042828470177424
2023-01-27,アイムジャグラーEX-TP,129,2051,-859,4,4,1/256.4,1/512.8,1/512.8,5.579843396566842
2023-01-27,アイムジャグラーEX-TP,130,2267,181,10,2,1/188.9,1/226.7,1/1133.5,5.650369773956297
2023-01-27,アイムジャグラーEX-TP,131,1072,-413,2,2,1/268.0,1/536.0,1/536.0,5.345436891732166
2023-01-27,アイムジャグラーEX-TP,132,7140,-20,28,24,1/137.3,1/255.0,1/297.5,6.557072335160804
2023-01-27,アイムジャグラーEX-TP,154,966,-574,1,3,1/241.5,1/966.0,1/322.0,5.804603350902573
2023-01-27,アイムジャグラーEX-TP,155,4366,371,17,15,1/136.4,1/256.8,1/291.1,6.117367938972711
2023-01-27,アイムジャグラーEX-TP,156,4366,-509,13,16,1/150.6,1/335.8,1/272.9,6.08565872704718
2023-01-27,アイムジャグラーEX-TP,157,3072,965,15,7,1/139.6,1/204.8,1/438.9,5.72000593301657
2023-01-27,アイムジャグラーEX-TP,158,3720,-20,13,12,1/148.8,1/286.2,1/310.0,5.980586726103838
2023-01-27,アイムジャグラーEX-TP,159,1252,-214,4,3,1/178.9,1/313.0,1/417.3,6.0311675516634295
2023-01-27,アイムジャグラーEX-TP,160,1778,474,8,4,1/148.2,1/222.2,1/444.5,5.516700087485306
2023-01-27,アイムジャグラーEX-TP,161,965,195,4,4,1/120.6,1/241.2,1/241.2,6.181792091918444
2023-01-27,アイムジャグラーEX-TP,162,5812,2412,28,24,1/111.8,1/207.6,1/242.2,5.97205415687234
2023-01-27,アイムジャグラーEX-TP,163,652,60,3,1,1/163.0,1/217.3,1/652.0,6.068894236300403
2023-01-27,アイムジャグラーEX-TP,164,3817,-395,11,19,1/127.2,1/347.0,1/200.9,6.521863415127901
2023-01-27,アイムジャグラーEX-TP,165,2384,342,11,6,1/140.2,1/216.7,1/397.3,6.285542216736199
2023-01-27,アイムジャグラーEX-TP,166,2333,-533,7,7,1/166.6,1/333.3,1/333.3,6.34814696420075
2023-01-27,アイムジャグラーEX-TP,167,4673,-363,17,6,1/203.2,1/274.9,1/778.8,5.6564524949924415
2023-01-27,アイムジャグラーEX-TP,168,1885,-802,5,1,1/314.2,1/377.0,1/1885.0,5.772506881838774
2023-01-27,アイムジャグラーEX-TP,169,3401,-1170,8,8,1/212.6,1/425.1,1/425.1,5.842618246106817
2023-01-27,アイムジャグラーEX-TP,170,892,-346,2,4,1/148.7,1/446.0,1/223.0,6.956783245819808
2023-01-27,アイムジャグラーEX-TP,171,6520,929,27,20,1/138.7,1/241.5,1/326.0,5.978294481525304
2023-01-27,アイムジャグラーEX-TP,172,3692,-238,10,18,1/131.9,1/369.2,1/205.1,6.065438258799962
2023-01-27,アイムジャグラーEX-TP,173,3097,-479,12,4,1/193.6,1/258.1,1/774.2,6.264147426274807
2023-01-27,アイムジャグラーEX-TP,174,1738,-1087,2,5,1/248.3,1/869.0,1/347.6,5.971302634172473
2023-01-27,アイムジャグラーEX-TP,175,1540,1,7,2,1/171.1,1/220.0,1/770.0,6.333008937972907
2023-01-27,アイムジャグラーEX-TP,176,1618,-64,7,3,1/161.8,1/231.1,1/539.3,6.52971695170213
2023-01-27,アイムジャグラーEX-TP,177,6030,2231,31,19,1/120.6,1/194.5,1/317.4,6.123172022445132
2023-01-27,アイムジャグラーEX-TP,178,2691,-846,7,7,1/192.2,1/384.4,1/384.4,6.094769383303105
2023-01-27,マイジャグラーV,73,4382,227,21,7,1/156.5,1/208.7,1/626.0,6.232418808957814
2023-01-27,マイジャグラーV,74,4356,348,19,11,1/145.2,1/229.3,1/396.0,6.031686417774167
2023-01-27,マイジャグラーV,75,5298,143,24,10,1/155.8,1/220.8,1/529.8,6.1827085425592925
2023-01-27,マイジャグラーV,76,4985,-377,15,24,1/127.8,1/332.3,1/207.7,6.267540971868509
2023-01-27,マイジャグラーV,77,5260,-1124,15,14,1/181.4,1/350.7,1/375.7,5.792682162990823
2023-01-27,ファンキージャグラー2,78,518,-205,2,0,1/259.0,1/259.0,1/0.0,6.615933863651096
2023-01-27,ファンキージャグラー2,79,4399,1842,22,18,1/110.0,1/200.0,1/244.4,5.877331611952554
2023-01-27,ファンキージャグラー2,80,505,-254,1,1,1/252.5,1/505.0,1/505.0,5.867884010524428
2023-01-27,ファンキージャグラー2,81,2097,719,10,7,1/123.4,1/209.7,1/299.6,5.662911162338508
2023-01-27,ファンキージャグラー2,82,1161,-553,3,2,1/232.2,1/387.0,1/580.5,6.2987824185032295
2023-01-27,ファンキージャグラー2,83,2772,650,13,9,1/126.0,1/213.2,1/308.0,6.0064087861713045
2023-01-27,ファンキージャグラー2,84,3930,-971,11,11,1/178.6,1/357.3,1/357.3,5.946334332647853
2023-01-27,ハッピージャグラーVIII,145,269,-276,0,1,1/269.0,1/0.0,1/269.0,7.282554660615016
2023-01-27,ハッピージャグラーVIII,146,6812,830,27,23,1/136.2,1/252.3,1/296.2,6.019792586685522
2023-01-27,ハッピージャグラーVIII,147,778,-233,1,4,1/155.6,1/778.0,1/194.5,5.794222794941674
2023-01-27,ハッピージャグラーVIII,148,2120,-259,6,7,1/163.1,1/353.3,1/302.9,5.866206224819587
2023-01-27,ハッピージャグラーVIII,149,809,-473,1,2,1/269.7,1/809.0,1/404.5,5.870493396284518
2023-01-27,ハッピージャグラーVIII,150,2931,-1601,3,11,1/209.4,1/977.0,1/266.5,6.0169989458191155
2023-01-27,ハッピージャグラーVIII,151,482,-233,1,0,1/482.0,1/482.0,1/0.0,5.334775124563402
2023-01-27,ハッピージャグラーVIII,152,2788,-521,7,11,1/154.9,1/398.3,1/253.5,6.0882062731453646
2023-01-27,ハッピージャグラーVIII,153,3548,639,15,11,1/136.5,1/236.5,1/322.5,5.924559880593734
2023-01-26,アイムジャグラーEX-TP,109,718,-90,2,2,1/179.5,1/359.0,1/359.0,5.564091985134731
2023-01-26,アイムジャグラーEX-TP,110,6622,2376,34,20,1/122.6,1/194.8,1/331.1,6.109535915334047
2023-01-26,アイムジャグラーEX-TP,111,3196,988,17,10,1/118.4,1/188.0,1/319.6,6.650088747265395
2023-01-26,アイムジャグラーEX-TP,112,1826,818,9,7,1/114.1,1/202.9,1/260.9,5.827553438601203
2023-01-26,アイムジャグラーEX-TP,113,428,115,3,0,1/142.7,1/142.7,1/0.0,7.722652832291948
2023-01-26,アイムジャグラーEX-TP,114,5827,-825,18,17,1/166.5,1/323.7,1/342.8,6.002752612843071
2023-01-26,アイムジャグラーEX-TP,115,666,-609,1,0,1/666.0,1/666.0,1/0.0,6.469072442829572
2023-01-26,アイムジャグラーEX-TP,116,1084,-793,1,3,1/271.0,1/1084.0,1/361.3,6.147307638041083
2023-01-26,アイムジャグラーEX-TP,117,4134,935,19,11,1/137.8,1/217.6,1/375.8,5.942243292574298
2023-01-26,アイムジャグラーEX-TP,118,2046,-982,4,5,1/227.3,1/511.5,1/409.2,6.040537319670697
2023-01-26,アイムジャグラーEX-TP,119,2611,-1987,5,3,1/326.4,1/522.2,1/870.3,6.79849763357082
2023-01-26,アイムジャグラーEX-TP,120,3872,876,16,13,1/133.5,1/242.0,1/297.8,5.728440864122876
2023-01-26,アイムジャグラーEX-TP,121,4844,261,19,14,1/146.8,1/254.9,1/346.0,6.054118293347052
2023-01-26,アイムジャグラーEX-TP,122,0,0,0,0,1/0.0,1/0.0,1/0.0,0.0
2023-01-26,アイムジャグラーEX-TP,123,3271,166,13,9,1/148.7,1/251.6,1/363.4,6.067752475915696
2023-01-26,アイムジャグラーEX-TP,124,2710,149,10,8,1/150.6,1/271.0,1/338.8,5.818186190116425
2023-01-26,アイムジャグラーEX-TP,125,1693,-1215,2,3,1/338.6,1/846.5,1/564.3,5.947666089102502
2023-01-26,アイムジャグラーEX-TP,126,2914,-824,9,8,1/171.4,1/323.8,1/364.2,6.622210890782586
2023-01-26,アイムジャグラーEX-TP,127,3473,679,16,8,1/144.7,1/217.1,1/434.1,5.939473938758124
2023-01-26,アイムジャグラーEX-TP,128,637,-482,1,1,1/318.5,1/637.0,1/637.0,6.516292060005537
2023-01-26,アイムジャグラーEX-TP,129,4328,915,18,20,1/113.9,1/240.4,1/216.4,6.376346277561825
2023-01-26,アイムジャグラーEX-TP,130,7767,46,24,34,1/133.9,1/323.6,1/228.4,5.96603265004503
2023-01-26,アイムジャグラーEX-TP,131,802,-490,3,0,1/267.3,1/267.3,1/0.0,8.184063465065119
2023-01-26,アイムジャグラーEX-TP,132,2498,275,11,5,1/156.1,1/227.1,1/499.6,5.964049720596924
2023-01-26,アイムジャグラーEX-TP,154,499,-465,0,1,1/499.0,1/0.0,1/499.0,5.691622855048053
2023-01-26,アイムジャグラーEX-TP,155,4243,35,13,21,1/124.8,1/326.4,1/202.0,6.175946320764765
2023-01-26,アイムジャグラーEX-TP,156,3294,602,15,10,1/131.8,1/219.6,1/329.4,6.260815896831182
2023-01-26,アイムジャグラーEX-TP,157,4053,-1310,11,11,1/184.2,1/368.5,1/368.5,6.325670225284069
2023-01-26,アイムジャグラーEX-TP,158,5922,1742,24,30,1/109.7,1/246.8,1/197.4,6.052730628814117
2023-01-26,アイムジャグラーEX-TP,159,374,-178,1,0,1/374.0,1/374.0,1/0.0,5.794612590639594
2023-01-26,アイムジャグラーEX-TP,160,4649,-188,16,14,1/155.0,1/290.6,1/332.1,5.986485968276955
2023-01-26,アイムジャグラーEX-TP,161,3333,228,13,6,1/175.4,1/256.4,1/555.5,5.5352339563037365
2023-01-26,アイムジャグラーEX-TP,162,555,-56,2,0,1/277.5,1/277.5,1/0.0,5.256194496243479
2023-01-26,アイムジャグラーEX-TP,163,1803,260,9,3,1/150.2,1/200.3,1/601.0,6.349818584661711
2023-01-26,アイムジャグラーEX-TP,164,2296,57,9,6,1/153.1,1/255.1,1/382.7,6.063501605098137
2023-01-26,アイムジャグラーEX-TP,165,1222,-176,5,0,1/244.4,1/244.4,1/0.0,5.898547967672674
2023-01-26,アイムジャグラーEX-TP,166,2093,1259,13,4,1/123.1,1/161.0,1/523.2,5.766785941507156
2023-01-26,アイムジャグラーEX-TP,167,3866,-57,14,10,1/161.1,1/276.1,1/386.6,5.89387092916616
2023-01-26,アイムジャグラーEX-TP,168,3938,-353,11,15,1/151.5,1/358.0,1/262.5,5.822188012555464
2023-01-26,アイムジャグラーEX-TP,169,1514,-913,3,4,1/216.3,1/504.7,1/378.5,6.8040109149997035
2023-01-26,アイムジャグラーEX-TP,170,2513,-288,9,7,1/157.1,1/279.2,1/359.0,6.407305991211001
2023-01-26,アイムジャグラーEX-TP,171,5007,1366,25,12,1/135.3,1/200.3,1/417.2,6.068127143394426
2023-01-26,アイムジャグラーEX-TP,172,2124,-384,6,8,1/151.7,1/354.0,1/265.5,6.254758431158168
2023-01-26,アイムジャグラーEX-TP,173,2954,177,12,8,1/147.7,1/246.2,1/369.2,6.108579357021772
2023-01-26,アイムジャグラーEX-TP,174,5905,1182,27,20,1/125.6,1/218.7,1/295.2,6.364021261758553
2023-01-26,アイムジャグラーEX-TP,175,2849,-1247,8,3,1/259.0,1/356.1,1/949.7,6.226584605133455
2023-01-26,アイムジャグラーEX-TP,176,1886,-327,6,6,1/157.2,1/314.3,1/314.3,6.386694219980776
2023-01-26,アイムジャグラーEX-TP,177,1243,356,7,2,1/138.1,1/177.6,1/621.5,6.417753851207346
2023-01-26,アイムジャグラーEX-TP,178,6420,-1439,17,24,1/156.6,1/377.6,1/267.5,6.23636675101466
2023-01-26,マイジャグラーV,73,2337,-33,8,8,1/146.1,1/292.1,1/292.1,5.8336608917074555
2023-01-26,マイジャグラーV,74,6922,2622,37,18,1/125.9,1/187.1,1/384.6,5.785461517588363
2023-01-26,マイジャグラーV,75,1277,-72,4,4,1/159.6,1/319.2,1/319.2,5.6086049835299105
2023-01-26,マイジャグラーV,76,4539,519,19,12,1/146.4,1/238.9,1/378.2,5.748911930312169
2023-01-26,マイジャグラーV,77,3815,640,16,12,1/136.2,1/238.4,1/317.9,5.73363908107763
2023-01-26,ファンキージャグラー2,78,70,-80,0,0,1/0.0,1/0.0,1/0.0,5.772660268634868
2023-01-26,ファンキージャグラー2,79,6916,2576,35,22,1/121.3,1/197.6,1/314.4,5.766192884487965
2023-01-26,ファンキージャグラー2,80,158,-184,0,0,1/0.0,1/0.0,1/0.0,5.8644876507066614
2023-01-26,ファンキージャグラー2,81,2155,348,10,6,1/134.7,1/215.5,1/359.2,6.084673311454627
2023-01-26,ファンキージャグラー2,82,2171,-1031,5,4,1/241.2,1/434.2,1/542.8,6.027295583912826
2023-01-26,ファンキージャグラー2,83,2024,-870,3,7,1/202.4,1/674.7,1/289.1,5.654443123956903
2023-01-26,ファンキージャグラー2,84,1369,-845,1,4,1/273.8,1/1369.0,1/342.2,5.485489073273403
2023-01-26,ハッピージャグラーVIII,145,6282,-271,19,23,1/149.6,1/330.6,1/273.1,5.874566090890768
2023-01-26,ハッピージャグラーVIII,146,462,-453,0,2,1/231.0,1/0.0,1/231.0,7.369910903041404
2023-01-26,ハッピージャグラーVIII,147,1499,546,8,2,1/149.9,1/187.4,1/749.5,5.564811421710477
2023-01-26,ハッピージャグラーVIII,148,2098,116,11,2,1/161.4,1/190.7,1/1049.0,6.736316475872596
2023-01-26,ハッピージャグラーVIII,149,1312,-386,4,3,1/187.4,1/328.0,1/437.3,6.470011840318924
2023-01-26,ハッピージャグラーVIII,150,289,-193,0,1,1/289.0,1/0.0,1/289.0,5.400522813588294
2023-01-26,ハッピージャグラーVIII,151,4741,656,19,16,1/135.5,1/249.5,1/296.3,5.992161624435709
2023-01-26,ハッピージャグラーVIII,152,355,10,2,0,1/177.5,1/177.5,1/0.0,6.908185591811366
2023-01-26,ハッピージャグラーVIII,153,838,-34,4,1,1/167.6,1/209.5,1/838.0,6.771775997246038
2023-01-25,アイムジャグラーEX-TP,109,1009,-219,4,2,1/168.2,1/252.2,1/504.5,7.102039770578073
2023-01-25,アイムジャグラーEX-TP,110,5362,1397,26,16,1/127.7,1/206.2,1/335.1,6.21919846849512
2023-01-25,アイムジャグラーEX-TP,111,1058,-811,1,4,1/211.6,1/1058.0,1/264.5,6.871733125787075
2023-01-25,アイムジャグラーEX-TP,112,885,-690,1,3,1/221.2,1/885.0,1/295.0,7.005994281208736
2023-01-25,アイムジャグラーEX-TP,113,1642,-69,8,0,1/205.2,1/205.2,1/0.0,6.338234438090427
2023-01-25,アイムジャグラーEX-TP,114,1859,-523,4,7,1/169.0,1/464.8,1/265.6,5.935985679043394
2023-01-25,アイムジャグラーEX-TP,115,1689,-917,2,6,1/211.1,1/844.5,1/281.5,5.928051356509428
2023-01-25,アイムジャグラーEX-TP,116,4218,-560,13,13,1/162.2,1/324.5,1/324.5,6.025764041308798
2023-01-25,アイムジャグラーEX-TP,117,504,-198,2,0,1/252.0,1/252.0,1/0.0,7.027165851989483
2023-01-25,アイムジャグラーEX-TP,118,2955,-518,10,8,1/164.2,1/295.5,1/369.4,6.426208317449037
2023-01-25,アイムジャグラーEX-TP,119,1033,-473,2,4,1/172.2,1/516.5,1/258.2,6.583525177554424
2023-01-25,アイムジャグラーEX-TP,120,3960,227,14,13,1/146.7,1/282.9,1/304.6,5.77744030653114
2023-01-25,アイムジャグラーEX-TP,121,4067,-657,13,10,1/176.8,1/312.8,1/406.7,6.017465623692558
2023-01-25,アイムジャグラーEX-TP,122,0,0,0,0,1/0.0,1/0.0,1/0.0,0.0
2023-01-25,アイムジャグラーEX-TP,123,643,-630,1,0,1/643.0,1/643.0,1/0.0,6.909708591905624
2023-01-25,アイムジャグラーEX-TP,124,616,-522,0,2,1/308.0,1/0.0,1/308.0,5.832331453668848
2023-01-25,アイムジャグラーEX-TP,125,4601,-780,14,16,1/153.4,1/328.6,1/287.6,6.333866428021742
2023-01-25,アイムジャグラーEX-TP,126,1004,154,5,0,1/200.8,1/200.8,1/0.0,5.592600966639857
2023-01-25,アイムジャグラーEX-TP,127,2474,567,12,6,1/137.4,1/206.2,1/412.3,6.117017607268976
2023-01-25,アイムジャグラーEX-TP,128,3170,-287,9,14,1/137.8,1/352.2,1/226.4,6.1359424831849525
2023-01-25,アイムジャグラーEX-TP,129,1094,141,5,3,1/136.8,1/218.8,1/364.7,6.41180578722323
2023-01-25,アイムジャグラーEX-TP,130,267,-262,0,1,1/267.0,1/0.0,1/267.0,6.7209663692408315
2023-01-25,アイムジャグラーEX-TP,131,7116,776,27,30,1/124.8,1/263.6,1/237.2,6.2378132646082225
2023-01-25,アイムジャグラーEX-TP,132,1182,-425,3,4,1/168.9,1/394.0,1/295.5,6.618492033144198
2023-01-25,アイムジャグラーEX-TP,154,4279,647,16,16,1/133.7,1/267.4,1/267.4,5.780790687877076
2023-01-25,アイムジャグラーEX-TP,155,766,-372,2,1,1/255.3,1/383.0,1/766.0,6.337497907839709
2023-01-25,アイムジャグラーEX-TP,156,818,-600,1,2,1/272.7,1/818.0,1/409.0,6.375584100540312
2023-01-25,アイムジャグラーEX-TP,157,1133,-546,3,2,1/226.6,1/377.7,1/566.5,6.595182187396659
2023-01-25,アイムジャグラーEX-TP,158,2279,-844,5,8,1/175.3,1/455.8,1/284.9,6.287349067412879
2023-01-25,アイムジャグラーEX-TP,159,3573,1162,19,9,1/127.6,1/188.1,1/397.0,6.2619841723399
2023-01-25,アイムジャグラーEX-TP,160,793,211,4,1,1/158.6,1/198.2,1/793.0,5.686076791291655
2023-01-25,アイムジャグラーEX-TP,161,1219,143,5,4,1/135.4,1/243.8,1/304.8,6.141939465266324
2023-01-25,アイムジャグラーEX-TP,162,3093,624,15,6,1/147.3,1/206.2,1/515.5,6.029469309036268
2023-01-25,アイムジャグラーEX-TP,163,411,-338,0,2,1/205.5,1/0.0,1/205.5,6.4389845893635504
2023-01-25,アイムジャグラーEX-TP,164,3024,32,12,10,1/137.5,1/252.0,1/302.4,6.520509222445231
2023-01-25,アイムジャグラーEX-TP,165,5483,-28,19,19,1/144.3,1/288.6,1/288.6,6.049140111919793
2023-01-25,アイムジャグラーEX-TP,166,1315,-591,3,4,1/187.9,1/438.3,1/328.8,6.5791497987355525
2023-01-25,アイムジャグラーEX-TP,167,773,502,5,1,1/128.8,1/154.6,1/773.0,5.5969303624566304
2023-01-25,アイムジャグラーEX-TP,168,8422,2320,37,33,1/120.3,1/227.6,1/255.2,6.029705873639444
2023-01-25,アイムジャグラーEX-TP,169,5685,2152,29,14,1/132.2,1/196.0,1/406.1,5.752775461179568
2023-01-25,アイムジャグラーEX-TP,170,3328,-435,12,8,1/166.4,1/277.3,1/416.0,6.335655086937067
2023-01-25,アイムジャグラーEX-TP,171,636,-472,1,1,1/318.0,1/636.0,1/636.0,6.444491145613682
2023-01-25,アイムジャグラーEX-TP,172,364,-490,0,0,1/0.0,1/0.0,1/0.0,6.767238238019385
2023-01-25,アイムジャグラーEX-TP,173,1479,-923,1,5,1/246.5,1/1479.0,1/295.8,5.664265105070776
2023-01-25,アイムジャグラーEX-TP,174,873,-417,2,2,1/218.2,1/436.5,1/436.5,6.365157956534938
2023-01-25,アイムジャグラーEX-TP,175,3884,-663,11,16,1/143.9,1/353.1,1/242.8,6.381276926043612
2023-01-25,アイムジャグラーEX-TP,176,3519,-458,10,15,1/140.8,1/351.9,1/234.6,6.258909586253705
2023-01-25,アイムジャグラーEX-TP,177,737,-261,2,1,1/245.7,1/368.5,1/737.0,5.8688749987756585
2023-01-25,アイムジャグラーEX-TP,178,4918,-128,18,16,1/144.6,1/273.2,1/307.4,6.2852071604535675
2023-01-25,マイジャグラーV,73,4418,-104,16,10,1/169.9,1/276.1,1/441.8,5.614274492408287
2023-01-25,マイジャグラーV,74,4585,-601,15,14,1/158.1,1/305.7,1/327.5,6.033658818356447
2023-01-25,マイジャグラーV,75,5341,447,21,15,1/148.4,1/254.3,1/356.1,5.6898134972536525
2023-01-25,マイジャグラーV,76,6893,1554,31,21,1/132.6,1/222.4,1/328.2,5.756192738381022
2023-01-25,マイジャグラーV,77,1482,-389,4,6,1/148.2,1/370.5,1/247.0,6.468983423371841
2023-01-25,ファンキージャグラー2,78,3686,-499,11,14,1/147.4,1/335.1,1/263.3,6.07181469302558
2023-01-25,ファンキージャグラー2,79,1666,-588,5,4,1/185.1,1/333.2,1/416.5,6.509197611483929
2023-01-25,ファンキージャグラー2,80,1478,-590,4,3,1/211.1,1/369.5,1/492.7,6.207904094182053
2023-01-25,ファンキージャグラー2,81,525,-548,0,2,1/262.5,1/0.0,1/262.5,7.129912955645999
2023-01-25,ファンキージャグラー2,82,764,119,4,1,1/152.8,1/191.0,1/764.0,6.120098113824211
2023-01-25,ファンキージャグラー2,83,4832,-378,17,14,1/155.9,1/284.2,1/345.1,6.002551208488591
2023-01-25,ファンキージャグラー2,84,1471,-917,2,4,1/245.2,1/735.5,1/367.8,6.055934957776475
2023-01-25,ハッピージャグラーVIII,145,593,-737,0,0,1/0.0,1/0.0,1/0.0,6.464819132921124
2023-01-25,ハッピージャグラーVIII,146,4628,212,18,16,1/136.1,1/257.1,1/289.2,6.334272045624277
2023-01-25,ハッピージャグラーVIII,147,1421,-288,3,6,1/157.9,1/473.7,1/236.8,5.850125125675025
2023-01-25,ハッピージャグラーVIII,148,1157,-337,3,3,1/192.8,1/385.7,1/385.7,6.063515852628527
2023-01-25,ハッピージャグラーVIII,149,5447,673,20,22,1/129.7,1/272.4,1/247.6,5.982596350437748
2023-01-25,ハッピージャグラーVIII,150,462,-162,1,1,1/231.0,1/462.0,1/462.0,5.699318394827682
2023-01-25,ハッピージャグラーVIII,151,908,-399,2,2,1/227.0,1/454.0,1/454.0,6.143892257240978
2023-01-25,ハッピージャグラーVIII,152,4725,-1019,11,18,1/162.9,1/429.5,1/262.5,5.961094397004944
2023-01-25,ハッピージャグラーVIII,153,991,-1015,0,1,1/991.0,1/0.0,1/991.0,5.884460459624757
2023-01-24,アイムジャグラーEX-TP,109,4423,476,20,11,1/142.7,1/221.2,1/402.1,6.334396833162485
2023-01-24,アイムジャグラーEX-TP,110,4329,381,19,8,1/160.3,1/227.8,1/541.1,5.980988414912482
2023-01-24,アイムジャグラーEX-TP,111,623,-692,0,1,1/623.0,1/0.0,1/623.0,6.325729157052421
2023-01-24,アイムジャグラーEX-TP,112,1543,-731,3,4,1/220.4,1/514.3,1/385.8,6.064513294116671
2023-01-24,アイムジャグラーEX-TP,113,3768,-250,12,14,1/144.9,1/314.0,1/269.1,6.1166227632323835
2023-01-24,アイムジャグラーEX-TP,114,1865,-596,6,4,1/186.5,1/310.8,1/466.2,6.688133243393182
2023-01-24,アイムジャグラーEX-TP,115,1087,-710,1,4,1/217.4,1/1087.0,1/271.8,6.184772907030459
2023-01-24,アイムジャグラーEX-TP,116,5711,-260,20,15,1/163.2,1/285.6,1/380.7,5.913932513590421
2023-01-24,アイムジャグラーEX-TP,117,1177,-714,2,3,1/235.4,1/588.5,1/392.3,6.389868979455404
2023-01-24,アイムジャグラーEX-TP,118,4603,1016,21,13,1/135.4,1/219.2,1/354.1,5.998022307534958
2023-01-24,アイムジャグラーEX-TP,119,447,-645,0,0,1/0.0,1/0.0,1/0.0,7.370778868719008
2023-01-24,アイムジャグラーEX-TP,120,5508,-412,21,14,1/157.4,1/262.3,1/393.4,6.382168342157732
2023-01-24,アイムジャグラーEX-TP,121,5091,-93,19,14,1/154.3,1/267.9,1/363.6,6.1048407285906165
2023-01-24,アイムジャグラーEX-TP,122,0,0,0,0,1/0.0,1/0.0,1/0.0,0.0
2023-01-24,アイムジャグラーEX-TP,123,2745,609,12,9,1/130.7,1/228.8,1/305.0,5.972278835581858
2023-01-24,アイムジャグラーEX-TP,124,2158,-530,5,6,1/196.2,1/431.6,1/359.7,5.571971814704723
2023-01-24,アイムジャグラーEX-TP,125,4688,-468,14,18,1/146.5,1/334.9,1/260.4,6.095471730221495
2023-01-24,アイムジャグラーEX-TP,126,1020,-447,1,5,1/170.0,1/1020.0,1/204.0,5.810366719586576
2023-01-24,アイムジャグラーEX-TP,127,6289,2317,31,21,1/120.9,1/202.9,1/299.5,5.969196931637253
2023-01-24,アイムジャグラーEX-TP,128,3692,279,13,11,1/153.8,1/284.0,1/335.6,5.573295569374941
2023-01-24,アイムジャグラーEX-TP,129,2009,-1294,3,4,1/287.0,1/669.7,1/502.2,6.063430118937698
2023-01-24,アイムジャグラーEX-TP,130,605,-89,2,1,1/201.7,1/302.5,1/605.0,5.742192634902375
2023-01-24,アイムジャグラーEX-TP,131,7335,-1179,19,29,1/152.8,1/386.1,1/252.9,5.969343211111132
2023-01-24,アイムジャグラーEX-TP,132,4183,-342,14,14,1/149.4,1/298.8,1/298.8,6.216651077729212
2023-01-24,アイムジャグラーEX-TP,154,1261,-393,3,5,1/157.6,1/420.3,1/252.2,6.4451352875297
2023-01-24,アイムジャグラーEX-TP,155,3650,767,18,8,1/140.4,1/202.8,1/456.2,6.198433070083899
2023-01-24,アイムジャグラーEX-TP,156,2133,-284,6,8,1/152.4,1/355.5,1/266.6,6.009706478948193
2023-01-24,アイムジャグラーEX-TP,157,5201,-269,18,14,1/162.5,1/288.9,1/371.5,5.9230220773274045
2023-01-24,アイムジャグラーEX-TP,158,445,-151,1,1,1/222.5,1/445.0,1/445.0,5.6723811126279955
2023-01-24,アイムジャグラーEX-TP,159,4897,-161,16,16,1/153.0,1/306.1,1/306.1,5.868023654426347
2023-01-24,アイムジャグラーEX-TP,160,1332,-515,2,5,1/190.3,1/666.0,1/266.4,5.686316890158415
2023-01-24,アイムジャグラーEX-TP,161,1778,-449,4,5,1/197.6,1/444.5,1/355.6,5.545196517179957
2023-01-24,アイムジャグラーEX-TP,162,1099,-351,3,2,1/219.8,1/366.3,1/549.5,5.9270297960255025
2023-01-24,アイムジャグラーEX-TP,163,1884,719,11,2,1/144.9,1/171.3,1/942.0,5.961777978135148
2023-01-24,アイムジャグラーEX-TP,164,1441,-564,4,2,1/240.2,1/360.2,1/720.5,6.119515973040836
2023-01-24,アイムジャグラーEX-TP,165,4295,-1392,10,14,1/179.0,1/429.5,1/306.8,6.112645162869616
2023-01-24,アイムジャグラーEX-TP,166,1988,1073,12,6,1/110.4,1/165.7,1/331.3,6.329194121031893
2023-01-24,アイムジャグラーEX-TP,167,220,-245,0,0,1/0.0,1/0.0,1/0.0,5.654974578318827
2023-01-24,アイムジャグラーEX-TP,168,4392,-1005,11,15,1/168.9,1/399.3,1/292.8,5.948316443608863
2023-01-24,アイムジャグラーEX-TP,169,5064,508,20,17,1/136.9,1/253.2,1/297.9,6.076348089839863
2023-01-24,アイムジャグラーEX-TP,170,6536,1022,27,20,1/139.1,1/242.1,1/326.8,5.902679712732762
2023-01-24,アイムジャグラーEX-TP,171,442,-561,0,0,1/0.0,1/0.0,1/0.0,6.353799083097916
2023-01-24,アイムジャグラーEX-TP,172,1770,-262,6,6,1/147.5,1/295.0,1/295.0,6.635033426323764
2023-01-24,アイムジャグラーEX-TP,173,3087,-305,12,5,1/181.6,1/257.2,1/617.4,6.160640896641269
2023-01-24,アイムジャグラーEX-TP,174,922,-1077,0,3,1/307.3,1/0.0,1/307.3,7.616993760922063
2023-01-24,アイムジャグラーEX-TP,175,1505,-540,3,6,1/167.2,1/501.7,1/250.8,6.206596354109209
2023-01-24,アイムジャグラーEX-TP,176,2931,-399,9,9,1/162.8,1/325.7,1/325.7,6.023109258462159
2023-01-24,アイムジャグラーEX-TP,177,2710,19,10,9,1/142.6,1/271.0,1/301.1,6.192521376480962
2023-01-24,アイムジャグラーEX-TP,178,4221,-498,13,13,1/162.3,1/324.7,1/324.7,5.956040106204619
2023-01-24,マイジャグラーV,73,5378,862,23,19,1/128.0,1/233.8,1/283.1,6.0100378639928715
2023-01-24,マイジャグラーV,74,1814,-819,4,4,1/226.8,1/453.5,1/453.5,5.963717763571977
2023-01-24,マイジャグラーV,75,5446,1359,25,19,1/123.8,1/217.8,1/286.6,5.928210755642797
2023-01-24,マイジャグラーV,76,7574,1271,34,17,1/148.5,1/222.8,1/445.5,5.67155796295078
2023-01-24,マイジャグラーV,77,3539,-904,10,11,1/168.5,1/353.9,1/321.7,6.1397060666031855
2023-01-24,ファンキージャグラー2,78,1249,293,5,4,1/138.8,1/249.8,1/312.2,5.331636373221589
2023-01-24,ファンキージャグラー2,79,408,-221,1,1,1/204.0,1/408.0,1/408.0,6.8541247383505075
2023-01-24,ファンキージャグラー2,80,4471,2123,27,12,1/114.6,1/165.6,1/372.6,6.1393038738633265
2023-01-24,ファンキージャグラー2,81,289,-114,1,0,1/289.0,1/289.0,1/0.0,6.123784679042962
2023-01-24,ファンキージャグラー2,82,1599,472,7,4,1/145.4,1/228.4,1/399.8,5.200758338217852
2023-01-24,ファンキージャグラー2,83,6730,-1024,19,25,1/153.0,1/354.2,1/269.2,5.937918095772309
2023-01-24,ファンキージャグラー2,84,2280,361,12,2,1/162.9,1/190.0,1/1140.0,5.951184625062318
2023-01-24,ハッピージャグラーVIII,145,4223,65,14,16,1/140.8,1/301.6,1/263.9,5.977028600481691
2023-01-24,ハッピージャグラーVIII,146,1286,-968,1,2,1/428.7,1/1286.0,1/643.0,5.745669888255432
2023-01-24,ハッピージャグラーVIII,147,5125,-5,17,19,1/142.4,1/301.5,1/269.7,6.017608844417292
2023-01-24,ハッピージャグラーVIII,148,2214,-204,7,7,1/158.1,1/316.3,1/316.3,6.025341951422925
2023-01-24,ハッピージャグラーVIII,149,3826,0,16,8,1/159.4,1/239.1,1/478.2,6.26080550433787
2023-01-24,ハッピージャグラーVIII,150,859,-142,4,1,1/171.8,1/214.8,1/859.0,7.356989680837043
2023-01-24,ハッピージャグラーVIII,151,1059,-924,1,2,1/353.0,1/1059.0,1/529.5,6.662798908754338
2023-01-24,ハッピージャグラーVIII,152,329,-242,1,0,1/329.0,1/329.0,1/0.0,7.872727430442867
2023-01-24,ハッピージャグラーVIII,153,2421,1541,14,9,1/105.3,1/172.9,1/269.0,5.818476685672147
2023-01-22,アイムジャグラーEX-TP,97,4354,1652,22,15,1/117.7,1/197.9,1/290.3,6.106532684234436
2023-01-22,アイムジャグラーEX-TP,98,1397,-447,4,3,1/199.6,1/349.2,1/465.7,6.228567563662136
2023-01-22,アイムジャグラーEX-TP,99,3082,931,14,11,1/123.3,1/220.1,1/280.2,5.929727952277735
2023-01-22,アイムジャグラーEX-TP,100,3364,394,15,9,1/140.2,1/224.3,1/373.8,6.297755482941244
2023-01-22,アイムジャグラーEX-TP,101,1976,-256,7,3,1/197.6,1/282.3,1/658.7,5.86467546292798
2023-01-22,アイムジャグラーEX-TP,102,1237,601,8,1,1/137.4,1/154.6,1/1237.0,6.096291941515222
2023-01-22,アイムジャグラーEX-TP,103,4925,-316,19,15,1/144.9,1/259.2,1/328.3,6.6402897728077095
2023-01-22,アイムジャグラーEX-TP,104,373,-307,0,1,1/373.0,1/0.0,1/373.0,5.517615171341181
2023-01-22,アイムジャグラーEX-TP,105,4288,1205,20,15,1/122.5,1/214.4,1/285.9,6.133725193691184
2023-01-22,アイムジャグラーEX-TP,106,850,84,3,3,1/141.7,1/283.3,1/283.3,5.697184585429282
2023-01-22,アイムジャグラーEX-TP,107,4134,714,19,12,1/133.4,1/217.6,1/344.5,6.300238746129959
2023-01-22,アイムジャグラーEX-TP,108,1259,-710,2,3,1/251.8,1/629.5,1/419.7,5.977785523417797
2023-01-22,アイムジャグラーEX-TP,109,2623,-1016,5,9,1/187.4,1/524.6,1/291.4,5.991519772403566
2023-01-22,アイムジャグラーEX-TP,110,4419,268,18,13,1/142.5,1/245.5,1/339.9,6.224057535925903
2023-01-22,アイムジャグラーEX-TP,111,7305,2085,34,28,1/117.8,1/214.9,1/260.9,6.253693467317325
2023-01-22,アイムジャグラーEX-TP,112,1272,-560,3,3,1/212.0,1/424.0,1/424.0,6.29499224458935
2023-01-22,アイムジャグラーEX-TP,113,1149,-614,2,4,1/191.5,1/574.5,1/287.2,6.530544133576398
2023-01-22,アイムジャグラーEX-TP,114,5120,599,24,13,1/138.4,1/213.3,1/393.8,6.526711618968026
2023-01-22,アイムジャグラーEX-TP,115,1347,1250,10,5,1/89.8,1/134.7,1/269.4,6.464706422419468
2023-01-22,アイムジャグラーEX-TP,116,3266,149,12,9,1/155.5,1/272.2,1/362.9,5.762372971301988
2023-01-22,アイムジャグラーEX-TP,117,3312,-75,14,8,1/150.5,1/236.6,1/414.0,6.592199493332146
2023-01-22,アイムジャグラーEX-TP,118,1693,-445,5,4,1/188.1,1/338.6,1/423.2,6.1614166701877355
2023-01-22,アイムジャグラーEX-TP,119,1475,-690,3,6,1/163.9,1/491.7,1/245.8,6.8843923823614865
2023-01-22,アイムジャグラーEX-TP,120,5791,-17,21,16,1/156.5,1/275.8,1/361.9,5.9210778500677765
2023-01-22,アイムジャグラーEX-TP,121,2024,-1523,3,3,1/337.3,1/674.7,1/674.7,6.33782498497115
2023-01-22,アイムジャグラーEX-TP,122,0,0,0,0,1/0.0,1/0.0,1/0.0,0.0
2023-01-22,アイムジャグラーEX-TP,123,3960,454,17,10,1/146.7,1/232.9,1/396.0,6.043036952636858
2023-01-22,アイムジャグラーEX-TP,124,4783,1870,26,14,1/119.6,1/184.0,1/341.6,6.275920153815284
2023-01-22,アイムジャグラーEX-TP,125,2756,-280,11,4,1/183.7,1/250.5,1/689.0,6.22244814094089
2023-01-22,アイムジャグラーEX-TP,126,2116,-407,6,6,1/176.3,1/352.7,1/352.7,5.910769063682783
2023-01-22,アイムジャグラーEX-TP,127,2659,-508,8,6,1/189.9,1/332.4,1/443.2,5.854727971371328
2023-01-22,アイムジャグラーEX-TP,128,1659,354,8,4,1/138.2,1/207.4,1/414.8,6.151613124271929
2023-01-22,アイムジャグラーEX-TP,129,5756,197,20,19,1/147.6,1/287.8,1/302.9,5.817623232263989
2023-01-22,アイムジャグラーEX-TP,130,5512,353,22,18,1/137.8,1/250.5,1/306.2,6.257325850516119
2023-01-22,アイムジャグラーEX-TP,131,2156,477,10,4,1/154.0,1/215.6,1/539.0,5.683859215974365
2023-01-22,アイムジャグラーEX-TP,132,4363,126,15,14,1/150.4,1/290.9,1/311.6,5.764672892733602
2023-01-22,アイムジャグラーEX-TP,157,5331,-916,17,12,1/183.8,1/313.6,1/444.2,5.966237274783076
2023-01-22,アイムジャグラーEX-TP,158,3472,-77,12,10,1/157.8,1/289.3,1/347.2,5.867557003096589
2023-01-22,アイムジャグラーEX-TP,159,2285,-445,6,6,1/190.4,1/380.8,1/380.8,5.619063404183534
2023-01-22,アイムジャグラーEX-TP,160,4283,-139,16,15,1/138.2,1/267.7,1/285.5,6.537628063975094
2023-01-22,アイムジャグラーEX-TP,161,4316,1803,19,21,1/107.9,1/227.2,1/205.5,5.811592063293462
2023-01-22,アイムジャグラーEX-TP,162,3640,-52,12,13,1/145.6,1/303.3,1/280.0,5.945484318907613
2023-01-22,アイムジャグラーEX-TP,163,1902,757,12,1,1/146.3,1/158.5,1/1902.0,6.196411990767411
2023-01-22,アイムジャグラーEX-TP,164,1385,-1195,2,1,1/461.7,1/692.5,1/1385.0,6.48342525207534
2023-01-22,アイムジャグラーEX-TP,165,4499,-795,11,17,1/160.7,1/409.0,1/264.6,5.808054375885505
2023-01-22,アイムジャグラーEX-TP,166,846,-393,2,1,1/282.0,1/423.0,1/846.0,5.894398711760349
2023-01-22,アイムジャグラーEX-TP,167,2882,649,14,8,1/131.0,1/205.9,1/360.2,6.306141783860907
2023-01-22,アイムジャグラーEX-TP,168,3446,-1932,6,9,1/229.7,1/574.3,1/382.9,6.242978800195492
2023-01-22,アイムジャグラーEX-TP,169,5840,1517,28,16,1/132.7,1/208.6,1/365.0,6.049158110491601
2023-01-22,アイムジャグラーEX-TP,170,4349,-142,15,15,1/145.0,1/289.9,1/289.9,6.151165696110124
2023-01-22,アイムジャグラーEX-TP,171,2149,-1078,4,5,1/238.8,1/537.2,1/429.8,5.981678472339998
2023-01-22,アイムジャグラーEX-TP,172,6919,1732,29,25,1/128.1,1/238.6,1/276.8,5.7912023709595974
2023-01-22,アイムジャグラーEX-TP,173,790,-332,3,0,1/263.3,1/263.3,1/0.0,6.932691898447473
2023-01-22,アイムジャグラーEX-TP,174,4969,692,20,21,1/121.2,1/248.4,1/236.6,6.38076695842913
2023-01-22,アイムジャグラーEX-TP,175,3292,-1387,8,6,1/235.1,1/411.5,1/548.7,6.047677671566204
2023-01-22,アイムジャグラーEX-TP,176,5144,1347,24,16,1/128.6,1/214.3,1/321.5,6.052941397690063
2023-01-22,アイムジャグラーEX-TP,177,1743,-826,4,4,1/217.9,1/435.8,1/435.8,6.353019699974181
2023-01-22,アイムジャグラーEX-TP,178,5673,-262,22,11,1/171.9,1/257.9,1/515.7,6.0464359244540615
2023-01-22,マイジャグラーV,68,4617,375,19,13,1/144.3,1/243.0,1/355.2,5.886724531084164
2023-01-22,マイジャグラーV,69,4816,-182,17,17,1/141.6,1/283.3,1/283.3,6.097618414078328
2023-01-22,マイジャグラーV,70,7274,637,30,21,1/142.6,1/242.5,1/346.4,5.898041945955639
2023-01-22,マイジャグラーV,71,3519,449,16,10,1/135.3,1/219.9,1/351.9,6.155548197167256
2023-01-22,マイジャグラーV,72,7423,3117,39,27,1/112.5,1/190.3,1/274.9,5.9392171234310585
2023-01-22,ファンキージャグラー2,73,1933,-468,6,5,1/175.7,1/322.2,1/386.6,6.16531094811949
2023-01-22,ファンキージャグラー2,74,3203,-216,14,3,1/188.4,1/228.8,1/1067.7,6.031765020287177
2023-01-22,ファンキージャグラー2,75,576,-578,0,1,1/576.0,1/0.0,1/576.0,5.88294472023585
2023-01-22,ファンキージャグラー2,76,899,-686,0,3,1/299.7,1/0.0,1/299.7,5.525713815506157
2023-01-22,ファンキージャグラー2,77,746,-78,2,2,1/186.5,1/373.0,1/373.0,5.237797590367367
2023-01-22,ファンキージャグラー2,78,4731,1774,23,16,1/121.3,1/205.7,1/295.7,5.640091273271616
2023-01-22,ファンキージャグラー2,79,662,-19,3,1,1/165.5,1/220.7,1/662.0,6.289790705314041
2023-01-22,ハッピージャグラーVIII,133,7668,1829,35,21,1/136.9,1/219.1,1/365.1,5.8709468942304275
2023-01-22,ハッピージャグラーVIII,134,254,-205,0,1,1/254.0,1/0.0,1/254.0,6.170736255079773
2023-01-22,ハッピージャグラーVIII,135,4576,201,17,14,1/147.6,1/269.2,1/326.9,5.965953129459227
2023-01-22,ハッピージャグラーVIII,136,1031,-395,2,3,1/206.2,1/515.5,1/343.7,5.909624728082389
2023-01-22,ハッピージャグラーVIII,137,970,-270,3,1,1/242.5,1/323.3,1/970.0,5.873932984177471
2023-01-22,ハッピージャグラーVIII,138,1793,-258,4,11,1/119.5,1/448.2,1/163.0,6.586832699179249
2023-01-22,ハッピージャグラーVIII,139,5664,1049,21,25,1/123.1,1/269.7,1/226.6,5.906753388040325
2023-01-22,ハッピージャグラーVIII,140,2132,380,10,6,1/133.2,1/213.2,1/355.3,6.3245337176703815
2023-01-22,ハッピージャグラーVIII,141,623,-232,1,2,1/207.7,1/623.0,1/311.5,5.64998074540069
2023-01-21,アイムジャグラーEX-TP,97,3963,1246,21,10,1/127.8,1/188.7,1/396.3,6.294245044536747
2023-01-21,アイムジャグラーEX-TP,98,4639,-94,17,15,1/145.0,1/272.9,1/309.3,6.253205121465308
2023-01-21,アイムジャグラーEX-TP,99,2403,-705,6,7,1/184.8,1/400.5,1/343.3,6.0144486428783335
2023-01-21,アイムジャグラーEX-TP,100,640,-570,1,0,1/640.0,1/640.0,1/0.0,6.425099651789716
2023-01-21,アイムジャグラーEX-TP,101,1316,-687,4,0,1/329.0,1/329.0,1/0.0,6.438084026193805
2023-01-21,アイムジャグラーEX-TP,102,4692,-389,17,8,1/187.7,1/276.0,1/586.5,5.828003614504986
2023-01-21,アイムジャグラーEX-TP,103,706,-557,1,1,1/353.0,1/706.0,1/706.0,6.407304544993344
2023-01-21,アイムジャグラーEX-TP,104,609,-676,0,1,1/609.0,1/0.0,1/609.0,6.339648379574422
2023-01-21,アイムジャグラーEX-TP,105,1134,351,5,4,1/126.0,1/226.8,1/283.5,5.738630868945611
2023-01-21,アイムジャグラーEX-TP,106,6455,293,24,23,1/137.3,1/269.0,1/280.7,6.153072134547431
2023-01-21,アイムジャグラーEX-TP,107,92,-146,0,0,1/0.0,1/0.0,1/0.0,8.498311422469536
2023-01-21,アイムジャグラーEX-TP,108,5999,1828,27,20,1/127.6,1/222.2,1/299.9,5.77754546889279
2023-01-21,アイムジャグラーEX-TP,109,5509,2395,27,19,1/119.8,1/204.0,1/289.9,5.701412052133075
2023-01-21,アイムジャグラーEX-TP,110,1546,-1037,3,2,1/309.2,1/515.3,1/773.0,6.416492893568105
2023-01-21,アイムジャグラーEX-TP,111,3158,-807,8,10,1/175.4,1/394.8,1/315.8,5.993924612675363
2023-01-21,アイムジャグラーEX-TP,112,3521,1644,20,11,1/113.6,1/176.1,1/320.1,6.296685402271373
2023-01-21,アイムジャグラーEX-TP,113,3834,-93,14,12,1/147.5,1/273.9,1/319.5,6.208807742762195
2023-01-21,アイムジャグラーEX-TP,114,1380,461,6,6,1/115.0,1/230.0,1/230.0,5.900330589537089
2023-01-21,アイムジャグラーEX-TP,115,7839,1281,31,27,1/135.2,1/252.9,1/290.3,5.83910588428577
2023-01-21,アイムジャグラーEX-TP,116,5142,-377,14,23,1/139.0,1/367.3,1/223.6,5.9484874177633476
2023-01-21,アイムジャグラーEX-TP,117,1372,-491,4,3,1/196.0,1/343.0,1/457.3,6.505818985639446
2023-01-21,アイムジャグラーEX-TP,118,2100,-496,5,7,1/175.0,1/420.0,1/300.0,5.812199530042152
2023-01-21,アイムジャグラーEX-TP,119,4529,2538,23,20,1/105.3,1/196.9,1/226.4,5.746540075975883
2023-01-21,アイムジャグラーEX-TP,120,3475,162,12,11,1/151.1,1/289.6,1/315.9,5.6907017617839495
2023-01-21,アイムジャグラーEX-TP,121,5268,403,22,17,1/135.1,1/239.5,1/309.9,6.4093051625797255
2023-01-21,アイムジャグラーEX-TP,122,0,0,0,0,1/0.0,1/0.0,1/0.0,0.0
2023-01-21,アイムジャグラーEX-TP,123,2223,-993,4,7,1/202.1,1/555.8,1/317.6,6.01683788941669
2023-01-21,アイムジャグラーEX-TP,124,1770,-906,4,1,1/354.0,1/442.5,1/1770.0,5.73540254992109
2023-01-21,アイムジャグラーEX-TP,125,1702,-784,4,3,1/243.1,1/425.5,1/567.3,6.110074755795353
2023-01-21,アイムジャグラーEX-TP,126,2533,300,9,10,1/133.3,1/281.4,1/253.3,5.805497675657961
2023-01-21,アイムジャグラーEX-TP,127,3310,-1125,9,7,1/206.9,1/367.8,1/472.9,6.135681229301344
2023-01-21,アイムジャグラーEX-TP,128,2563,171,11,5,1/160.2,1/233.0,1/512.6,6.010992118118832
2023-01-21,アイムジャグラーEX-TP,129,5989,4087,35,23,1/103.3,1/171.1,1/260.4,5.811312946664024
2023-01-21,アイムジャグラーEX-TP,130,1615,-78,6,3,1/179.4,1/269.2,1/538.3,5.840902848064012
2023-01-21,アイムジャグラーEX-TP,131,6958,1141,32,21,1/131.3,1/217.4,1/331.3,6.40345992247175
2023-01-21,アイムジャグラーEX-TP,132,2221,-1551,3,5,1/277.6,1/740.3,1/444.2,6.2687016737010115
2023-01-21,アイムジャグラーEX-TP,157,6494,-128,25,19,1/147.6,1/259.8,1/341.8,6.335679232228849
2023-01-21,アイムジャグラーEX-TP,158,2031,93,9,5,1/145.1,1/225.7,1/406.2,6.523944224420597
2023-01-21,アイムジャグラーEX-TP,159,2876,-394,10,5,1/191.7,1/287.6,1/575.2,5.916632792435285
2023-01-21,アイムジャグラーEX-TP,160,4933,-591,14,18,1/154.2,1/352.4,1/274.1,5.935147808160622
2023-01-21,アイムジャグラーEX-TP,161,3789,-883,10,14,1/157.9,1/378.9,1/270.6,6.2488603952142805
2023-01-21,アイムジャグラーEX-TP,162,2480,124,8,9,1/145.9,1/310.0,1/275.6,5.625203360741455
2023-01-21,アイムジャグラーEX-TP,163,6411,903,28,17,1/142.5,1/229.0,1/377.1,6.0639814456355845
2023-01-21,アイムジャグラーEX-TP,164,1671,-134,7,4,1/151.9,1/238.7,1/417.8,6.851615453882211
2023-01-21,アイムジャグラーEX-TP,165,1408,-377,4,3,1/201.1,1/352.0,1/469.3,5.9530964494219125
2023-01-21,アイムジャグラーEX-TP,166,7854,1625,32,31,1/124.7,1/245.4,1/253.4,5.9898898986699605
2023-01-21,アイムジャグラーEX-TP,167,2194,188,9,8,1/129.1,1/243.8,1/274.2,6.47225304704027
2023-01-21,アイムジャグラーEX-TP,168,5918,-211,19,22,1/144.3,1/311.5,1/269.0,6.006332306251862
2023-01-21,アイムジャグラーEX-TP,169,2649,-1299,5,7,1/220.8,1/529.8,1/378.4,6.0975053952219325
2023-01-21,アイムジャグラーEX-TP,170,3844,-1219,10,9,1/202.3,1/384.4,1/427.1,5.994410944721504
2023-01-21,アイムジャグラーEX-TP,171,2262,645,11,8,1/119.1,1/205.6,1/282.8,6.375625291141576
2023-01-21,アイムジャグラーEX-TP,172,3214,-995,8,9,1/189.1,1/401.8,1/357.1,6.0303433593827025
2023-01-21,アイムジャグラーEX-TP,173,1304,-483,3,4,1/186.3,1/434.7,1/326.0,6.2125587924119685
2023-01-21,アイムジャグラーEX-TP,174,2415,-134,9,6,1/161.0,1/268.3,1/402.5,6.154546394002847
2023-01-21,アイムジャグラーEX-TP,175,5085,-1022,14,17,1/164.0,1/363.2,1/299.1,6.073674931064983
2023-01-21,アイムジャグラーEX-TP,176,2284,-591,7,4,1/207.6,1/326.3,1/571.0,6.002760481367776
2023-01-21,アイムジャグラーEX-TP,177,2755,222,12,5,1/162.1,1/229.6,1/551.0,5.962765290299555
2023-01-21,アイムジャグラーEX-TP,178,5641,-614,18,19,1/152.5,1/313.4,1/296.9,6.1683954011217
2023-01-21,マイジャグラーV,68,3354,-901,9,11,1/167.7,1/372.7,1/304.9,6.118487381310705
2023-01-21,マイジャグラーV,69,4020,-555,14,9,1/174.8,1/287.1,1/446.7,5.9434698398290315
2023-01-21,マイジャグラーV,70,7168,-551,23,20,1/166.7,1/311.7,1/358.4,5.632956624905905
2023-01-21,マイジャグラーV,71,4671,324,20,11,1/150.7,1/233.6,1/424.6,5.920756520576547
2023-01-21,マイジャグラーV,72,4685,1135,21,14,1/133.9,1/223.1,1/334.6,5.650720024681043
2023-01-21,ファンキージャグラー2,73,3096,-832,9,5,1/221.1,1/344.0,1/619.2,5.67116684257786
2023-01-21,ファンキージャグラー2,74,438,-498,0,0,1/0.0,1/0.0,1/0.0,5.748308727487841
2023-01-21,ファンキージャグラー2,75,1985,-608,4,6,1/198.5,1/496.2,1/330.8,5.508209504124133
2023-01-21,ファンキージャグラー2,76,366,-400,0,0,1/0.0,1/0.0,1/0.0,5.571791814413661
2023-01-21,ファンキージャグラー2,77,4541,2449,27,11,1/119.5,1/168.2,1/412.8,5.654756007349378
2023-01-21,ファンキージャグラー2,78,182,-202,0,0,1/0.0,1/0.0,1/0.0,5.638528498966398
2023-01-21,ファンキージャグラー2,79,4815,1001,22,17,1/123.5,1/218.9,1/283.2,6.120172251390047
2023-01-21,ハッピージャグラーVIII,133,2544,-1053,6,5,1/231.3,1/424.0,1/508.8,6.093078966447109
2023-01-21,ハッピージャグラーVIII,134,2779,-538,8,6,1/198.5,1/347.4,1/463.2,5.755181585531299
2023-01-21,ハッピージャグラーVIII,135,6975,343,25,28,1/131.6,1/279.0,1/249.1,6.220047558840341
2023-01-21,ハッピージャグラーVIII,136,920,-712,1,2,1/306.7,1/920.0,1/460.0,6.463079657456779
2023-01-21,ハッピージャグラーVIII,137,721,-775,0,1,1/721.0,1/0.0,1/721.0,6.2859887294663235
2023-01-21,ハッピージャグラーVIII,138,5884,-2046,17,15,1/183.9,1/346.1,1/392.3,6.688562881442893
2023-01-21,ハッピージャグラーVIII,139,208,-301,0,0,1/0.0,1/0.0,1/0.0,7.7430498682192495
2023-01-21,ハッピージャグラーVIII,140,4582,447,22,6,1/163.6,1/208.3,1/763.7,6.146071887780667
2023-01-21,ハッピージャグラーVIII,141,5703,2288,32,16,1/118.8,1/178.2,1/356.4,6.309020102451329
2023-01-20,アイムジャグラーEX-TP,97,3875,411,17,9,1/149.0,1/227.9,1/430.6,6.102674546335049
2023-01-20,アイムジャグラーEX-TP,98,1980,75,7,8,1/132.0,1/282.9,1/247.5,6.186717960182845
2023-01-20,アイムジャグラーEX-TP,99,1354,-240,4,4,1/169.2,1/338.5,1/338.5,6.026666172901403
2023-01-20,アイムジャグラーEX-TP,100,912,-358,2,2,1/228.0,1/456.0,1/456.0,5.814343424194349
2023-01-20,アイムジャグラーEX-TP,101,940,210,4,3,1/134.3,1/235.0,1/313.3,5.80304764950333
2023-01-20,アイムジャグラーEX-TP,102,1406,-724,3,5,1/175.8,1/468.7,1/281.2,7.0264081001791885
2023-01-20,アイムジャグラーEX-TP,103,1252,-417,3,4,1/178.9,1/417.3,1/313.0,6.206828274561726
2023-01-20,アイムジャグラーEX-TP,104,602,-236,2,0,1/301.0,1/301.0,1/0.0,6.14639571067343
2023-01-20,アイムジャグラーEX-TP,105,2406,332,11,6,1/141.5,1/218.7,1/401.0,6.249578069061681
2023-01-20,アイムジャグラーEX-TP,106,298,-45,1,1,1/149.0,1/298.0,1/298.0,6.586738728830156
2023-01-20,アイムジャグラーEX-TP,107,4257,1002,20,12,1/133.0,1/212.8,1/354.8,6.084624911817963
2023-01-20,アイムジャグラーEX-TP,108,717,-658,1,0,1/717.0,1/717.0,1/0.0,6.348254623977472
2023-01-20,アイムジャグラーEX-TP,109,1712,404,10,1,1/155.6,1/171.2,1/1712.0,6.4459838414396415
2023-01-20,アイムジャグラーEX-TP,110,1785,-1020,2,8,1/178.5,1/892.5,1/223.1,6.4077504703504236
2023-01-20,アイムジャグラーEX-TP,111,6583,3226,33,34,1/98.3,1/199.5,1/193.6,6.314491589376333
2023-01-20,アイムジャグラーEX-TP,112,895,-406,3,1,1/223.8,1/298.3,1/895.0,7.104257156646093
2023-01-20,アイムジャグラーEX-TP,113,3014,676,14,9,1/131.0,1/215.3,1/334.9,6.148500652212304
2023-01-20,アイムジャグラーEX-TP,114,6431,1504,29,25,1/119.1,1/221.8,1/257.2,6.354644246936317
2023-01-20,アイムジャグラーEX-TP,115,648,-214,2,1,1/216.0,1/324.0,1/648.0,6.2714631875272975
2023-01-20,アイムジャグラーEX-TP,116,3216,-939,8,10,1/178.7,1/402.0,1/321.6,6.08287761874407
2023-01-20,アイムジャグラーEX-TP,117,3796,489,14,16,1/126.5,1/271.1,1/237.2,6.019421928081735
2023-01-20,アイムジャグラーEX-TP,118,1774,519,8,6,1/126.7,1/221.8,1/295.7,5.857831164097663
2023-01-20,アイムジャグラーEX-TP,119,5689,360,22,20,1/135.5,1/258.6,1/284.4,6.225044427164934
2023-01-20,アイムジャグラーEX-TP,120,2180,-1415,3,6,1/242.2,1/726.7,1/363.3,6.29264947820802
2023-01-20,アイムジャグラーEX-TP,121,3392,2024,21,9,1/113.1,1/161.5,1/376.9,6.075367005362407
2023-01-20,アイムジャグラーEX-TP,122,0,0,0,0,1/0.0,1/0.0,1/0.0,0.0
2023-01-20,アイムジャグラーEX-TP,123,818,-633,1,1,1/409.0,1/818.0,1/818.0,6.011027663807486
2023-01-20,アイムジャグラーEX-TP,124,3286,-480,11,11,1/149.4,1/298.7,1/298.7,6.544904879188745
2023-01-20,アイムジャグラーEX-TP,125,2289,621,11,8,1/120.5,1/208.1,1/286.1,6.352654589518188
2023-01-20,アイムジャグラーEX-TP,126,2863,-31,12,9,1/136.3,1/238.6,1/318.1,6.867086285694728
2023-01-20,アイムジャグラーEX-TP,127,2657,1365,14,13,1/98.4,1/189.8,1/204.4,6.388946204519906
2023-01-20,アイムジャグラーEX-TP,128,2765,-222,10,7,1/162.6,1/276.5,1/395.0,6.162324085426973
2023-01-20,アイムジャグラーEX-TP,129,6028,-917,17,22,1/154.6,1/354.6,1/274.0,6.060603806053157
2023-01-20,アイムジャグラーEX-TP,130,1941,984,12,5,1/114.2,1/161.8,1/388.2,6.469409342926991
2023-01-20,アイムジャグラーEX-TP,131,1718,1468,13,5,1/95.4,1/132.2,1/343.6,6.642328987672719
2023-01-20,アイムジャグラーEX-TP,132,4430,-859,12,12,1/184.6,1/369.2,1/369.2,5.731421203567401
2023-01-20,アイムジャグラーEX-TP,157,2458,-428,7,7,1/175.6,1/351.1,1/351.1,5.85044724027168
2023-01-20,アイムジャグラーEX-TP,158,1350,-665,3,3,1/225.0,1/450.0,1/450.0,6.320476236179811
2023-01-20,アイムジャグラーEX-TP,159,5158,2597,27,20,1/109.7,1/191.0,1/257.9,5.937843259978637
2023-01-20,アイムジャグラーEX-TP,160,745,-296,2,1,1/248.3,1/372.5,1/745.0,6.021124042833225
2023-01-20,アイムジャグラーEX-TP,161,2769,-1186,4,11,1/184.6,1/692.2,1/251.7,5.888094186371387
2023-01-20,アイムジャグラーEX-TP,162,839,-631,1,2,1/279.7,1/839.0,1/419.5,6.401462005415531
2023-01-20,アイムジャグラーEX-TP,163,2850,751,11,14,1/114.0,1/259.1,1/203.6,5.907559136480681
2023-01-20,アイムジャグラーEX-TP,164,1404,-540,4,2,1/234.0,1/351.0,1/702.0,6.190949519685499
2023-01-20,アイムジャグラーEX-TP,165,872,-952,1,0,1/872.0,1/872.0,1/0.0,6.965933946809502
2023-01-20,アイムジャグラーEX-TP,166,3107,-907,7,15,1/141.2,1/443.9,1/207.1,6.6088977673071545
2023-01-20,アイムジャグラーEX-TP,167,2366,-875,6,4,1/236.6,1/394.3,1/591.5,5.880991110556319
2023-01-20,アイムジャグラーEX-TP,168,6196,-1148,17,19,1/172.1,1/364.5,1/326.1,5.8754426637777755
2023-01-20,アイムジャグラーEX-TP,169,3480,-1226,11,5,1/217.5,1/316.4,1/696.0,6.425771628076338
2023-01-20,アイムジャグラーEX-TP,170,1481,-580,3,4,1/211.6,1/493.7,1/370.2,5.837339097255705
2023-01-20,アイムジャグラーEX-TP,171,3562,-300,11,10,1/169.6,1/323.8,1/356.2,5.711049468190184
2023-01-20,アイムジャグラーEX-TP,172,447,-37,2,0,1/223.5,1/223.5,1/0.0,6.054254244546905
2023-01-20,アイムジャグラーEX-TP,173,6456,252,21,27,1/134.5,1/307.4,1/239.1,5.9182975720019195
2023-01-20,アイムジャグラーEX-TP,174,1568,-17,7,1,1/196.0,1/224.0,1/1568.0,5.992149367163297
2023-01-20,アイムジャグラーEX-TP,175,1251,-296,4,2,1/208.5,1/312.8,1/625.5,5.987693208405132
2023-01-20,アイムジャグラーEX-TP,176,256,-56,1,0,1/256.0,1/256.0,1/0.0,6.023530829066078
2023-01-20,アイムジャグラーEX-TP,177,6008,1231,25,26,1/117.8,1/240.3,1/231.1,6.271892577095085
2023-01-20,アイムジャグラーEX-TP,178,958,-372,2,2,1/239.5,1/479.0,1/479.0,5.647209064395396
2023-01-20,マイジャグラーV,68,5022,-499,18,13,1/162.0,1/279.0,1/386.3,6.028294397542722
2023-01-20,マイジャグラーV,69,2576,-152,9,7,1/161.0,1/286.2,1/368.0,5.8105613539113214
2023-01-20,マイジャグラーV,70,5440,-1369,11,24,1/155.4,1/494.5,1/226.7,5.8187005226615645
2023-01-20,マイジャグラーV,71,1411,-671,4,2,1/235.2,1/352.8,1/705.5,6.442636169878366
2023-01-20,マイジャグラーV,72,5314,1353,26,14,1/132.8,1/204.4,1/379.6,5.866769663030123
2023-01-20,ファンキージャグラー2,73,3621,200,16,9,1/144.8,1/226.3,1/402.3,6.201440593279713
2023-01-20,ファンキージャグラー2,74,730,-196,2,1,1/243.3,1/365.0,1/730.0,5.426495608162416
2023-01-20,ファンキージャグラー2,75,378,-430,0,1,1/378.0,1/0.0,1/378.0,7.022781774023417
2023-01-20,ファンキージャグラー2,76,497,-149,2,1,1/165.7,1/248.5,1/497.0,7.445499077832994
2023-01-20,ファンキージャグラー2,77,1054,621,8,0,1/131.8,1/131.8,1/0.0,6.144653837807081
2023-01-20,ファンキージャグラー2,78,2503,189,10,9,1/131.7,1/250.3,1/278.1,6.126196277956393
2023-01-20,ファンキージャグラー2,79,289,-155,1,0,1/289.0,1/289.0,1/0.0,6.869823675516121
2023-01-20,ハッピージャグラーVIII,133,1597,-292,5,4,1/177.4,1/319.4,1/399.2,6.119538595603252
2023-01-20,ハッピージャグラーVIII,134,848,120,4,1,1/169.6,1/212.0,1/848.0,5.804271478371217
2023-01-20,ハッピージャグラーVIII,135,4818,-1279,12,16,1/172.1,1/401.5,1/301.1,6.153762248731352
2023-01-20,ハッピージャグラーVIII,136,868,-214,3,2,1/173.6,1/289.3,1/434.0,6.752233857551979
2023-01-20,ハッピージャグラーVIII,137,1099,-689,1,3,1/274.8,1/1099.0,1/366.3,5.822324920828764
2023-01-20,ハッピージャグラーVIII,138,1744,-605,5,3,1/218.0,1/348.8,1/581.3,6.24238493466256
2023-01-20,ハッピージャグラーVIII,139,480,-170,1,2,1/160.0,1/480.0,1/240.0,6.514613771622072
2023-01-20,ハッピージャグラーVIII,140,3871,810,18,10,1/138.2,1/215.1,1/387.1,6.025323206893834
2023-01-20,ハッピージャグラーVIII,141,2075,-389,8,4,1/172.9,1/259.4,1/518.8,6.75559498580206
2023-01-19,アイムジャグラーEX-TP,97,1809,-630,4,6,1/180.9,1/452.2,1/301.5,6.113472125710019
2023-01-19,アイムジャグラーEX-TP,98,1811,752,9,6,1/120.7,1/201.2,1/301.8,5.7997527595182
2023-01-19,アイムジャグラーEX-TP,99,1360,264,6,3,1/151.1,1/226.7,1/453.3,5.698527370634525
2023-01-19,アイムジャグラーEX-TP,100,1033,-573,1,4,1/206.6,1/1033.0,1/258.2,5.875558625988387
2023-01-19,アイムジャグラーEX-TP,101,1118,-114,3,5,1/139.8,1/372.7,1/223.6,6.03239406403791
2023-01-19,アイムジャグラーEX-TP,102,710,102,4,1,1/142.0,1/177.5,1/710.0,7.128002357260496
2023-01-19,アイムジャグラーEX-TP,103,631,340,4,0,1/157.8,1/157.8,1/0.0,5.4257988048452805
2023-01-19,アイムジャグラーEX-TP,104,1872,602,10,3,1/144.0,1/187.2,1/624.0,5.903581831134033
2023-01-19,アイムジャグラーEX-TP,105,670,1024,6,2,1/83.8,1/111.7,1/335.0,5.255033851830007
2023-01-19,アイムジャグラーEX-TP,106,691,67,2,3,1/138.2,1/345.5,1/230.3,5.3888642668309785
2023-01-19,アイムジャグラーEX-TP,107,732,-480,1,2,1/244.0,1/732.0,1/366.0,6.3036862872347
2023-01-19,アイムジャグラーEX-TP,108,1914,-445,5,5,1/191.4,1/382.8,1/382.8,5.752704748049266
2023-01-19,アイムジャグラーEX-TP,109,4710,-537,16,14,1/157.0,1/294.4,1/336.4,6.26133371193797
2023-01-19,アイムジャグラーEX-TP,110,3361,283,15,8,1/146.1,1/224.1,1/420.1,6.3266871995682425
2023-01-19,アイムジャグラーEX-TP,111,1016,287,6,0,1/169.3,1/169.3,1/0.0,6.028452158120603
2023-01-19,アイムジャグラーEX-TP,112,2231,-218,8,6,1/159.4,1/278.9,1/371.8,6.281892713156502
2023-01-19,アイムジャグラーEX-TP,113,655,-770,0,1,1/655.0,1/0.0,1/655.0,6.62620466677019
2023-01-19,アイムジャグラーEX-TP,114,4278,1368,21,13,1/125.8,1/203.7,1/329.1,6.036348298820745
2023-01-19,アイムジャグラーEX-TP,115,2173,-92,8,6,1/155.2,1/271.6,1/362.2,6.163360187960646
2023-01-19,アイムジャグラーEX-TP,116,6638,-886,18,24,1/158.0,1/368.8,1/276.6,5.842996003859018
2023-01-19,アイムジャグラーEX-TP,117,463,-175,1,1,1/231.5,1/463.0,1/463.0,5.706255757094429
2023-01-19,アイムジャグラーEX-TP,118,3037,1103,17,5,1/138.0,1/178.6,1/607.4,6.022794442561124
2023-01-19,アイムジャグラーEX-TP,119,906,606,6,2,1/113.2,1/151.0,1/453.0,6.046762699403012
2023-01-19,アイムジャグラーEX-TP,120,4830,1280,25,13,1/127.1,1/193.2,1/371.5,6.469884829352433
2023-01-19,アイムジャグラーEX-TP,121,6287,1236,26,24,1/125.7,1/241.8,1/262.0,6.050247871543586
2023-01-19,アイムジャグラーEX-TP,122,0,0,0,0,1/0.0,1/0.0,1/0.0,0.0
2023-01-19,アイムジャグラーEX-TP,123,4213,624,20,8,1/150.5,1/210.7,1/526.6,6.140490695895849
2023-01-19,アイムジャグラーEX-TP,124,1684,-366,5,4,1/187.1,1/336.8,1/421.0,5.975761049897214
2023-01-19,アイムジャグラーEX-TP,125,1235,-444,2,5,1/176.4,1/617.5,1/247.0,5.81270431243827
2023-01-19,アイムジャグラーEX-TP,126,4713,1584,26,10,1/130.9,1/181.3,1/471.3,6.26835818970773
2023-01-19,アイムジャグラーEX-TP,127,1900,992,12,5,1/111.8,1/158.3,1/380.0,6.595624844330236
2023-01-19,アイムジャグラーEX-TP,128,629,-312,2,0,1/314.5,1/314.5,1/0.0,6.486096757714693
2023-01-19,アイムジャグラーEX-TP,129,5136,-1733,13,15,1/183.4,1/395.1,1/342.4,6.2658488400078935
2023-01-19,アイムジャグラーEX-TP,130,673,-641,1,0,1/673.0,1/673.0,1/0.0,6.652585854190542
2023-01-19,アイムジャグラーEX-TP,131,2699,-92,9,11,1/134.9,1/299.9,1/245.4,6.308035563204038
2023-01-19,アイムジャグラーEX-TP,132,2231,174,9,7,1/139.4,1/247.9,1/318.7,6.182877259992677
2023-01-19,アイムジャグラーEX-TP,157,1393,-984,2,2,1/348.2,1/696.5,1/696.5,6.040272879842537
2023-01-19,アイムジャグラーEX-TP,158,1453,27,6,2,1/181.6,1/242.2,1/726.5,5.804312304439017
2023-01-19,アイムジャグラーEX-TP,159,2311,-139,9,4,1/177.8,1/256.8,1/577.8,6.038480248042268
2023-01-19,アイムジャグラーEX-TP,160,2490,-667,8,5,1/191.5,1/311.2,1/498.0,6.339372582875521
2023-01-19,アイムジャグラーEX-TP,161,4148,792,19,13,1/129.6,1/218.3,1/319.1,6.299796948492568
2023-01-19,アイムジャグラーEX-TP,162,652,123,3,2,1/130.4,1/217.3,1/326.0,6.3054976880003
2023-01-19,アイムジャグラーEX-TP,163,5009,-1041,13,21,1/147.3,1/385.3,1/238.5,6.303746232445061
2023-01-19,アイムジャグラーEX-TP,164,2064,814,9,10,1/108.6,1/229.3,1/206.4,5.858014500345563
2023-01-19,アイムジャグラーEX-TP,165,4523,317,21,9,1/150.8,1/215.4,1/502.6,6.43947529623366
2023-01-19,アイムジャグラーEX-TP,166,484,-302,1,1,1/242.0,1/484.0,1/484.0,6.731491111511044
2023-01-19,アイムジャグラーEX-TP,167,2750,512,14,6,1/137.5,1/196.4,1/458.3,6.516819318222211
2023-01-19,アイムジャグラーEX-TP,168,3949,-1350,9,15,1/164.5,1/438.8,1/263.3,6.389533810940604
2023-01-19,アイムジャグラーEX-TP,169,6295,-204,20,25,1/139.9,1/314.8,1/251.8,6.06343411621306
2023-01-19,アイムジャグラーEX-TP,170,228,-305,0,0,1/0.0,1/0.0,1/0.0,6.719297232238953
2023-01-19,アイムジャグラーEX-TP,171,6405,3348,37,23,1/106.8,1/173.1,1/278.5,6.361353481492781
2023-01-19,アイムジャグラーEX-TP,172,1404,-404,3,4,1/200.6,1/468.0,1/351.0,5.5852496262477445
2023-01-19,アイムジャグラーEX-TP,173,1101,-560,3,0,1/367.0,1/367.0,1/0.0,5.992120769370891
2023-01-19,アイムジャグラーEX-TP,174,1051,18,5,1,1/175.2,1/210.2,1/1051.0,6.351583792498652
2023-01-19,アイムジャグラーEX-TP,175,2835,-761,8,6,1/202.5,1/354.4,1/472.5,5.928966588443346
2023-01-19,アイムジャグラーEX-TP,176,3701,1225,16,13,1/127.6,1/231.3,1/284.7,5.561167060118109
2023-01-19,アイムジャグラーEX-TP,177,510,-349,0,2,1/255.0,1/0.0,1/255.0,5.440412020537022
2023-01-19,アイムジャグラーEX-TP,178,4896,492,20,13,1/148.4,1/244.8,1/376.6,5.927894787713261
2023-01-19,マイジャグラーV,68,6393,-4,26,11,1/172.8,1/245.9,1/581.2,5.743014073498311
2023-01-19,マイジャグラーV,69,4053,-837,13,11,1/168.9,1/311.8,1/368.5,6.162807963704983
2023-01-19,マイジャグラーV,70,2907,-677,9,7,1/181.7,1/323.0,1/415.3,6.02604022064169
2023-01-19,マイジャグラーV,71,5386,-1639,12,16,1/192.4,1/448.8,1/336.6,5.672881458745971
2023-01-19,マイジャグラーV,72,5183,-1118,15,14,1/178.7,1/345.5,1/370.2,5.860232667885945
2023-01-19,ファンキージャグラー2,73,1278,-398,4,1,1/255.6,1/319.5,1/1278.0,5.739214021824955
2023-01-19,ファンキージャグラー2,74,610,-471,1,0,1/610.0,1/610.0,1/0.0,5.863573391392322
2023-01-19,ファンキージャグラー2,75,873,-243,2,3,1/174.6,1/436.5,1/291.0,5.818520641126994
2023-01-19,ファンキージャグラー2,76,763,-36,3,1,1/190.8,1/254.3,1/763.0,5.649769284118511
2023-01-19,ファンキージャグラー2,77,1095,-374,4,1,1/219.0,1/273.8,1/1095.0,6.52428191005056
2023-01-19,ファンキージャグラー2,78,2957,-1,11,8,1/155.6,1/268.8,1/369.6,5.794324173381091
2023-01-19,ファンキージャグラー2,79,1756,-888,4,4,1/219.5,1/439.0,1/439.0,6.343938657436885
2023-01-19,ハッピージャグラーVIII,133,4086,961,20,9,1/140.9,1/204.3,1/454.0,6.008596218915101
2023-01-19,ハッピージャグラーVIII,134,256,-318,0,0,1/0.0,1/0.0,1/0.0,6.461448374037092
2023-01-19,ハッピージャグラーVIII,135,1857,-1130,2,6,1/232.1,1/928.5,1/309.5,6.132970782396739
2023-01-19,ハッピージャグラーVIII,136,4861,151,18,14,1/151.9,1/270.1,1/347.2,5.934074851591287
2023-01-19,ハッピージャグラーVIII,137,2464,-682,7,6,1/189.5,1/352.0,1/410.7,6.2038941017433595
2023-01-19,ハッピージャグラーVIII,138,439,-258,1,1,1/219.5,1/439.0,1/439.0,7.088481076964716
2023-01-19,ハッピージャグラーVIII,139,6434,816,27,18,1/143.0,1/238.3,1/357.4,5.999242262321343
2023-01-19,ハッピージャグラーVIII,140,381,-42,1,1,1/190.5,1/381.0,1/381.0,5.370032785741506
2023-01-19,ハッピージャグラーVIII,141,5208,669,19,23,1/124.0,1/274.1,1/226.4,6.0992512606934515
2023-01-18,アイムジャグラーEX-TP,97,1881,-366,6,5,1/171.0,1/313.5,1/376.2,6.254312308436748
2023-01-18,アイムジャグラーEX-TP,98,950,-915,1,1,1/475.0,1/950.0,1/950.0,6.66430493053339
2023-01-18,アイムジャグラーEX-TP,99,1554,-335,4,4,1/194.2,1/388.5,1/388.5,5.630411118561965
2023-01-18,アイムジャグラーEX-TP,100,904,-473,2,3,1/180.8,1/452.0,1/301.3,7.060078062283477
2023-01-18,アイムジャグラーEX-TP,101,2445,730,13,5,1/135.8,1/188.1,1/489.0,6.171822010206605
2023-01-18,アイムジャグラーEX-TP,102,609,-307,2,1,1/203.0,1/304.5,1/609.0,7.6724786427297085
2023-01-18,アイムジャグラーEX-TP,103,1373,-146,5,4,1/152.6,1/274.6,1/343.2,6.506594952901113
2023-01-18,アイムジャグラーEX-TP,104,1188,-668,3,1,1/297.0,1/396.0,1/1188.0,6.3929218946381905
2023-01-18,アイムジャグラーEX-TP,105,347,-320,0,1,1/347.0,1/0.0,1/347.0,6.0076562124792
2023-01-18,アイムジャグラーEX-TP,106,4116,2479,24,16,1/102.9,1/171.5,1/257.2,6.176047606823565
2023-01-18,アイムジャグラーEX-TP,107,1498,550,8,3,1/136.2,1/187.2,1/499.3,5.869695042697721
2023-01-18,アイムジャグラーEX-TP,108,829,-335,3,0,1/276.3,1/276.3,1/0.0,6.584412606457601
2023-01-18,アイムジャグラーEX-TP,109,3721,513,15,13,1/132.9,1/248.1,1/286.2,6.057943570898714
2023-01-18,アイムジャグラーEX-TP,110,6134,337,24,18,1/146.0,1/255.6,1/340.8,6.057363090213452
2023-01-18,アイムジャグラーEX-TP,111,244,-225,0,1,1/244.0,1/0.0,1/244.0,6.57992136993963
2023-01-18,アイムジャグラーEX-TP,112,6165,876,29,13,1/146.8,1/212.6,1/474.2,6.2126879716012136
2023-01-18,アイムジャグラーEX-TP,113,1431,-135,5,4,1/159.0,1/286.2,1/357.8,6.2022696666234545
2023-01-18,アイムジャグラーEX-TP,114,2321,-210,8,6,1/165.8,1/290.1,1/386.8,6.034977282639802
2023-01-18,アイムジャグラーEX-TP,115,2506,-208,9,6,1/167.1,1/278.4,1/417.7,6.0839641925932515
2023-01-18,アイムジャグラーEX-TP,116,2047,-445,7,1,1/255.9,1/292.4,1/2047.0,5.69308704043132
2023-01-18,アイムジャグラーEX-TP,117,1276,-447,3,3,1/212.7,1/425.3,1/425.3,5.867893123776583
2023-01-18,アイムジャグラーEX-TP,118,5598,984,23,21,1/127.2,1/243.4,1/266.6,6.08599372144622
2023-01-18,アイムジャグラーEX-TP,119,1566,-505,5,2,1/223.7,1/313.2,1/783.0,6.240289645076155
2023-01-18,アイムジャグラーEX-TP,120,2173,-589,6,7,1/167.2,1/362.2,1/310.4,6.365924906049877
2023-01-18,アイムジャグラーEX-TP,121,3798,-233,17,3,1/189.9,1/223.4,1/1266.0,6.313480567645403
2023-01-18,アイムジャグラーEX-TP,122,0,0,0,0,1/0.0,1/0.0,1/0.0,0.0
2023-01-18,アイムジャグラーEX-TP,123,3382,-11,12,10,1/153.7,1/281.8,1/338.2,5.917400162418812
2023-01-18,アイムジャグラーEX-TP,124,4828,-1032,13,16,1/166.5,1/371.4,1/301.8,6.049671436304647
2023-01-18,アイムジャグラーEX-TP,125,691,-322,2,0,1/345.5,1/345.5,1/0.0,5.991962965333155
2023-01-18,アイムジャグラーEX-TP,126,3441,548,14,11,1/137.6,1/245.8,1/312.8,5.878660852333386
2023-01-18,アイムジャグラーEX-TP,127,578,-454,1,0,1/578.0,1/578.0,1/0.0,6.115439824442439
2023-01-18,アイムジャグラーEX-TP,128,1932,-446,5,6,1/175.6,1/386.4,1/322.0,5.919652120551447
2023-01-18,アイムジャグラーEX-TP,129,559,58,2,1,1/186.3,1/279.5,1/559.0,5.119159659263605
2023-01-18,アイムジャグラーEX-TP,130,8141,881,29,35,1/127.2,1/280.7,1/232.6,6.005872461089531
2023-01-18,アイムジャグラーEX-TP,131,968,43,2,6,1/121.0,1/484.0,1/161.3,5.467328981610571
2023-01-18,アイムジャグラーEX-TP,132,3336,217,15,4,1/175.6,1/222.4,1/834.0,5.928393430792732
2023-01-18,アイムジャグラーEX-TP,157,7679,2731,39,23,1/123.9,1/196.9,1/333.9,6.048558638479926
2023-01-18,アイムジャグラーEX-TP,158,1082,-20,5,0,1/216.4,1/216.4,1/0.0,5.931236142519163
2023-01-18,アイムジャグラーEX-TP,159,3744,-304,14,10,1/156.0,1/267.4,1/374.4,6.383590788914976
2023-01-18,アイムジャグラーEX-TP,160,3984,54,16,9,1/159.4,1/249.0,1/442.7,6.071346458688305
2023-01-18,アイムジャグラーEX-TP,161,914,-823,0,3,1/304.7,1/0.0,1/304.7,6.082514162641769
2023-01-18,アイムジャグラーEX-TP,162,6085,2012,26,28,1/112.7,1/234.0,1/217.3,5.938521034026799
2023-01-18,アイムジャグラーEX-TP,163,1706,-12,7,2,1/189.6,1/243.7,1/853.0,5.802563392920036
2023-01-18,アイムジャグラーEX-TP,164,4875,1414,26,12,1/128.3,1/187.5,1/406.2,6.431334782307563
2023-01-18,アイムジャグラーEX-TP,165,5823,1023,26,16,1/138.6,1/224.0,1/363.9,6.058598162119098
2023-01-18,アイムジャグラーEX-TP,166,1511,-229,6,2,1/188.9,1/251.8,1/755.5,6.384648044058212
2023-01-18,アイムジャグラーEX-TP,167,1341,-455,4,1,1/268.2,1/335.2,1/1341.0,5.845598009689393
2023-01-18,アイムジャグラーEX-TP,168,4227,665,17,15,1/132.1,1/248.6,1/281.8,5.982794010944366
2023-01-18,アイムジャグラーEX-TP,169,2287,-571,6,8,1/163.4,1/381.2,1/285.9,6.219389494719611
2023-01-18,アイムジャグラーEX-TP,170,745,593,5,3,1/93.1,1/149.0,1/248.3,6.37707062199122
2023-01-18,アイムジャグラーEX-TP,171,7072,2991,34,29,1/112.3,1/208.0,1/243.9,5.913952674312898
2023-01-18,アイムジャグラーEX-TP,172,188,-123,0,1,1/188.0,1/0.0,1/188.0,5.850451869608365
2023-01-18,アイムジャグラーEX-TP,173,5994,1055,25,22,1/127.5,1/239.8,1/272.5,6.12179235417549
2023-01-18,アイムジャグラーEX-TP,174,1200,334,6,3,1/133.3,1/200.0,1/400.0,6.09626768711414
2023-01-18,アイムジャグラーEX-TP,175,908,-266,3,3,1/151.3,1/302.7,1/302.7,7.335783872941639
2023-01-18,アイムジャグラーEX-TP,176,2278,187,9,7,1/142.4,1/253.1,1/325.4,6.037409890729772
2023-01-18,アイムジャグラーEX-TP,177,3804,1798,20,11,1/122.7,1/190.2,1/345.8,5.695698673942826
2023-01-18,アイムジャグラーEX-TP,178,3904,1104,20,10,1/130.1,1/195.2,1/390.4,6.25007344316578
2023-01-18,マイジャグラーV,68,3934,-587,14,8,1/178.8,1/281.0,1/491.8,5.987134258757756
2023-01-18,マイジャグラーV,69,7395,1757,34,21,1/134.5,1/217.5,1/352.1,5.723950388617868
2023-01-18,マイジャグラーV,70,5518,-198,20,17,1/149.1,1/275.9,1/324.6,5.996836494864609
2023-01-18,マイジャグラーV,71,3218,-933,9,6,1/214.5,1/357.6,1/536.3,5.739388161335682
2023-01-18,マイジャグラーV,72,7590,1236,29,32,1/124.4,1/261.7,1/237.2,5.806929520315201
2023-01-18,ファンキージャグラー2,73,2204,-719,7,4,1/200.4,1/314.9,1/551.0,6.300507328056039
2023-01-18,ファンキージャグラー2,74,1650,-853,5,2,1/235.7,1/330.0,1/825.0,6.830159292768052
2023-01-18,ファンキージャグラー2,75,1475,49,7,2,1/163.9,1/210.7,1/737.5,6.166444352412295
2023-01-18,ファンキージャグラー2,76,1871,-61,8,3,1/170.1,1/233.9,1/623.7,6.058820836401434
2023-01-18,ファンキージャグラー2,77,1511,-524,4,4,1/188.9,1/377.8,1/377.8,6.17091820026253
2023-01-18,ファンキージャグラー2,78,2031,-467,5,7,1/169.2,1/406.2,1/290.1,5.7908830444419985
2023-01-18,ファンキージャグラー2,79,4592,597,19,13,1/143.5,1/241.7,1/353.2,5.717851900662783
2023-01-18,ハッピージャグラーVIII,133,5135,-1078,16,16,1/160.5,1/320.9,1/320.9,6.528987360894464
2023-01-18,ハッピージャグラーVIII,134,2349,431,10,6,1/146.8,1/234.9,1/391.5,5.718764073806262
2023-01-18,ハッピージャグラーVIII,135,3324,-1107,6,13,1/174.9,1/554.0,1/255.7,5.9687325681899415
2023-01-18,ハッピージャグラーVIII,136,1426,315,7,3,1/142.6,1/203.7,1/475.3,6.04587039175947
2023-01-18,ハッピージャグラーVIII,137,4375,73,17,15,1/136.7,1/257.4,1/291.7,6.464825576697074
2023-01-18,ハッピージャグラーVIII,138,2313,-803,5,5,1/231.3,1/462.6,1/462.6,5.6814171144216346
2023-01-18,ハッピージャグラーVIII,139,1779,-647,5,4,1/197.7,1/355.8,1/444.8,6.516024948244256
2023-01-18,ハッピージャグラーVIII,140,1828,-212,7,3,1/182.8,1/261.1,1/609.3,6.204527777905058
2023-01-18,ハッピージャグラーVIII,141,2727,-1004,8,4,1/227.2,1/340.9,1/681.8,6.306335812208559
2023-01-17,アイムジャグラーEX-TP,97,4816,92,18,15,1/145.9,1/267.6,1/321.1,6.098963354791528
2023-01-17,アイムジャグラーEX-TP,98,2788,526,12,12,1/116.2,1/232.3,1/232.3,6.527446931013596
2023-01-17,アイムジャグラーEX-TP,99,1070,242,5,3,1/133.8,1/214.0,1/356.7,6.091215670022338
2023-01-17,アイムジャグラーEX-TP,100,794,-551,0,4,1/198.5,1/0.0,1/198.5,5.906166633044661
2023-01-17,アイムジャグラーEX-TP,101,934,-441,2,2,1/233.5,1/467.0,1/467.0,6.087412638459309
2023-01-17,アイムジャグラーEX-TP,102,766,-808,1,0,1/766.0,1/766.0,1/0.0,6.983928485301703
2023-01-17,アイムジャグラーEX-TP,103,303,-141,1,0,1/303.0,1/303.0,1/0.0,6.484214148555272
2023-01-17,アイムジャグラーEX-TP,104,1258,-104,4,3,1/179.7,1/314.5,1/419.3,5.635327897466777
2023-01-17,アイムジャグラーEX-TP,105,1942,917,11,4,1/129.5,1/176.5,1/485.5,5.792157639266867
2023-01-17,アイムジャグラーEX-TP,106,466,-195,1,1,1/233.0,1/466.0,1/466.0,5.855217312746757
2023-01-17,アイムジャグラーEX-TP,107,4447,92,17,14,1/143.5,1/261.6,1/317.6,6.207979485831602
2023-01-17,アイムジャグラーEX-TP,108,2658,322,13,3,1/166.1,1/204.5,1/886.0,6.092357387494467
2023-01-17,アイムジャグラーEX-TP,109,2477,-1025,4,11,1/165.1,1/619.2,1/225.2,6.2218620558675
2023-01-17,アイムジャグラーEX-TP,110,4515,-664,14,12,1/173.7,1/322.5,1/376.2,5.930192375966053
2023-01-17,アイムジャグラーEX-TP,111,1700,34,6,6,1/141.7,1/283.3,1/283.3,6.036010126294634
2023-01-17,アイムジャグラーEX-TP,112,1254,-309,4,4,1/156.8,1/313.5,1/313.5,6.7989899758814785
2023-01-17,アイムジャグラーEX-TP,113,5904,1913,29,22,1/115.8,1/203.6,1/268.4,6.332681977376945
2023-01-17,アイムジャグラーEX-TP,114,1268,-20,5,4,1/140.9,1/253.6,1/317.0,6.5501798794074695
2023-01-17,アイムジャグラーEX-TP,115,2080,-1149,4,6,1/208.0,1/520.0,1/346.7,6.568233685123298
2023-01-17,アイムジャグラーEX-TP,116,5259,1138,22,18,1/131.5,1/239.0,1/292.2,5.849479446381864
2023-01-17,アイムジャグラーEX-TP,117,7744,3011,35,38,1/106.1,1/221.3,1/203.8,6.087416160758284
2023-01-17,アイムジャグラーEX-TP,118,4431,1312,23,12,1/126.6,1/192.7,1/369.2,6.3376550724861955
2023-01-17,アイムジャグラーEX-TP,119,1155,-892,2,2,1/288.8,1/577.5,1/577.5,6.9202618075843665
2023-01-17,アイムジャグラーEX-TP,120,3198,-149,13,7,1/159.9,1/246.0,1/456.9,6.390300874068471
2023-01-17,アイムジャグラーEX-TP,121,4163,-913,14,7,1/198.2,1/297.4,1/594.7,6.13542801139312
2023-01-17,アイムジャグラーEX-TP,122,0,0,0,0,1/0.0,1/0.0,1/0.0,0.0
2023-01-17,アイムジャグラーEX-TP,123,2760,-859,7,7,1/197.1,1/394.3,1/394.3,5.977805447989951
2023-01-17,アイムジャグラーEX-TP,124,3451,-595,10,7,1/203.0,1/345.1,1/493.0,5.576267135609565
2023-01-17,アイムジャグラーEX-TP,125,1203,-486,3,2,1/240.6,1/401.0,1/601.5,5.97274669938719
2023-01-17,アイムジャグラーEX-TP,126,2595,-383,8,9,1/152.6,1/324.4,1/288.3,6.270500701293281
2023-01-17,アイムジャグラーEX-TP,127,2268,-863,5,6,1/206.2,1/453.6,1/378.0,5.961597063487618
2023-01-17,アイムジャグラーEX-TP,128,3950,584,17,13,1/131.7,1/232.4,1/303.8,6.243376291450288
2023-01-17,アイムジャグラーEX-TP,129,2165,727,11,7,1/120.3,1/196.8,1/309.3,6.252001579027464
2023-01-17,アイムジャグラーEX-TP,130,1802,-480,5,6,1/163.8,1/360.4,1/300.3,6.412005209451778
2023-01-17,アイムジャグラーEX-TP,131,5287,977,23,18,1/129.0,1/229.9,1/293.7,6.173717239756829
2023-01-17,アイムジャグラーEX-TP,132,2482,-1588,2,7,1/275.8,1/1241.0,1/354.6,5.6440514165352464
2023-01-17,アイムジャグラーEX-TP,157,3288,-1825,6,9,1/219.2,1/548.0,1/365.3,6.379253983109762
2023-01-17,アイムジャグラーEX-TP,158,3454,1084,18,6,1/143.9,1/191.9,1/575.7,5.850745087474568
2023-01-17,アイムジャグラーEX-TP,159,1593,-866,3,4,1/227.6,1/531.0,1/398.2,6.287546430846442
2023-01-17,アイムジャグラーEX-TP,160,1731,-200,6,4,1/173.1,1/288.5,1/432.8,6.052389568016026
2023-01-17,アイムジャグラーEX-TP,161,1437,-970,2,4,1/239.5,1/718.5,1/359.2,6.459530747681018
2023-01-17,アイムジャグラーEX-TP,162,5620,1614,27,15,1/133.8,1/208.1,1/374.7,5.907504664773812
2023-01-17,アイムジャグラーEX-TP,163,1879,-76,6,7,1/144.5,1/313.2,1/268.4,6.011685962450926
2023-01-17,アイムジャグラーEX-TP,164,2654,137,10,8,1/147.4,1/265.4,1/331.8,5.942908755122735
2023-01-17,アイムジャグラーEX-TP,165,981,463,6,2,1/122.6,1/163.5,1/490.5,6.3021873793847405
2023-01-17,アイムジャグラーEX-TP,166,939,-465,2,2,1/234.8,1/469.5,1/469.5,6.177161789537585
2023-01-17,アイムジャグラーEX-TP,167,6137,700,25,18,1/142.7,1/245.5,1/340.9,5.972349898191238
2023-01-17,アイムジャグラーEX-TP,168,2297,564,11,4,1/153.1,1/208.8,1/574.2,5.6948041643125284
2023-01-17,アイムジャグラーEX-TP,169,6062,-1195,15,25,1/151.6,1/404.1,1/242.5,6.075917009428436
2023-01-17,アイムジャグラーEX-TP,170,940,-737,2,0,1/470.0,1/470.0,1/0.0,6.613193602649779
2023-01-17,アイムジャグラーEX-TP,171,7146,1434,26,39,1/109.9,1/274.8,1/183.2,6.177569649180176
2023-01-17,アイムジャグラーEX-TP,172,4643,2214,25,17,1/110.5,1/185.7,1/273.1,6.136978577886929
2023-01-17,アイムジャグラーEX-TP,173,788,-828,0,1,1/788.0,1/0.0,1/788.0,5.89673514686874
2023-01-17,アイムジャグラーEX-TP,174,5850,2570,28,23,1/114.7,1/208.9,1/254.3,5.752974644378889
2023-01-17,アイムジャグラーEX-TP,175,1012,-536,3,0,1/337.3,1/337.3,1/0.0,6.3802799417175295
2023-01-17,アイムジャグラーEX-TP,176,1616,-24,6,4,1/161.6,1/269.3,1/404.0,5.948652965083247
2023-01-17,アイムジャグラーEX-TP,177,1747,-265,5,6,1/158.8,1/349.4,1/291.2,6.013187087942224
2023-01-17,アイムジャグラーEX-TP,178,4750,-80,18,12,1/158.3,1/263.9,1/395.8,6.066391869757759
2023-01-17,マイジャグラーV,68,2611,-999,8,1,1/290.1,1/326.4,1/2611.0,5.8038927276465575
2023-01-17,マイジャグラーV,69,2504,-914,6,6,1/208.7,1/417.3,1/417.3,5.86511788828398
2023-01-17,マイジャグラーV,70,3607,902,18,11,1/124.4,1/200.4,1/327.9,6.17191568710587
2023-01-17,マイジャグラーV,71,7777,3728,35,43,1/99.7,1/222.2,1/180.9,5.6878354302233385
2023-01-17,マイジャグラーV,72,4180,-235,15,10,1/167.2,1/278.7,1/418.0,5.7641602785440815
2023-01-17,ファンキージャグラー2,73,3850,-124,15,8,1/167.4,1/256.7,1/481.2,5.854684079916438
2023-01-17,ファンキージャグラー2,74,101,-102,0,0,1/0.0,1/0.0,1/0.0,5.26731973608642
2023-01-17,ファンキージャグラー2,75,7452,4147,41,32,1/102.1,1/181.8,1/232.9,5.8829900747041854
2023-01-17,ファンキージャグラー2,76,1470,-250,4,5,1/163.3,1/367.5,1/294.0,5.781884314131348
2023-01-17,ファンキージャグラー2,77,476,149,3,0,1/158.7,1/158.7,1/0.0,5.997689125660407
2023-01-17,ファンキージャグラー2,78,6863,923,29,19,1/143.0,1/236.7,1/361.2,5.761496803793277
2023-01-17,ファンキージャグラー2,79,171,-208,0,0,1/0.0,1/0.0,1/0.0,6.09604750639127
2023-01-17,ハッピージャグラーVIII,133,7993,2899,37,30,1/119.3,1/216.0,1/266.4,5.821485544168195
2023-01-17,ハッピージャグラーVIII,134,5215,3355,33,17,1/104.3,1/158.0,1/306.8,6.178210420339698
2023-01-17,ハッピージャグラーVIII,135,2744,65,9,12,1/130.7,1/304.9,1/228.7,6.157223720390237
2023-01-17,ハッピージャグラーVIII,136,1196,-392,3,3,1/199.3,1/398.7,1/398.7,6.101111641925962
2023-01-17,ハッピージャグラーVIII,137,1386,19,7,1,1/173.2,1/198.0,1/1386.0,6.587860298861182
2023-01-17,ハッピージャグラーVIII,138,2226,-991,5,4,1/247.3,1/445.2,1/556.5,6.038968847425763
2023-01-17,ハッピージャグラーVIII,139,1143,179,5,3,1/142.9,1/228.6,1/381.0,5.982793971327473
2023-01-17,ハッピージャグラーVIII,140,4020,504,16,12,1/143.6,1/251.2,1/335.0,5.856636957345982
2023-01-17,ハッピージャグラーVIII,141,8289,956,28,34,1/133.7,1/296.0,1/243.8,5.741394788884216
2023-01-16,アイムジャグラーEX-TP,97,4403,948,20,13,1/133.4,1/220.2,1/338.7,6.055414371812922
2023-01-16,アイムジャグラーEX-TP,98,1235,-375,4,3,1/176.4,1/308.8,1/411.7,6.782336160588147
2023-01-16,アイムジャグラーEX-TP,99,1230,1479,10,6,1/76.9,1/123.0,1/205.0,6.538928955334329
2023-01-16,アイムジャグラーEX-TP,100,762,-763,0,1,1/762.0,1/0.0,1/762.0,5.706102901703091
2023-01-16,アイムジャグラーEX-TP,101,4040,4159,28,20,1/84.2,1/144.3,1/202.0,5.948379258060422
2023-01-16,アイムジャグラーEX-TP,102,667,-304,2,1,1/222.3,1/333.5,1/667.0,6.800575816071648
2023-01-16,アイムジャグラーEX-TP,103,148,-266,0,0,1/0.0,1/0.0,1/0.0,10.943572573632494
2023-01-16,アイムジャグラーEX-TP,104,1234,-531,3,3,1/205.7,1/411.3,1/411.3,6.371305868840111
2023-01-16,アイムジャグラーEX-TP,105,3093,780,12,15,1/114.6,1/257.8,1/206.2,5.95330930952641
2023-01-16,アイムジャグラーEX-TP,106,794,-397,2,1,1/264.7,1/397.0,1/794.0,6.2721178058552045
2023-01-16,アイムジャグラーEX-TP,107,1330,-965,2,2,1/332.5,1/665.0,1/665.0,6.241693385494493
2023-01-16,アイムジャグラーEX-TP,108,1927,-378,6,4,1/192.7,1/321.2,1/481.8,5.916549691740698
2023-01-16,アイムジャグラーEX-TP,109,6542,963,27,22,1/133.5,1/242.3,1/297.4,6.06863196031942
2023-01-16,アイムジャグラーEX-TP,110,1030,-441,2,2,1/257.5,1/515.0,1/515.0,5.604795528352646
2023-01-16,アイムジャグラーEX-TP,111,4291,2975,26,17,1/99.8,1/165.0,1/252.4,6.051896898750496
2023-01-16,アイムジャグラーEX-TP,112,1046,-167,3,4,1/149.4,1/348.7,1/261.5,6.231417077264031
2023-01-16,アイムジャグラーEX-TP,113,1835,-61,6,7,1/141.2,1/305.8,1/262.1,6.105937516793408
2023-01-16,アイムジャグラーEX-TP,114,1400,-404,5,2,1/200.0,1/280.0,1/700.0,6.631543171938151
2023-01-16,アイムジャグラーEX-TP,115,4537,921,16,25,1/110.7,1/283.6,1/181.5,6.058686086654061
2023-01-16,アイムジャグラーEX-TP,116,272,-214,0,1,1/272.0,1/0.0,1/272.0,5.749722607592213
2023-01-16,アイムジャグラーEX-TP,117,2009,-1124,4,5,1/223.2,1/502.2,1/401.8,6.495981755118561
2023-01-16,アイムジャグラーEX-TP,118,711,-370,1,3,1/177.8,1/711.0,1/237.0,6.386450879479857
2023-01-16,アイムジャグラーEX-TP,119,2272,-98,8,6,1/162.3,1/284.0,1/378.7,5.930483148004864
2023-01-16,アイムジャグラーEX-TP,120,6303,350,21,31,1/121.2,1/300.1,1/203.3,6.258408091340229
2023-01-16,アイムジャグラーEX-TP,121,3483,-1351,10,6,1/217.7,1/348.3,1/580.5,6.374540549911097
2023-01-16,アイムジャグラーEX-TP,122,0,0,0,0,1/0.0,1/0.0,1/0.0,0.0
2023-01-16,アイムジャグラーEX-TP,123,3376,-583,10,10,1/168.8,1/337.6,1/337.6,6.018350549809123
2023-01-16,アイムジャグラーEX-TP,124,217,-226,0,0,1/0.0,1/0.0,1/0.0,5.380519247381894
2023-01-16,アイムジャグラーEX-TP,125,5702,2556,30,16,1/124.0,1/190.1,1/356.4,5.766162512059946
2023-01-16,アイムジャグラーEX-TP,126,113,-97,0,0,1/0.0,1/0.0,1/0.0,4.790668963926687
2023-01-16,アイムジャグラーEX-TP,127,6036,2182,27,29,1/107.8,1/223.6,1/208.1,6.114773942196787
2023-01-16,アイムジャグラーEX-TP,128,136,82,1,0,1/136.0,1/136.0,1/0.0,6.231331777638591
2023-01-16,アイムジャグラーEX-TP,129,4027,-457,12,16,1/143.8,1/335.6,1/251.7,6.212655031738382
2023-01-16,アイムジャグラーEX-TP,130,3546,-418,10,12,1/161.2,1/354.6,1/295.5,5.798946881155963
2023-01-16,アイムジャグラーEX-TP,131,769,-108,3,1,1/192.2,1/256.3,1/769.0,6.23127376635365
2023-01-16,アイムジャグラーEX-TP,132,4164,1231,21,16,1/112.5,1/198.3,1/260.2,6.717924343362019
2023-01-16,アイムジャグラーEX-TP,157,4732,-159,18,11,1/163.2,1/262.9,1/430.2,6.071765159007942
2023-01-16,アイムジャグラーEX-TP,158,186,-223,0,0,1/0.0,1/0.0,1/0.0,6.01777378605973
2023-01-16,アイムジャグラーEX-TP,159,2520,-433,7,9,1/157.5,1/360.0,1/280.0,6.067964087284293
2023-01-16,アイムジャグラーEX-TP,160,1484,-163,5,4,1/164.9,1/296.8,1/371.0,6.082662481379532
2023-01-16,アイムジャグラーEX-TP,161,540,-746,0,0,1/0.0,1/0.0,1/0.0,6.975698732489705
2023-01-16,アイムジャグラーEX-TP,162,2624,932,15,3,1/145.8,1/174.9,1/874.7,5.977541483659511
2023-01-16,アイムジャグラーEX-TP,163,628,-593,1,1,1/314.0,1/628.0,1/628.0,7.749678474725066
2023-01-16,アイムジャグラーEX-TP,164,6258,343,22,26,1/130.4,1/284.5,1/240.7,6.134372037332585
2023-01-16,アイムジャグラーEX-TP,165,497,-318,1,0,1/497.0,1/497.0,1/0.0,5.784744871218427
2023-01-16,アイムジャグラーEX-TP,166,698,-248,2,0,1/349.0,1/349.0,1/0.0,5.505451738090043
2023-01-16,アイムジャグラーEX-TP,167,988,-250,4,0,1/247.0,1/247.0,1/0.0,6.358910829276631
2023-01-16,アイムジャグラーEX-TP,168,3533,129,16,2,1/196.3,1/220.8,1/1766.5,5.826362010655267
2023-01-16,アイムジャグラーEX-TP,169,888,-161,2,5,1/126.9,1/444.0,1/177.6,6.426643590577353
2023-01-16,アイムジャグラーEX-TP,170,5691,1441,22,26,1/118.6,1/258.7,1/218.9,5.817777279088436
2023-01-16,アイムジャグラーEX-TP,171,1058,-459,2,4,1/176.3,1/529.0,1/264.5,6.352148461116987
2023-01-16,アイムジャグラーEX-TP,172,384,-242,0,1,1/384.0,1/0.0,1/384.0,4.848294467224834
2023-01-16,アイムジャグラーEX-TP,173,3244,48,15,4,1/170.7,1/216.3,1/811.0,6.329570718328815
2023-01-16,アイムジャグラーEX-TP,174,621,-289,1,2,1/207.0,1/621.0,1/310.5,5.918959437399569
2023-01-16,アイムジャグラーEX-TP,175,3865,1537,21,11,1/120.8,1/184.0,1/351.4,6.202661575723183
2023-01-16,アイムジャグラーEX-TP,176,646,-600,0,1,1/646.0,1/0.0,1/646.0,5.509332220323142
2023-01-16,アイムジャグラーEX-TP,177,2684,330,10,9,1/141.3,1/268.4,1/298.2,5.73158161905692
2023-01-16,アイムジャグラーEX-TP,178,1725,-865,4,3,1/246.4,1/431.2,1/575.0,6.256795196957566
2023-01-16,マイジャグラーV,68,2648,-75,10,7,1/155.8,1/264.8,1/378.3,5.939561196523705
2023-01-16,マイジャグラーV,69,3562,-565,11,7,1/197.9,1/323.8,1/508.9,5.532937593415164
2023-01-16,マイジャグラーV,70,4682,558,20,14,1/137.7,1/234.1,1/334.4,5.957272165202792
2023-01-16,マイジャグラーV,71,6517,868,25,23,1/135.8,1/260.7,1/283.3,5.674688896005808
2023-01-16,マイジャグラーV,72,2706,480,13,4,1/159.2,1/208.2,1/676.5,5.642842802270144
2023-01-16,ファンキージャグラー2,73,2297,302,11,5,1/143.6,1/208.8,1/459.4,6.1203882636292635
2023-01-16,ファンキージャグラー2,74,952,-370,3,1,1/238.0,1/317.3,1/952.0,6.220583728599591
2023-01-16,ファンキージャグラー2,75,594,-365,0,4,1/148.5,1/0.0,1/148.5,6.28531688075807
2023-01-16,ファンキージャグラー2,76,223,-291,0,0,1/0.0,1/0.0,1/0.0,6.5371907155768705
2023-01-16,ファンキージャグラー2,77,3074,1240,17,9,1/118.2,1/180.8,1/341.6,6.014590665185063
2023-01-16,ファンキージャグラー2,78,928,-183,2,3,1/185.6,1/464.0,1/309.3,5.305192943521704
2023-01-16,ファンキージャグラー2,79,576,-357,1,2,1/192.0,1/576.0,1/288.0,6.87985867623636
2023-01-16,ハッピージャグラーVIII,133,3980,-2120,8,9,1/234.1,1/497.5,1/442.2,6.402967888231209
2023-01-16,ハッピージャグラーVIII,134,4309,-716,12,12,1/179.5,1/359.1,1/359.1,5.796718635513776
2023-01-16,ハッピージャグラーVIII,135,3445,-930,10,8,1/191.4,1/344.5,1/430.6,6.190429609301008
2023-01-16,ハッピージャグラーVIII,136,587,-662,0,1,1/587.0,1/0.0,1/587.0,6.725518775096274
2023-01-16,ハッピージャグラーVIII,137,224,-45,1,0,1/224.0,1/224.0,1/0.0,6.6152996524014425
2023-01-16,ハッピージャグラーVIII,138,3903,751,18,10,1/139.4,1/216.8,1/390.3,6.051150008229633
2023-01-16,ハッピージャグラーVIII,139,4904,1121,23,14,1/132.5,1/213.2,1/350.3,6.0999850236909285
2023-01-16,ハッピージャグラーVIII,140,757,-434,2,1,1/252.3,1/378.5,1/757.0,6.973045425775468
2023-01-16,ハッピージャグラーVIII,141,612,-100,2,1,1/204.0,1/306.0,1/612.0,5.808906895656561
2023-01-15,アイムジャグラーEX-TP,97,2653,-177,9,9,1/147.4,1/294.8,1/294.8,6.220156203995052
2023-01-15,アイムジャグラーEX-TP,98,3636,308,15,11,1/139.8,1/242.4,1/330.5,6.209451776109848
2023-01-15,アイムジャグラーEX-TP,99,647,-700,0,1,1/647.0,1/0.0,1/647.0,6.157704034856983
2023-01-15,アイムジャグラーEX-TP,100,943,-498,1,2,1/314.3,1/943.0,1/471.5,5.222728316719094
2023-01-15,アイムジャグラーEX-TP,101,1565,-805,4,3,1/223.6,1/391.2,1/521.7,6.727309890628555
2023-01-15,アイムジャグラーEX-TP,102,1073,-735,2,0,1/536.5,1/536.5,1/0.0,5.818133076590814
2023-01-15,アイムジャグラーEX-TP,103,1412,-442,4,2,1/235.3,1/353.0,1/706.0,5.845314917997103
2023-01-15,アイムジャグラーEX-TP,104,717,-540,1,1,1/358.5,1/717.0,1/717.0,6.192341912620096
2023-01-15,アイムジャグラーEX-TP,105,720,-482,1,2,1/240.0,1/720.0,1/360.0,6.4239800035778
2023-01-15,アイムジャグラーEX-TP,106,2966,-23,10,11,1/141.2,1/296.6,1/269.6,6.059635434271864
2023-01-15,アイムジャグラーEX-TP,107,1099,-521,2,4,1/183.2,1/549.5,1/274.8,6.398259580243897
2023-01-15,アイムジャグラーEX-TP,108,3930,1621,22,10,1/122.8,1/178.6,1/393.0,6.192270470811087
2023-01-15,アイムジャグラーEX-TP,109,4401,412,18,12,1/146.7,1/244.5,1/366.8,5.994242421873337
2023-01-15,アイムジャグラーEX-TP,110,1191,-419,3,2,1/238.2,1/397.0,1/595.5,5.781626650706594
2023-01-15,アイムジャグラーEX-TP,111,1993,-1181,4,3,1/284.7,1/498.2,1/664.3,6.21067746026109
2023-01-15,アイムジャグラーEX-TP,112,1530,-1350,1,3,1/382.5,1/1530.0,1/510.0,6.177669782957868
2023-01-15,アイムジャグラーEX-TP,113,6123,383,22,25,1/130.3,1/278.3,1/244.9,6.157517999125035
2023-01-15,アイムジャグラーEX-TP,114,1680,-951,4,3,1/240.0,1/420.0,1/560.0,6.700476152586593
2023-01-15,アイムジャグラーEX-TP,115,2356,-929,6,3,1/261.8,1/392.7,1/785.3,5.8272263498271455
2023-01-15,アイムジャグラーEX-TP,116,2271,-681,7,4,1/206.5,1/324.4,1/567.8,6.219649936410857
2023-01-15,アイムジャグラーEX-TP,117,3071,-141,11,8,1/161.6,1/279.2,1/383.9,5.995528167668782
2023-01-15,アイムジャグラーEX-TP,118,1951,-316,5,6,1/177.4,1/390.2,1/325.2,5.596266409703094
2023-01-15,アイムジャグラーEX-TP,119,4739,1087,18,21,1/121.5,1/263.3,1/225.7,5.7916652108065305
2023-01-15,アイムジャグラーEX-TP,120,3501,-913,11,6,1/205.9,1/318.3,1/583.5,6.084200856205726
2023-01-15,アイムジャグラーEX-TP,121,5623,-155,24,7,1/181.4,1/234.3,1/803.3,6.107812702766646
2023-01-15,アイムジャグラーEX-TP,122,0,0,0,0,1/0.0,1/0.0,1/0.0,0.0
2023-01-15,アイムジャグラーEX-TP,123,1260,-309,4,3,1/180.0,1/315.0,1/420.0,6.355879301852058
2023-01-15,アイムジャグラーEX-TP,124,4186,-468,15,10,1/167.4,1/279.1,1/418.6,6.208037260799808
2023-01-15,アイムジャグラーEX-TP,125,5005,-270,18,13,1/161.5,1/278.1,1/385.0,6.045149962898723
2023-01-15,アイムジャグラーEX-TP,126,1794,-219,6,4,1/179.4,1/299.0,1/448.5,5.9102928243708055
2023-01-15,アイムジャグラーEX-TP,127,3529,-78,14,10,1/147.0,1/252.1,1/352.9,6.45385277637102
2023-01-15,アイムジャグラーEX-TP,128,778,63,3,3,1/129.7,1/259.3,1/259.3,6.283486013428568
2023-01-15,アイムジャグラーEX-TP,129,2853,-710,9,6,1/190.2,1/317.0,1/475.5,6.218146845341
2023-01-15,アイムジャグラーEX-TP,130,2803,-748,7,11,1/155.7,1/400.4,1/254.8,6.348126165870851
2023-01-15,アイムジャグラーEX-TP,131,7317,1707,31,26,1/128.4,1/236.0,1/281.4,5.88806434797316
2023-01-15,アイムジャグラーEX-TP,132,1590,-184,5,4,1/176.7,1/318.0,1/397.5,5.785029399046416
2023-01-15,アイムジャグラーEX-TP,157,6159,-112,21,25,1/133.9,1/293.3,1/246.4,6.314961487962826
2023-01-15,アイムジャグラーEX-TP,158,5832,766,22,23,1/129.6,1/265.1,1/253.6,5.986978752374605
2023-01-15,アイムジャグラーEX-TP,159,2904,-84,10,10,1/145.2,1/290.4,1/290.4,6.124577448445357
2023-01-15,アイムジャグラーEX-TP,160,5462,1005,22,19,1/133.2,1/248.3,1/287.5,5.8437160307927245
2023-01-15,アイムジャグラーEX-TP,161,3124,66,12,9,1/148.8,1/260.3,1/347.1,6.107196030494614
2023-01-15,アイムジャグラーEX-TP,162,1178,-103,5,0,1/235.6,1/235.6,1/0.0,5.820478171551627
2023-01-15,アイムジャグラーEX-TP,163,2353,-398,7,7,1/168.1,1/336.1,1/336.1,6.022452460377869
2023-01-15,アイムジャグラーEX-TP,164,2089,-809,5,5,1/208.9,1/417.8,1/417.8,6.09891286367286
2023-01-15,アイムジャグラーEX-TP,165,4436,-283,15,12,1/164.3,1/295.7,1/369.7,5.894157435044452
2023-01-15,アイムジャグラーEX-TP,166,5041,661,20,18,1/132.7,1/252.1,1/280.1,6.049114296148651
2023-01-15,アイムジャグラーEX-TP,167,6293,2257,33,20,1/118.7,1/190.7,1/314.6,6.315524507622168
2023-01-15,アイムジャグラーEX-TP,168,4877,-1746,14,8,1/221.7,1/348.4,1/609.6,6.187990203461168
2023-01-15,アイムジャグラーEX-TP,169,5885,619,27,11,1/154.9,1/218.0,1/535.0,6.1408723419596685
2023-01-15,アイムジャグラーEX-TP,170,1426,-206,6,2,1/178.2,1/237.7,1/713.0,6.705128209950826
2023-01-15,アイムジャグラーEX-TP,171,1774,-871,4,2,1/295.7,1/443.5,1/887.0,5.867518574797599
2023-01-15,アイムジャグラーEX-TP,172,5250,934,24,16,1/131.2,1/218.8,1/328.1,6.312296353296221
2023-01-15,アイムジャグラーEX-TP,173,2196,-857,6,3,1/244.0,1/366.0,1/732.0,6.053879694689283
2023-01-15,アイムジャグラーEX-TP,174,2881,243,13,6,1/151.6,1/221.6,1/480.2,6.2471879793608185
2023-01-15,アイムジャグラーEX-TP,175,3657,343,17,6,1/159.0,1/215.1,1/609.5,6.163938203999656
2023-01-15,アイムジャグラーEX-TP,176,4873,1533,22,19,1/118.9,1/221.5,1/256.5,5.982578921701104
2023-01-15,アイムジャグラーEX-TP,177,1359,-182,5,2,1/194.1,1/271.8,1/679.5,6.01581348871101
2023-01-15,アイムジャグラーEX-TP,178,5159,406,20,14,1/151.7,1/257.9,1/368.5,5.820251193422256
2023-01-15,マイジャグラーV,68,5791,-128,20,16,1/160.9,1/289.6,1/361.9,5.637862112999869
2023-01-15,マイジャグラーV,69,5703,803,24,16,1/142.6,1/237.6,1/356.4,5.725463433528522
2023-01-15,マイジャグラーV,70,2180,-1287,4,4,1/272.5,1/545.0,1/545.0,6.031355996153488
2023-01-15,マイジャグラーV,71,3521,-1245,9,5,1/251.5,1/391.2,1/704.2,5.593887726808758
2023-01-15,マイジャグラーV,72,6642,514,27,18,1/147.6,1/246.0,1/369.0,5.808781003146962
2023-01-15,ファンキージャグラー2,73,4565,-221,17,13,1/152.2,1/268.5,1/351.2,6.069454200342347
2023-01-15,ファンキージャグラー2,74,952,-985,0,1,1/952.0,1/0.0,1/952.0,5.738948379907532
2023-01-15,ファンキージャグラー2,75,3236,-1156,10,9,1/170.3,1/323.6,1/359.6,6.853893460504545
2023-01-15,ファンキージャグラー2,76,1563,-341,6,1,1/223.3,1/260.5,1/1563.0,6.009781467254694
2023-01-15,ファンキージャグラー2,77,2697,-413,10,3,1/207.5,1/269.7,1/899.0,5.786538675525771
2023-01-15,ファンキージャグラー2,78,2382,37,8,9,1/140.1,1/297.8,1/264.7,5.793658558564749
2023-01-15,ファンキージャグラー2,79,2988,-161,13,4,1/175.8,1/229.8,1/747.0,6.12372632435829
2023-01-15,ハッピージャグラーVIII,133,6870,17,26,22,1/143.1,1/264.2,1/312.3,6.303431069010757
2023-01-15,ハッピージャグラーVIII,134,807,-512,1,2,1/269.0,1/807.0,1/403.5,6.0991848764400185
2023-01-15,ハッピージャグラーVIII,135,3881,144,14,13,1/143.7,1/277.2,1/298.5,6.005248248100155
2023-01-15,ハッピージャグラーVIII,136,526,384,4,0,1/131.5,1/131.5,1/0.0,5.765664644938917
2023-01-15,ハッピージャグラーVIII,137,8307,2843,39,27,1/125.9,1/213.0,1/307.7,5.7714292557740405
2023-01-15,ハッピージャグラーVIII,138,2099,132,7,9,1/131.2,1/299.9,1/233.2,5.9993932724121475
2023-01-15,ハッピージャグラーVIII,139,2425,-332,6,9,1/161.7,1/404.2,1/269.4,5.73416951712529
2023-01-15,ハッピージャグラーVIII,140,1054,-593,2,4,1/175.7,1/527.0,1/263.5,7.275010047140892
2023-01-15,ハッピージャグラーVIII,141,5501,1042,26,16,1/131.0,1/211.6,1/343.8,6.357029393446108
2023-01-14,アイムジャグラーEX-TP,97,3228,218,13,10,1/140.3,1/248.3,1/322.8,6.206697207026634
2023-01-14,アイムジャグラーEX-TP,98,770,-394,1,3,1/192.5,1/770.0,1/256.7,6.064147656482574
2023-01-14,アイムジャグラーEX-TP,99,4947,904,21,18,1/126.8,1/235.6,1/274.8,6.163670840640104
2023-01-14,アイムジャグラーEX-TP,100,503,-397,1,0,1/503.0,1/503.0,1/0.0,6.453941504194356
2023-01-14,アイムジャグラーEX-TP,101,1599,-894,2,5,1/228.4,1/799.5,1/319.8,5.894839383322381
2023-01-14,アイムジャグラーEX-TP,102,3271,-861,8,12,1/163.6,1/408.9,1/272.6,6.1483016214298765
2023-01-14,アイムジャグラーEX-TP,103,5908,1409,25,23,1/123.1,1/236.3,1/256.9,6.002300217988751
2023-01-14,アイムジャグラーEX-TP,104,1770,-208,6,3,1/196.7,1/295.0,1/590.0,5.723810615599065
2023-01-14,アイムジャグラーEX-TP,105,3355,21,13,11,1/139.8,1/258.1,1/305.0,6.406471624772861
2023-01-14,アイムジャグラーEX-TP,106,4402,398,17,10,1/163.0,1/258.9,1/440.2,5.58637005909712
2023-01-14,アイムジャグラーEX-TP,107,4681,1852,24,16,1/117.0,1/195.0,1/292.6,6.105918391954932
2023-01-14,アイムジャグラーEX-TP,108,3180,-588,9,11,1/159.0,1/353.3,1/289.1,6.140392544868312
2023-01-14,アイムジャグラーEX-TP,109,2542,715,13,7,1/127.1,1/195.5,1/363.1,6.337197544657547
2023-01-14,アイムジャグラーEX-TP,110,5664,-922,22,7,1/195.3,1/257.5,1/809.1,6.289704104179621
2023-01-14,アイムジャグラーEX-TP,111,1967,-671,5,6,1/178.8,1/393.4,1/327.8,6.359379015529978
2023-01-14,アイムジャグラーEX-TP,112,4001,1141,19,13,1/125.0,1/210.6,1/307.8,6.10279690831485
2023-01-14,アイムジャグラーEX-TP,113,3680,164,15,10,1/147.2,1/245.3,1/368.0,6.201854000435983
2023-01-14,アイムジャグラーEX-TP,114,3918,296,17,8,1/156.7,1/230.5,1/489.8,6.0641849869260165
2023-01-14,アイムジャグラーEX-TP,115,2071,-635,5,4,1/230.1,1/414.2,1/517.8,5.589930826023079
2023-01-14,アイムジャグラーEX-TP,116,6064,1594,29,13,1/144.4,1/209.1,1/466.5,5.774390854614226
2023-01-14,アイムジャグラーEX-TP,117,1709,-437,5,3,1/213.6,1/341.8,1/569.7,5.837997582542932
2023-01-14,アイムジャグラーEX-TP,118,7346,3032,34,31,1/113.0,1/216.1,1/237.0,5.812980036243527
2023-01-14,アイムジャグラーEX-TP,119,959,-617,1,2,1/319.7,1/959.0,1/479.5,5.616772913871093
2023-01-14,アイムジャグラーEX-TP,120,5296,-762,17,16,1/160.5,1/311.5,1/331.0,6.200740133736711
2023-01-14,アイムジャグラーEX-TP,121,3915,-421,15,8,1/170.2,1/261.0,1/489.4,6.331592536224917
2023-01-14,アイムジャグラーEX-TP,122,0,0,0,0,1/0.0,1/0.0,1/0.0,0.0
2023-01-14,アイムジャグラーEX-TP,123,6242,597,27,18,1/138.7,1/231.2,1/346.8,6.336634917743484
2023-01-14,アイムジャグラーEX-TP,124,4106,-511,12,15,1/152.1,1/342.2,1/273.7,6.053221557388351
2023-01-14,アイムジャグラーEX-TP,125,3497,-762,10,10,1/174.8,1/349.7,1/349.7,6.06258263454426
2023-01-14,アイムジャグラーEX-TP,126,1922,-459,5,6,1/174.7,1/384.4,1/320.3,5.976644504675947
2023-01-14,アイムジャグラーEX-TP,127,1592,353,7,4,1/144.7,1/227.4,1/398.0,5.6899425226453095
2023-01-14,アイムジャグラーEX-TP,128,6303,1195,30,14,1/143.2,1/210.1,1/450.2,6.104599774768064
2023-01-14,アイムジャグラーEX-TP,129,4099,531,18,11,1/141.3,1/227.7,1/372.6,6.158892731155798
2023-01-14,アイムジャグラーEX-TP,130,2476,-1089,5,8,1/190.5,1/495.2,1/309.5,6.282529247825201
2023-01-14,アイムジャグラーEX-TP,131,3206,-834,8,11,1/168.7,1/400.8,1/291.5,6.086315303519665
2023-01-14,アイムジャグラーEX-TP,132,4726,596,21,13,1/139.0,1/225.0,1/363.5,6.269629572083588
2023-01-14,アイムジャグラーEX-TP,157,6255,-207,23,15,1/164.6,1/272.0,1/417.0,5.957042438427467
2023-01-14,アイムジャグラーEX-TP,158,3431,-38,13,9,1/156.0,1/263.9,1/381.2,6.081761780209489
2023-01-14,アイムジャグラーEX-TP,159,1658,-991,3,4,1/236.9,1/552.7,1/414.5,6.419499916310319
2023-01-14,アイムジャグラーEX-TP,160,5165,-1127,13,20,1/156.5,1/397.3,1/258.2,6.111953353666673
2023-01-14,アイムジャグラーEX-TP,161,608,-39,3,0,1/202.7,1/202.7,1/0.0,6.533519696251511
2023-01-14,アイムジャグラーEX-TP,162,3938,1331,21,8,1/135.8,1/187.5,1/492.2,6.00159165624529
2023-01-14,アイムジャグラーEX-TP,163,2306,-130,9,5,1/164.7,1/256.2,1/461.2,6.226530018544043
2023-01-14,アイムジャグラーEX-TP,164,2020,-1139,3,5,1/252.5,1/673.3,1/404.0,5.901673445800141
2023-01-14,アイムジャグラーEX-TP,165,1633,-749,3,5,1/204.1,1/544.3,1/326.6,6.076995420334572
2023-01-14,アイムジャグラーEX-TP,166,3413,368,14,10,1/142.2,1/243.8,1/341.3,6.031159305094526
2023-01-14,アイムジャグラーEX-TP,167,4095,-862,11,13,1/170.6,1/372.3,1/315.0,5.967788805273456
2023-01-14,アイムジャグラーEX-TP,168,4897,-466,17,13,1/163.2,1/288.1,1/376.7,6.115819305352329
2023-01-14,アイムジャグラーEX-TP,169,5376,1175,25,16,1/131.1,1/215.0,1/336.0,6.177536681738239
2023-01-14,アイムジャグラーEX-TP,170,737,-279,2,0,1/368.5,1/368.5,1/0.0,5.449813722852792
2023-01-14,アイムジャグラーEX-TP,171,2190,-463,6,8,1/156.4,1/365.0,1/273.8,6.247056538143701
2023-01-14,アイムジャグラーEX-TP,172,4725,-319,13,21,1/139.0,1/363.5,1/225.0,5.94263751231761
2023-01-14,アイムジャグラーEX-TP,173,2759,-688,6,9,1/183.9,1/459.8,1/306.6,5.626471506347134
2023-01-14,アイムジャグラーEX-TP,174,2370,189,9,7,1/148.1,1/263.3,1/338.6,5.82825389939696
2023-01-14,アイムジャグラーEX-TP,175,4654,-399,17,8,1/186.2,1/273.8,1/581.8,5.877606535059892
2023-01-14,アイムジャグラーEX-TP,176,1700,-118,7,2,1/188.9,1/242.9,1/850.0,6.096210756763879
2023-01-14,アイムジャグラーEX-TP,177,2610,-416,8,7,1/174.0,1/326.2,1/372.9,5.9552242432843725
2023-01-14,アイムジャグラーEX-TP,178,3565,-280,13,9,1/162.0,1/274.2,1/396.1,6.186603582399226
2023-01-14,マイジャグラーV,68,3916,26,15,10,1/156.6,1/261.1,1/391.6,5.807605838444284
2023-01-14,マイジャグラーV,69,5310,-1259,15,16,1/171.3,1/354.0,1/331.9,6.012428828333734
2023-01-14,マイジャグラーV,70,4347,-21,19,8,1/161.0,1/228.8,1/543.4,6.1317502062708185
2023-01-14,マイジャグラーV,71,4812,-1806,11,16,1/178.2,1/437.5,1/300.8,6.193886846066833
2023-01-14,マイジャグラーV,72,5083,-1146,16,12,1/181.5,1/317.7,1/423.6,6.028150749469068
2023-01-14,ファンキージャグラー2,73,6251,1382,30,18,1/130.2,1/208.4,1/347.3,6.027308717588225
2023-01-14,ファンキージャグラー2,74,1000,-666,1,3,1/250.0,1/1000.0,1/333.3,5.980414143679449
2023-01-14,ファンキージャグラー2,75,1600,-861,3,5,1/200.0,1/533.3,1/320.0,6.4291885158620135
2023-01-14,ファンキージャグラー2,76,1176,-597,2,3,1/235.2,1/588.0,1/392.0,5.83441426276148
2023-01-14,ファンキージャグラー2,77,2008,-326,7,2,1/223.1,1/286.9,1/1004.0,5.565449534080686
2023-01-14,ファンキージャグラー2,78,1271,-1136,1,2,1/423.7,1/1271.0,1/635.5,6.16905055047916
2023-01-14,ファンキージャグラー2,79,3280,479,14,9,1/142.6,1/234.3,1/364.4,5.74633857058952
2023-01-14,ハッピージャグラーVIII,133,5626,-12,21,17,1/148.1,1/267.9,1/330.9,6.181086441301831
2023-01-14,ハッピージャグラーVIII,134,2617,26,10,8,1/145.4,1/261.7,1/327.1,6.241456789881279
2023-01-14,ハッピージャグラーVIII,135,2434,-272,8,6,1/173.9,1/304.2,1/405.7,5.9488272543296565
2023-01-14,ハッピージャグラーVIII,136,3030,-41,14,2,1/189.4,1/216.4,1/1515.0,6.172479551751683
2023-01-14,ハッピージャグラーVIII,137,1518,-185,6,2,1/189.8,1/253.0,1/759.0,6.22611055632328
2023-01-14,ハッピージャグラーVIII,138,3326,-5,12,9,1/158.4,1/277.2,1/369.6,5.903996420679982
2023-01-14,ハッピージャグラーVIII,139,3008,-1400,4,12,1/188.0,1/752.0,1/250.7,6.086693290553808
2023-01-14,ハッピージャグラーVIII,140,4378,-620,12,15,1/162.1,1/364.8,1/291.9,5.909375116313827
2023-01-14,ハッピージャグラーVIII,141,4599,880,21,16,1/124.3,1/219.0,1/287.4,6.429919945644177
2023-01-13,アイムジャグラーEX-TP,97,1004,694,8,0,1/125.5,1/125.5,1/0.0,6.570501745502216
2023-01-13,アイムジャグラーEX-TP,98,1414,121,5,5,1/141.4,1/282.8,1/282.8,5.761010313349255
2023-01-13,アイムジャグラーEX-TP,99,329,44,1,2,1/109.7,1/329.0,1/164.5,6.063576135017595
2023-01-13,アイムジャグラーEX-TP,100,5315,979,21,19,1/132.9,1/253.1,1/279.7,5.800010825231869
2023-01-13,アイムジャグラーEX-TP,101,4893,36,16,18,1/143.9,1/305.8,1/271.8,5.866405509112279
2023-01-13,アイムジャグラーEX-TP,102,4158,1741,21,15,1/115.5,1/198.0,1/277.2,5.994858781427161
2023-01-13,アイムジャグラーEX-TP,103,1365,632,8,3,1/124.1,1/170.6,1/455.0,6.109409452845317
2023-01-13,アイムジャグラーEX-TP,104,965,-790,1,3,1/241.2,1/965.0,1/321.7,6.937275527017273
2023-01-13,アイムジャグラーEX-TP,105,950,-168,3,2,1/190.0,1/316.7,1/475.0,5.8930534856635965
2023-01-13,アイムジャグラーEX-TP,106,4055,-893,9,18,1/150.2,1/450.6,1/225.3,6.025721583874663
2023-01-13,アイムジャグラーEX-TP,107,1386,184,6,4,1/138.6,1/231.0,1/346.5,6.1608504711805985
2023-01-13,アイムジャグラーEX-TP,108,3287,67,11,12,1/142.9,1/298.8,1/273.9,5.8816716107958875
2023-01-13,アイムジャグラーEX-TP,109,2683,-310,8,7,1/178.9,1/335.4,1/383.3,5.6532820420725125
2023-01-13,アイムジャグラーEX-TP,110,3535,-1276,7,10,1/207.9,1/505.0,1/353.5,5.712714458088433
2023-01-13,アイムジャグラーEX-TP,111,580,-253,1,3,1/145.0,1/580.0,1/193.3,6.859586627117602
2023-01-13,アイムジャグラーEX-TP,112,7863,1766,32,38,1/112.3,1/245.7,1/206.9,6.2987898873493116
2023-01-13,アイムジャグラーEX-TP,113,32,-48,0,0,1/0.0,1/0.0,1/0.0,7.77967947720554
2023-01-13,アイムジャグラーEX-TP,114,2911,-296,10,7,1/171.2,1/291.1,1/415.9,5.994816285858541
2023-01-13,アイムジャグラーEX-TP,115,8392,1066,29,40,1/121.6,1/289.4,1/209.8,6.001030744248733
2023-01-13,アイムジャグラーEX-TP,116,1196,-511,2,5,1/170.9,1/598.0,1/239.2,6.2367973232249945
2023-01-13,アイムジャグラーEX-TP,117,1381,43,6,2,1/172.6,1/230.2,1/690.5,6.015430865145278
2023-01-13,アイムジャグラーEX-TP,118,3217,-1256,7,13,1/160.8,1/459.6,1/247.5,6.631954832285139
2023-01-13,アイムジャグラーEX-TP,119,5315,557,23,14,1/143.6,1/231.1,1/379.6,6.177744579261596
2023-01-13,アイムジャグラーEX-TP,120,2241,-874,3,8,1/203.7,1/747.0,1/280.1,5.472168140167793
2023-01-13,アイムジャグラーEX-TP,121,2268,-715,5,8,1/174.5,1/453.6,1/283.5,6.046025448702127
2023-01-13,アイムジャグラーEX-TP,122,0,0,0,0,1/0.0,1/0.0,1/0.0,0.0
2023-01-13,アイムジャグラーEX-TP,123,3426,-1214,10,4,1/244.7,1/342.6,1/856.5,6.017752475191526
2023-01-13,アイムジャグラーEX-TP,124,1124,-966,2,0,1/562.0,1/562.0,1/0.0,6.547580698058315
2023-01-13,アイムジャグラーEX-TP,125,3696,341,16,11,1/136.9,1/231.0,1/336.0,6.4028816848116
2023-01-13,アイムジャグラーEX-TP,126,157,-216,0,0,1/0.0,1/0.0,1/0.0,6.941288196980496
2023-01-13,アイムジャグラーEX-TP,127,3762,-305,12,14,1/144.7,1/313.5,1/268.7,6.195091228399641
2023-01-13,アイムジャグラーEX-TP,128,2063,912,11,4,1/137.5,1/187.5,1/515.8,5.532362213810542
2023-01-13,アイムジャグラーEX-TP,129,636,-720,0,1,1/636.0,1/0.0,1/636.0,6.418071351394553
2023-01-13,アイムジャグラーEX-TP,130,1483,-267,5,4,1/164.8,1/296.6,1/370.8,6.429486117577569
2023-01-13,アイムジャグラーEX-TP,131,4059,-976,11,11,1/184.5,1/369.0,1/369.0,5.931012115308694
2023-01-13,アイムジャグラーEX-TP,132,5892,-410,20,19,1/151.1,1/294.6,1/310.1,6.159868471544373
2023-01-13,アイムジャグラーEX-TP,157,4464,106,17,12,1/153.9,1/262.6,1/372.0,5.973733957483259
2023-01-13,アイムジャグラーEX-TP,158,1021,-666,2,1,1/340.3,1/510.5,1/1021.0,6.198845484760342
2023-01-13,アイムジャグラーEX-TP,159,5169,-478,17,18,1/147.7,1/304.1,1/287.2,6.260582598019691
2023-01-13,アイムジャグラーEX-TP,160,899,225,4,3,1/128.4,1/224.8,1/299.7,5.9575400356299335
2023-01-13,アイムジャグラーEX-TP,161,6604,1516,28,24,1/127.0,1/235.9,1/275.2,5.941503576112189
2023-01-13,アイムジャグラーEX-TP,162,818,-161,3,3,1/136.3,1/272.7,1/272.7,7.542074727023917
2023-01-13,アイムジャグラーEX-TP,163,1635,-252,6,3,1/181.7,1/272.5,1/545.0,6.262708558249797
2023-01-13,アイムジャグラーEX-TP,164,1925,232,8,5,1/148.1,1/240.6,1/385.0,5.894136711821878
2023-01-13,アイムジャグラーEX-TP,165,2598,-300,8,8,1/162.4,1/324.8,1/324.8,5.944101831112829
2023-01-13,アイムジャグラーEX-TP,166,1964,-748,5,6,1/178.5,1/392.8,1/327.3,6.57441486117691
2023-01-13,アイムジャグラーEX-TP,167,3504,601,16,12,1/125.1,1/219.0,1/292.0,6.523266989126549
2023-01-13,アイムジャグラーEX-TP,168,4897,-711,15,16,1/158.0,1/326.5,1/306.1,6.142910439715098
2023-01-13,アイムジャグラーEX-TP,169,3050,-310,8,14,1/138.6,1/381.2,1/217.9,6.0129979329087435
2023-01-13,アイムジャグラーEX-TP,170,7551,1697,34,25,1/128.0,1/222.1,1/302.0,6.1237186285020995
2023-01-13,アイムジャグラーEX-TP,171,636,-473,1,0,1/636.0,1/636.0,1/0.0,5.757209252559446
2023-01-13,アイムジャグラーEX-TP,172,1354,429,8,2,1/135.4,1/169.2,1/677.0,6.557514878148877
2023-01-13,アイムジャグラーEX-TP,173,952,1146,9,1,1/95.2,1/105.8,1/952.0,6.365441323669451
2023-01-13,アイムジャグラーEX-TP,174,6214,2302,29,26,1/113.0,1/214.3,1/239.0,6.025528634686094
2023-01-13,アイムジャグラーEX-TP,175,939,-140,3,2,1/187.8,1/313.0,1/469.5,5.823966969982257
2023-01-13,アイムジャグラーEX-TP,176,998,-831,1,2,1/332.7,1/998.0,1/499.0,6.384577930458896
2023-01-13,アイムジャグラーEX-TP,177,828,-221,3,2,1/165.6,1/276.0,1/414.0,7.136401014713484
2023-01-13,アイムジャグラーEX-TP,178,5160,-790,14,18,1/161.2,1/368.6,1/286.7,5.876883393066462
2023-01-13,マイジャグラーV,68,8816,1262,36,33,1/127.8,1/244.9,1/267.2,5.969410252804727
2023-01-13,マイジャグラーV,69,2865,-40,11,7,1/159.2,1/260.5,1/409.3,5.859691901643742
2023-01-13,マイジャグラーV,70,5563,564,24,17,1/135.7,1/231.8,1/327.2,6.113112590931055
2023-01-13,マイジャグラーV,71,3736,67,15,11,1/143.7,1/249.1,1/339.6,6.11887242873262
2023-01-13,マイジャグラーV,72,6766,1225,25,31,1/120.8,1/270.6,1/218.3,5.750610419625446
2023-01-13,ファンキージャグラー2,73,3357,37,12,11,1/146.0,1/279.8,1/305.2,5.829268715678351
2023-01-13,ファンキージャグラー2,74,1352,-427,4,3,1/193.1,1/338.0,1/450.7,6.183919932873366
2023-01-13,ファンキージャグラー2,75,485,-100,2,0,1/242.5,1/242.5,1/0.0,5.988398250091254
2023-01-13,ファンキージャグラー2,76,1462,-213,5,4,1/162.4,1/292.4,1/365.5,6.134128252580074
2023-01-13,ファンキージャグラー2,77,1470,-293,5,2,1/210.0,1/294.0,1/735.0,5.77195194555518
2023-01-13,ファンキージャグラー2,78,758,148,4,0,1/189.5,1/189.5,1/0.0,5.474136600290353
2023-01-13,ファンキージャグラー2,79,1449,353,8,1,1/161.0,1/181.1,1/1449.0,5.773379034934271
2023-01-13,ハッピージャグラーVIII,133,6013,-681,17,25,1/143.2,1/353.7,1/240.5,6.194463797135997
2023-01-13,ハッピージャグラーVIII,134,483,-175,1,2,1/161.0,1/483.0,1/241.5,6.528296295445281
2023-01-13,ハッピージャグラーVIII,135,3816,663,15,14,1/131.6,1/254.4,1/272.6,5.879220836846076
2023-01-13,ハッピージャグラーVIII,136,2165,-1149,5,3,1/270.6,1/433.0,1/721.7,6.3321462996337265
2023-01-13,ハッピージャグラーVIII,137,3879,-310,13,14,1/143.7,1/298.4,1/277.1,6.3915192333505315
2023-01-13,ハッピージャグラーVIII,138,2220,-699,7,4,1/201.8,1/317.1,1/555.0,6.4662564089120735
2023-01-13,ハッピージャグラーVIII,139,821,-399,2,1,1/273.7,1/410.5,1/821.0,6.1832398614118285
2023-01-13,ハッピージャグラーVIII,140,1571,492,7,7,1/112.2,1/224.4,1/224.4,6.158516228802597
2023-01-13,ハッピージャグラーVIII,141,5058,-598,15,18,1/153.3,1/337.2,1/281.0,6.103851088962092
2023-01-12,アイムジャグラーEX-TP,97,3919,906,19,7,1/150.7,1/206.3,1/559.9,5.834030742409365
2023-01-12,アイムジャグラーEX-TP,98,1078,-244,3,3,1/179.7,1/359.3,1/359.3,5.980462417342852
2023-01-12,アイムジャグラーEX-TP,99,1284,-591,3,3,1/214.0,1/428.0,1/428.0,6.3569750423377505
2023-01-12,アイムジャグラーEX-TP,100,717,-220,2,2,1/179.2,1/358.5,1/358.5,6.374711404278684
2023-01-12,アイムジャグラーEX-TP,101,2656,-165,9,8,1/156.2,1/295.1,1/332.0,6.024438124177778
2023-01-12,アイムジャグラーEX-TP,102,441,-230,1,1,1/220.5,1/441.0,1/441.0,6.551664405030133
2023-01-12,アイムジャグラーEX-TP,103,367,-249,1,0,1/367.0,1/367.0,1/0.0,6.865532650284544
2023-01-12,アイムジャグラーEX-TP,104,2622,-312,7,10,1/154.2,1/374.6,1/262.2,5.8169635836116305
2023-01-12,アイムジャグラーEX-TP,105,1329,-98,5,2,1/189.9,1/265.8,1/664.5,5.85660157319159
2023-01-12,アイムジャグラーEX-TP,106,1770,-381,6,2,1/221.2,1/295.0,1/885.0,5.909537994322837
2023-01-12,アイムジャグラーEX-TP,107,692,-553,1,0,1/692.0,1/692.0,1/0.0,5.856048015531728
2023-01-12,アイムジャグラーEX-TP,108,811,-162,3,0,1/270.3,1/270.3,1/0.0,5.71772259231531
2023-01-12,アイムジャグラーEX-TP,109,498,-352,1,0,1/498.0,1/498.0,1/0.0,6.074528611090747
2023-01-12,アイムジャグラーEX-TP,110,4690,-92,17,14,1/151.3,1/275.9,1/335.0,6.0898504850812625
2023-01-12,アイムジャグラーEX-TP,111,1006,-436,3,3,1/167.7,1/335.3,1/335.3,7.53565164734888
2023-01-12,アイムジャグラーEX-TP,112,2680,-59,9,10,1/141.1,1/297.8,1/268.0,6.120210293166066
2023-01-12,アイムジャグラーEX-TP,113,3191,-750,8,11,1/167.9,1/398.9,1/290.1,5.992320702994803
2023-01-12,アイムジャグラーEX-TP,114,3399,1715,16,22,1/89.4,1/212.4,1/154.5,6.484692595999682
2023-01-12,アイムジャグラーEX-TP,115,4269,-767,11,17,1/152.5,1/388.1,1/251.1,6.051673037390976
2023-01-12,アイムジャグラーEX-TP,116,3609,2318,22,13,1/103.1,1/164.0,1/277.6,6.173244855744745
2023-01-12,アイムジャグラーEX-TP,117,5194,257,20,15,1/148.4,1/259.7,1/346.3,5.991339365530082
2023-01-12,アイムジャグラーEX-TP,118,1262,-523,3,3,1/210.3,1/420.7,1/420.7,6.200560723290003
2023-01-12,アイムジャグラーEX-TP,119,2499,-1034,5,9,1/178.5,1/499.8,1/277.7,6.30508974395785
2023-01-12,アイムジャグラーEX-TP,120,2391,-632,8,3,1/217.4,1/298.9,1/797.0,6.1357582315199934
2023-01-12,アイムジャグラーEX-TP,121,4914,877,21,18,1/126.0,1/234.0,1/273.0,6.22970172951302
2023-01-12,アイムジャグラーEX-TP,122,0,0,0,0,1/0.0,1/0.0,1/0.0,0.0
2023-01-12,アイムジャグラーEX-TP,123,2198,-973,7,2,1/244.2,1/314.0,1/1099.0,6.673251467697864
2023-01-12,アイムジャグラーEX-TP,124,4406,1118,20,11,1/142.1,1/220.3,1/400.5,5.698923344552986
2023-01-12,アイムジャグラーEX-TP,125,973,284,6,0,1/162.2,1/162.2,1/0.0,6.294906198134146
2023-01-12,アイムジャグラーEX-TP,126,5006,631,20,17,1/135.3,1/250.3,1/294.5,6.028129738790639
2023-01-12,アイムジャグラーEX-TP,127,1422,303,6,5,1/129.3,1/237.0,1/284.4,5.941956114517289
2023-01-12,アイムジャグラーEX-TP,128,1691,-534,4,5,1/187.9,1/422.8,1/338.2,5.985472257123712
2023-01-12,アイムジャグラーEX-TP,129,2901,-339,9,7,1/181.3,1/322.3,1/414.4,5.705496771172644
2023-01-12,アイムジャグラーEX-TP,130,1569,-1044,1,6,1/224.1,1/1569.0,1/261.5,5.9766189638005445
2023-01-12,アイムジャグラーEX-TP,131,2459,-31,9,7,1/153.7,1/273.2,1/351.3,6.037802783900974
2023-01-12,アイムジャグラーEX-TP,132,3265,-371,12,8,1/163.2,1/272.1,1/408.1,6.359927896143644
2023-01-12,アイムジャグラーEX-TP,157,3236,-1957,6,4,1/323.6,1/539.3,1/809.0,5.970282090662904
2023-01-12,アイムジャグラーEX-TP,158,1637,-651,5,1,1/272.8,1/327.4,1/1637.0,6.13005344642689
2023-01-12,アイムジャグラーEX-TP,159,2100,-1779,2,3,1/420.0,1/1050.0,1/700.0,6.126418648818367
2023-01-12,アイムジャグラーEX-TP,160,1870,-153,7,4,1/170.0,1/267.1,1/467.5,6.1432113982524035
2023-01-12,アイムジャグラーEX-TP,161,5430,-668,13,27,1/135.8,1/417.7,1/201.1,6.014306739833716
2023-01-12,アイムジャグラーEX-TP,162,308,-180,1,0,1/308.0,1/308.0,1/0.0,7.091207432322137
2023-01-12,アイムジャグラーEX-TP,163,7054,3483,39,20,1/119.6,1/180.9,1/352.7,5.869761476076424
2023-01-12,アイムジャグラーEX-TP,164,239,-226,0,0,1/0.0,1/0.0,1/0.0,5.054610947229862
2023-01-12,アイムジャグラーEX-TP,165,3305,-33,12,9,1/157.4,1/275.4,1/367.2,5.9404415464596
2023-01-12,アイムジャグラーEX-TP,166,2759,-408,8,10,1/153.3,1/344.9,1/275.9,6.122378422634772
2023-01-12,アイムジャグラーEX-TP,167,3118,804,15,8,1/135.6,1/207.9,1/389.8,6.001128204403738
2023-01-12,アイムジャグラーEX-TP,168,6770,708,23,36,1/114.7,1/294.3,1/188.1,6.28526730095257
2023-01-12,アイムジャグラーEX-TP,169,4267,-698,13,11,1/177.8,1/328.2,1/387.9,5.909622960238306
2023-01-12,アイムジャグラーEX-TP,170,2227,-482,8,3,1/202.5,1/278.4,1/742.3,6.245051735921075
2023-01-12,アイムジャグラーEX-TP,171,775,333,5,0,1/155.0,1/155.0,1/0.0,5.983412436619257
2023-01-12,アイムジャグラーEX-TP,172,4729,603,19,16,1/135.1,1/248.9,1/295.6,6.041833584190588
2023-01-12,アイムジャグラーEX-TP,173,2729,-691,8,8,1/170.6,1/341.1,1/341.1,6.352448064488916
2023-01-12,アイムジャグラーEX-TP,174,4788,1702,20,22,1/114.0,1/239.4,1/217.6,5.728046835803241
2023-01-12,アイムジャグラーEX-TP,175,2756,-1217,5,8,1/212.0,1/551.2,1/344.5,5.906558206312864
2023-01-12,アイムジャグラーEX-TP,176,1119,-355,3,2,1/223.8,1/373.0,1/559.5,5.851209545409126
2023-01-12,アイムジャグラーEX-TP,177,2533,-1329,4,7,1/230.3,1/633.2,1/361.9,5.953898025028796
2023-01-12,アイムジャグラーEX-TP,178,1666,-1181,2,3,1/333.2,1/833.0,1/555.3,5.942224387167092
2023-01-12,マイジャグラーV,68,4686,2066,24,16,1/117.2,1/195.2,1/292.9,5.630465907926941
2023-01-12,マイジャグラーV,69,3124,-560,12,5,1/183.8,1/260.3,1/624.8,6.250928997800499
2023-01-12,マイジャグラーV,70,5197,-125,17,16,1/157.5,1/305.7,1/324.8,5.591994434270831
2023-01-12,マイジャグラーV,71,6143,624,27,11,1/161.7,1/227.5,1/558.5,5.67381402713799
2023-01-12,マイジャグラーV,72,2729,-1326,5,7,1/227.4,1/545.8,1/389.9,5.873844125369045
2023-01-12,ファンキージャグラー2,73,6806,1418,29,24,1/128.4,1/234.7,1/283.6,5.789826039589488
2023-01-12,ファンキージャグラー2,74,1373,436,7,3,1/137.3,1/196.1,1/457.7,5.640326196126322
2023-01-12,ファンキージャグラー2,75,2229,916,13,5,1/123.8,1/171.5,1/445.8,6.012193707945283
2023-01-12,ファンキージャグラー2,76,2220,778,13,6,1/116.8,1/170.8,1/370.0,6.553592593849955
2023-01-12,ファンキージャグラー2,77,1951,-224,7,5,1/162.6,1/278.7,1/390.2,6.1004645037820495
2023-01-12,ファンキージャグラー2,78,1873,-575,7,3,1/187.3,1/267.6,1/624.3,6.808572203240605
2023-01-12,ファンキージャグラー2,79,1494,-693,4,5,1/166.0,1/373.5,1/298.8,7.2364972301870925
2023-01-12,ハッピージャグラーVIII,133,874,-577,2,1,1/291.3,1/437.0,1/874.0,6.884043059925634
2023-01-12,ハッピージャグラーVIII,134,4288,458,20,8,1/153.1,1/214.4,1/536.0,6.198853674671207
2023-01-12,ハッピージャグラーVIII,135,1455,274,7,4,1/132.3,1/207.9,1/363.8,6.388105391665223
2023-01-12,ハッピージャグラーVIII,136,4040,1846,19,21,1/101.0,1/212.6,1/192.4,6.095339253154979
2023-01-12,ハッピージャグラーVIII,137,1151,643,6,5,1/104.6,1/191.8,1/230.2,5.823700373398617
2023-01-12,ハッピージャグラーVIII,138,3614,-339,12,10,1/164.3,1/301.2,1/361.4,6.034139219563232
2023-01-12,ハッピージャグラーVIII,139,1094,-1009,2,1,1/364.7,1/547.0,1/1094.0,7.749602824000602
2023-01-12,ハッピージャグラーVIII,140,680,-361,2,0,1/340.0,1/340.0,1/0.0,6.428709861924546
2023-01-12,ハッピージャグラーVIII,141,4299,1258,20,14,1/126.4,1/214.9,1/307.1,5.942965673618967
2023-01-11,アイムジャグラーEX-TP,97,2206,150,8,7,1/147.1,1/275.8,1/315.1,5.78485646777241
2023-01-11,アイムジャグラーEX-TP,98,1487,73,8,2,1/148.7,1/185.9,1/743.5,7.288716194841157
2023-01-11,アイムジャグラーEX-TP,99,5175,1475,26,15,1/126.2,1/199.0,1/345.0,6.274813172742575
2023-01-11,アイムジャグラーEX-TP,100,362,-423,0,0,1/0.0,1/0.0,1/0.0,5.8831674453466745
2023-01-11,アイムジャグラーEX-TP,101,1904,28,7,5,1/158.7,1/272.0,1/380.8,5.842907538811452
2023-01-11,アイムジャグラーEX-TP,102,2101,1540,14,4,1/116.7,1/150.1,1/525.2,5.690874616191003
2023-01-11,アイムジャグラーEX-TP,103,1071,-241,3,4,1/153.0,1/357.0,1/267.8,6.432042646784949
2023-01-11,アイムジャグラーEX-TP,104,627,-277,1,3,1/156.8,1/627.0,1/209.0,6.503671722035352
2023-01-11,アイムジャグラーEX-TP,105,5557,923,25,16,1/135.5,1/222.3,1/347.3,6.202334066552573
2023-01-11,アイムジャグラーEX-TP,106,1262,435,6,5,1/114.7,1/210.3,1/252.4,6.148637314345379
2023-01-11,アイムジャグラーEX-TP,107,1984,481,10,3,1/152.6,1/198.4,1/661.3,5.880834086049466
2023-01-11,アイムジャグラーEX-TP,108,2260,-194,8,5,1/173.8,1/282.5,1/452.0,5.95961464498826
2023-01-11,アイムジャグラーEX-TP,109,2438,-745,5,7,1/203.2,1/487.6,1/348.3,5.578876898397073
2023-01-11,アイムジャグラーEX-TP,110,6537,661,24,23,1/139.1,1/272.4,1/284.2,5.831479970293619
2023-01-11,アイムジャグラーEX-TP,111,2039,-1166,3,8,1/185.4,1/679.7,1/254.9,6.5947185780661215
2023-01-11,アイムジャグラーEX-TP,112,1701,-434,5,4,1/189.0,1/340.2,1/425.2,6.103823343797868
2023-01-11,アイムジャグラーEX-TP,113,3070,-115,12,7,1/161.6,1/255.8,1/438.6,6.1938986869842685
2023-01-11,アイムジャグラーEX-TP,114,1960,-616,5,4,1/217.8,1/392.0,1/490.0,5.802556470198321
2023-01-11,アイムジャグラーEX-TP,115,2360,-1291,5,5,1/236.0,1/472.0,1/472.0,6.4144919681591155
2023-01-11,アイムジャグラーEX-TP,116,3528,-210,12,12,1/147.0,1/294.0,1/294.0,6.20047005468224
2023-01-11,アイムジャグラーEX-TP,117,3207,1385,15,16,1/103.5,1/213.8,1/200.4,6.107739263638995
2023-01-11,アイムジャグラーEX-TP,118,2527,-596,7,8,1/168.5,1/361.0,1/315.9,6.177890033215143
2023-01-11,アイムジャグラーEX-TP,119,976,-374,2,3,1/195.2,1/488.0,1/325.3,5.981352765048848
2023-01-11,アイムジャグラーEX-TP,120,5212,-1502,15,13,1/186.1,1/347.5,1/400.9,6.25258314939878
2023-01-11,アイムジャグラーEX-TP,121,7197,-1107,22,23,1/159.9,1/327.1,1/312.9,6.1440162007386085
2023-01-11,アイムジャグラーEX-TP,122,0,0,0,0,1/0.0,1/0.0,1/0.0,0.0
2023-01-11,アイムジャグラーEX-TP,123,576,-473,0,1,1/576.0,1/0.0,1/576.0,5.188825036513204
2023-01-11,アイムジャグラーEX-TP,124,6539,1733,31,25,1/116.8,1/210.9,1/261.6,6.461714278667145
2023-01-11,アイムジャグラーEX-TP,125,808,-258,2,2,1/202.0,1/404.0,1/404.0,5.920050595917568
2023-01-11,アイムジャグラーEX-TP,126,2713,-1093,8,3,1/246.6,1/339.1,1/904.3,6.253705862419347
2023-01-11,アイムジャグラーEX-TP,127,2074,158,8,6,1/148.1,1/259.2,1/345.7,5.883196258264486
2023-01-11,アイムジャグラーEX-TP,128,4069,-789,12,9,1/193.8,1/339.1,1/452.1,5.785495797581641
2023-01-11,アイムジャグラーEX-TP,129,4523,-183,19,8,1/167.5,1/238.1,1/565.4,6.329369265548414
2023-01-11,アイムジャグラーEX-TP,130,1389,-993,3,0,1/463.0,1/463.0,1/0.0,6.295442249379192
2023-01-11,アイムジャグラーEX-TP,131,2060,-732,4,7,1/187.3,1/515.0,1/294.3,5.876083385046194
2023-01-11,アイムジャグラーEX-TP,132,5728,-1836,16,13,1/197.5,1/358.0,1/440.6,6.202518263562998
2023-01-11,アイムジャグラーEX-TP,157,6301,1748,30,21,1/123.5,1/210.0,1/300.0,6.1917205287884585
2023-01-11,アイムジャグラーEX-TP,158,1796,-231,6,4,1/179.6,1/299.3,1/449.0,5.933848688312175
2023-01-11,アイムジャグラーEX-TP,159,1390,-629,2,4,1/231.7,1/695.0,1/347.5,5.554820685193125
2023-01-11,アイムジャグラーEX-TP,160,3224,-798,10,8,1/179.1,1/322.4,1/403.0,6.323422754193455
2023-01-11,アイムジャグラーEX-TP,161,2480,-1375,5,6,1/225.5,1/496.0,1/413.3,6.467842240460551
2023-01-11,アイムジャグラーEX-TP,162,3327,-1390,8,6,1/237.6,1/415.9,1/554.5,5.994296715849687
2023-01-11,アイムジャグラーEX-TP,163,4937,-237,17,14,1/159.3,1/290.4,1/352.6,5.947685927920865
2023-01-11,アイムジャグラーEX-TP,164,4747,-414,19,11,1/158.2,1/249.8,1/431.5,6.5856980502809925
2023-01-11,アイムジャグラーEX-TP,165,3208,443,15,11,1/123.4,1/213.9,1/291.6,6.866896639206357
2023-01-11,アイムジャグラーEX-TP,166,4011,1784,22,12,1/118.0,1/182.3,1/334.2,6.106659267017582
2023-01-11,アイムジャグラーEX-TP,167,5859,219,19,28,1/124.7,1/308.4,1/209.2,6.174130003278011
2023-01-11,アイムジャグラーEX-TP,168,5296,-1761,14,13,1/196.1,1/378.3,1/407.4,6.16420274505124
2023-01-11,アイムジャグラーEX-TP,169,5797,-787,21,13,1/170.5,1/276.0,1/445.9,6.305223868730046
2023-01-11,アイムジャグラーEX-TP,170,3232,-1127,7,10,1/190.1,1/461.7,1/323.2,5.9668423383575115
2023-01-11,アイムジャグラーEX-TP,171,5617,1475,24,22,1/122.1,1/234.0,1/255.3,5.95094198951401
2023-01-11,アイムジャグラーEX-TP,172,329,-504,0,0,1/0.0,1/0.0,1/0.0,8.028862908019981
2023-01-11,アイムジャグラーEX-TP,173,3716,-176,14,11,1/148.6,1/265.4,1/337.8,6.3876412275073085
2023-01-11,アイムジャグラーEX-TP,174,3516,339,14,11,1/140.6,1/251.1,1/319.6,6.031750165319876
2023-01-11,アイムジャグラーEX-TP,175,2041,-635,6,4,1/204.1,1/340.2,1/510.2,6.192351738685548
2023-01-11,アイムジャグラーEX-TP,176,4580,481,19,15,1/134.7,1/241.1,1/305.3,6.254474919760414
2023-01-11,アイムジャグラーEX-TP,177,680,-354,1,2,1/226.7,1/680.0,1/340.0,5.890584982733223
2023-01-11,アイムジャグラーEX-TP,178,6079,458,26,14,1/152.0,1/233.8,1/434.2,6.108275989493484
2023-01-11,マイジャグラーV,68,4295,-1261,15,5,1/214.8,1/286.3,1/859.0,6.199227194883884
2023-01-11,マイジャグラーV,69,2314,-1589,3,7,1/231.4,1/771.3,1/330.6,6.422990820848026
2023-01-11,マイジャグラーV,70,5589,-1322,15,18,1/169.4,1/372.6,1/310.5,5.9474196308133935
2023-01-11,マイジャグラーV,71,4458,-287,17,6,1/193.8,1/262.2,1/743.0,5.611647607776999
2023-01-11,マイジャグラーV,72,3514,-2417,5,5,1/351.4,1/702.8,1/702.8,5.853273694626375
2023-01-11,ファンキージャグラー2,73,4833,315,18,18,1/134.2,1/268.5,1/268.5,5.934423788309045
2023-01-11,ファンキージャグラー2,74,595,-495,1,0,1/595.0,1/595.0,1/0.0,6.179198041349998
2023-01-11,ファンキージャグラー2,75,4036,650,15,17,1/126.1,1/269.1,1/237.4,5.716882715303986
2023-01-11,ファンキージャグラー2,76,341,-309,0,1,1/341.0,1/0.0,1/341.0,5.955854629115964
2023-01-11,ファンキージャグラー2,77,4527,374,19,13,1/141.5,1/238.3,1/348.2,5.9985839326962065
2023-01-11,ファンキージャグラー2,78,899,-687,0,4,1/224.8,1/0.0,1/224.8,5.966972739513348
2023-01-11,ファンキージャグラー2,79,3757,-898,10,13,1/163.3,1/375.7,1/289.0,6.045567965682673
2023-01-11,ハッピージャグラーVIII,133,3863,495,17,12,1/133.2,1/227.2,1/321.9,6.367890009412335
2023-01-11,ハッピージャグラーVIII,134,3209,1045,15,9,1/133.7,1/213.9,1/356.6,5.645321091600855
2023-01-11,ハッピージャグラーVIII,135,1773,135,9,2,1/161.2,1/197.0,1/886.5,6.494886444575801
2023-01-11,ハッピージャグラーVIII,136,748,-641,0,2,1/374.0,1/0.0,1/374.0,5.850237822335004
2023-01-11,ハッピージャグラーVIII,137,1742,-298,5,4,1/193.6,1/348.4,1/435.5,5.708240895957888
2023-01-11,ハッピージャグラーVIII,138,6307,-137,21,24,1/140.2,1/300.3,1/262.8,6.171419996944379
2023-01-11,ハッピージャグラーVIII,139,3640,-224,12,13,1/145.6,1/303.3,1/280.0,6.217184708458445
2023-01-11,ハッピージャグラーVIII,140,1619,768,10,3,1/124.5,1/161.9,1/539.7,6.169071129456804
2023-01-11,ハッピージャグラーVIII,141,1220,-480,4,1,1/244.0,1/305.0,1/1220.0,6.543897078444966
2023-01-10,アイムジャグラーEX-TP,97,1013,-736,2,1,1/337.7,1/506.5,1/1013.0,6.602369279442965
2023-01-10,アイムジャグラーEX-TP,98,2023,-1272,1,9,1/202.3,1/2023.0,1/224.8,5.918901049374635
2023-01-10,アイムジャグラーEX-TP,99,4241,662,16,19,1/121.2,1/265.1,1/223.2,6.107810062920237
2023-01-10,アイムジャグラーEX-TP,100,389,-130,1,0,1/389.0,1/389.0,1/0.0,5.167147937570758
2023-01-10,アイムジャグラーEX-TP,101,1019,107,4,3,1/145.6,1/254.8,1/339.7,5.853764685897844
2023-01-10,アイムジャグラーEX-TP,102,5363,553,20,22,1/127.7,1/268.1,1/243.8,6.136260779389559
2023-01-10,アイムジャグラーEX-TP,103,738,-529,1,2,1/246.0,1/738.0,1/369.0,6.595541467590197
2023-01-10,アイムジャグラーEX-TP,104,4385,422,15,21,1/121.8,1/292.3,1/208.8,6.111835580054313
2023-01-10,アイムジャグラーEX-TP,105,1412,-582,4,3,1/201.7,1/353.0,1/470.7,6.65551977087666
2023-01-10,アイムジャグラーEX-TP,106,2326,70,9,5,1/166.1,1/258.4,1/465.2,5.790801110778225
2023-01-10,アイムジャグラーEX-TP,107,2337,416,10,6,1/146.1,1/233.7,1/389.5,5.769152723025274
2023-01-10,アイムジャグラーEX-TP,108,3862,-351,13,10,1/167.9,1/297.1,1/386.2,5.947689928474178
2023-01-10,アイムジャグラーEX-TP,109,4593,1,16,11,1/170.1,1/287.1,1/417.5,5.613350030065582
2023-01-10,アイムジャグラーEX-TP,110,4850,-1534,11,15,1/186.5,1/440.9,1/323.3,5.936486933914661
2023-01-10,アイムジャグラーEX-TP,111,2922,-762,9,8,1/171.9,1/324.7,1/365.2,6.4888253300823475
2023-01-10,アイムジャグラーEX-TP,112,2979,-374,10,8,1/165.5,1/297.9,1/372.4,6.136945221902999
2023-01-10,アイムジャグラーEX-TP,113,2621,548,13,6,1/137.9,1/201.6,1/436.8,6.283531998988592
2023-01-10,アイムジャグラーEX-TP,114,3714,1202,20,8,1/132.6,1/185.7,1/464.2,6.183326541774347
2023-01-10,アイムジャグラーEX-TP,115,864,228,4,3,1/123.4,1/216.0,1/288.0,6.1619739027567775
2023-01-10,アイムジャグラーEX-TP,116,5784,-119,20,19,1/148.3,1/289.2,1/304.4,6.032813687719973
2023-01-10,アイムジャグラーEX-TP,117,1003,90,5,1,1/167.2,1/200.6,1/1003.0,6.296271791032577
2023-01-10,アイムジャグラーEX-TP,118,5089,-724,15,17,1/159.0,1/339.3,1/299.4,6.027281639367546
2023-01-10,アイムジャグラーEX-TP,119,5898,1208,25,20,1/131.1,1/235.9,1/294.9,5.947227161803208
2023-01-10,アイムジャグラーEX-TP,120,1644,-949,4,2,1/274.0,1/411.0,1/822.0,6.536590633606362
2023-01-10,アイムジャグラーEX-TP,121,3625,-726,12,9,1/172.6,1/302.1,1/402.8,6.350026604421808
2023-01-10,アイムジャグラーEX-TP,122,0,0,0,0,1/0.0,1/0.0,1/0.0,0.0
2023-01-10,アイムジャグラーEX-TP,123,4903,-560,14,20,1/144.2,1/350.2,1/245.2,6.115512819614125
2023-01-10,アイムジャグラーEX-TP,124,1073,142,5,2,1/153.3,1/214.6,1/536.5,6.095996203097686
2023-01-10,アイムジャグラーEX-TP,125,6465,1207,28,18,1/140.5,1/230.9,1/359.2,5.875210528377267
2023-01-10,アイムジャグラーEX-TP,126,799,-259,2,2,1/199.8,1/399.5,1/399.5,5.984303299770304
2023-01-10,アイムジャグラーEX-TP,127,3175,1610,20,6,1/122.1,1/158.8,1/529.2,6.285703538504636
2023-01-10,アイムジャグラーEX-TP,128,5003,73,19,16,1/142.9,1/263.3,1/312.7,6.229964230192782
2023-01-10,アイムジャグラーEX-TP,129,2552,-716,8,5,1/196.3,1/319.0,1/510.4,6.281802393844247
2023-01-10,アイムジャグラーEX-TP,130,3465,1015,18,9,1/128.3,1/192.5,1/385.0,6.305906341184838
2023-01-10,アイムジャグラーEX-TP,131,4148,-1633,8,11,1/218.3,1/518.5,1/377.1,5.724615336694396
2023-01-10,アイムジャグラーEX-TP,132,6187,-1244,19,19,1/162.8,1/325.6,1/325.6,6.3332863753638815
2023-01-10,アイムジャグラーEX-TP,157,5449,294,22,13,1/155.7,1/247.7,1/419.2,5.967365922437538
2023-01-10,アイムジャグラーEX-TP,158,1221,-81,4,3,1/174.4,1/305.2,1/407.0,5.694535330814025
2023-01-10,アイムジャグラーEX-TP,159,5317,2568,28,21,1/108.5,1/189.9,1/253.2,6.097627896598315
2023-01-10,アイムジャグラーEX-TP,160,3427,425,15,9,1/142.8,1/228.5,1/380.8,6.142192601093643
2023-01-10,アイムジャグラーEX-TP,161,1899,-658,4,7,1/172.6,1/474.8,1/271.3,6.146800551470617
2023-01-10,アイムジャグラーEX-TP,162,5247,-51,20,14,1/154.3,1/262.4,1/374.8,6.121989085708057
2023-01-10,アイムジャグラーEX-TP,163,2113,-1436,2,10,1/176.1,1/1056.5,1/211.3,6.895819795160539
2023-01-10,アイムジャグラーEX-TP,164,4875,189,19,12,1/157.3,1/256.6,1/406.2,5.911052303718962
2023-01-10,アイムジャグラーEX-TP,165,4478,-212,17,11,1/159.9,1/263.4,1/407.1,6.186346459826629
2023-01-10,アイムジャグラーEX-TP,166,1844,-653,6,2,1/230.5,1/307.3,1/922.0,6.382770451898764
2023-01-10,アイムジャグラーEX-TP,167,4009,121,16,11,1/148.5,1/250.6,1/364.5,6.180427697004755
2023-01-10,アイムジャグラーEX-TP,168,4472,-15,18,12,1/149.1,1/248.4,1/372.7,6.358881086051388
2023-01-10,アイムジャグラーEX-TP,169,5378,547,22,14,1/149.4,1/244.5,1/384.1,5.907208367120193
2023-01-10,アイムジャグラーEX-TP,170,3677,-890,10,13,1/159.9,1/367.7,1/282.8,6.318028669210613
2023-01-10,アイムジャグラーEX-TP,171,1611,-771,4,1,1/322.2,1/402.8,1/1611.0,5.853197235416138
2023-01-10,アイムジャグラーEX-TP,172,2296,-549,7,4,1/208.7,1/328.0,1/574.0,5.894220965358898
2023-01-10,アイムジャグラーEX-TP,173,4388,273,18,10,1/156.7,1/243.8,1/438.8,5.957637881844128
2023-01-10,アイムジャグラーEX-TP,174,3081,-492,10,6,1/192.6,1/308.1,1/513.5,5.849416094995884
2023-01-10,アイムジャグラーEX-TP,175,5119,-367,18,15,1/155.1,1/284.4,1/341.3,6.182161749674234
2023-01-10,アイムジャグラーEX-TP,176,4633,477,17,20,1/125.2,1/272.5,1/231.7,6.162485276974051
2023-01-10,アイムジャグラーEX-TP,177,6369,539,24,25,1/130.0,1/265.4,1/254.8,6.19054208610732
2023-01-10,アイムジャグラーEX-TP,178,1860,-394,7,2,1/206.7,1/265.7,1/930.0,6.306620782044711
2023-01-10,マイジャグラーV,68,6711,1641,33,21,1/124.3,1/203.4,1/319.6,6.151317156801401
2023-01-10,マイジャグラーV,69,3237,-869,9,7,1/202.3,1/359.7,1/462.4,5.751694178333762
2023-01-10,マイジャグラーV,70,1304,-706,3,2,1/260.8,1/434.7,1/652.0,6.189036918459532
2023-01-10,マイジャグラーV,71,7682,660,32,24,1/137.2,1/240.1,1/320.1,6.050288915373932
2023-01-10,マイジャグラーV,72,3776,-323,11,15,1/145.2,1/343.3,1/251.7,5.8409275962265745
2023-01-10,ファンキージャグラー2,73,4920,756,19,16,1/140.6,1/258.9,1/307.5,5.522308526999964
2023-01-10,ファンキージャグラー2,74,4568,1240,22,12,1/134.4,1/207.6,1/380.7,5.723771393973902
2023-01-10,ファンキージャグラー2,75,771,-88,3,1,1/192.8,1/257.0,1/771.0,5.881973173129032
2023-01-10,ファンキージャグラー2,76,1181,-672,3,2,1/236.2,1/393.7,1/590.5,6.719080902555762
2023-01-10,ファンキージャグラー2,77,3981,-79,16,10,1/153.1,1/248.8,1/398.1,6.116082626033252
2023-01-10,ファンキージャグラー2,78,1293,-714,2,3,1/258.6,1/646.5,1/431.0,5.774386609585985
2023-01-10,ファンキージャグラー2,79,3358,223,12,16,1/119.9,1/279.8,1/209.9,6.219418894577933
2023-01-10,ハッピージャグラーVIII,133,7492,4254,43,26,1/108.6,1/174.2,1/288.2,5.969062616159994
2023-01-10,ハッピージャグラーVIII,134,1264,-1096,1,3,1/316.0,1/1264.0,1/421.3,6.68650753766186
2023-01-10,ハッピージャグラーVIII,135,3100,-443,11,7,1/172.2,1/281.8,1/442.9,6.295486795977997
2023-01-10,ハッピージャグラーVIII,136,3699,-849,13,9,1/168.1,1/284.5,1/411.0,6.805528236008323
2023-01-10,ハッピージャグラーVIII,137,761,-223,2,1,1/253.7,1/380.5,1/761.0,5.588354705944502
2023-01-10,ハッピージャグラーVIII,138,5949,-258,21,14,1/170.0,1/283.3,1/424.9,5.858338765824836
2023-01-10,ハッピージャグラーVIII,139,1724,273,8,4,1/143.7,1/215.5,1/431.0,6.133492766196343
2023-01-10,ハッピージャグラーVIII,140,6106,2288,31,21,1/117.4,1/197.0,1/290.8,6.111873663387358
2023-01-10,ハッピージャグラーVIII,141,2903,-519,9,6,1/193.5,1/322.6,1/483.8,5.879775155818218
2023-01-09,アイムジャグラーEX-TP,97,6147,1528,28,19,1/130.8,1/219.5,1/323.5,5.978966352367439
2023-01-09,アイムジャグラーEX-TP,98,1086,-814,1,4,1/217.2,1/1086.0,1/271.5,6.685619927185844
2023-01-09,アイムジャグラーEX-TP,99,499,-114,2,0,1/249.5,1/249.5,1/0.0,6.187883999124023
2023-01-09,アイムジャグラーEX-TP,100,6292,1847,32,16,1/131.1,1/196.6,1/393.2,6.145139282726684
2023-01-09,アイムジャグラーEX-TP,101,217,-270,0,0,1/0.0,1/0.0,1/0.0,6.230139635516734
2023-01-09,アイムジャグラーEX-TP,102,1110,-773,1,2,1/370.0,1/1110.0,1/555.0,5.578992629949691
2023-01-09,アイムジャグラーEX-TP,103,1378,-616,3,3,1/229.7,1/459.3,1/459.3,6.028903209502812
2023-01-09,アイムジャグラーEX-TP,104,3715,1739,20,11,1/119.8,1/185.8,1/337.7,5.874726633472484
2023-01-09,アイムジャグラーEX-TP,105,367,-246,1,0,1/367.0,1/367.0,1/0.0,6.817705153014753
2023-01-09,アイムジャグラーEX-TP,106,5640,-1013,18,20,1/148.4,1/313.3,1/282.0,6.616587856144587
2023-01-09,アイムジャグラーEX-TP,107,1353,18,5,5,1/135.3,1/270.6,1/270.6,6.343487320198704
2023-01-09,アイムジャグラーEX-TP,108,6365,561,23,25,1/132.6,1/276.7,1/254.6,5.994991521301857
2023-01-09,アイムジャグラーEX-TP,109,2027,-267,8,0,1/253.4,1/253.4,1/0.0,5.694010878117042
2023-01-09,アイムジャグラーEX-TP,110,3625,-366,12,10,1/164.8,1/302.1,1/362.5,6.002077960783665
2023-01-09,アイムジャグラーEX-TP,111,2150,-210,6,7,1/165.4,1/358.3,1/307.1,5.6363172827183305
2023-01-09,アイムジャグラーEX-TP,112,5329,509,20,20,1/133.2,1/266.4,1/266.4,6.045019502873205
2023-01-09,アイムジャグラーEX-TP,113,1191,-683,3,1,1/297.8,1/397.0,1/1191.0,6.441192828870216
2023-01-09,アイムジャグラーEX-TP,114,3815,-1223,10,9,1/200.8,1/381.5,1/423.9,6.040226324034631
2023-01-09,アイムジャグラーEX-TP,115,3610,-1228,8,10,1/200.6,1/451.2,1/361.0,5.850020069944201
2023-01-09,アイムジャグラーEX-TP,116,3333,844,17,7,1/138.9,1/196.1,1/476.1,6.153859561133249
2023-01-09,アイムジャグラーEX-TP,117,1053,-666,1,5,1/175.5,1/1053.0,1/210.6,6.639234585153764
2023-01-09,アイムジャグラーEX-TP,118,5075,-1386,15,12,1/188.0,1/338.3,1/422.9,6.214151919790298
2023-01-09,アイムジャグラーEX-TP,119,5058,-8,20,11,1/163.2,1/252.9,1/459.8,6.032656710095552
2023-01-09,アイムジャグラーEX-TP,120,4678,1943,22,20,1/111.4,1/212.6,1/233.9,5.9047195370558505
2023-01-09,アイムジャグラーEX-TP,121,6681,-59,24,18,1/159.1,1/278.4,1/371.2,5.8810287168317155
2023-01-09,アイムジャグラーEX-TP,122,0,0,0,0,1/0.0,1/0.0,1/0.0,0.0
2023-01-09,アイムジャグラーEX-TP,123,4079,1599,20,14,1/120.0,1/203.9,1/291.4,5.875915812402046
2023-01-09,アイムジャグラーEX-TP,124,749,-615,1,1,1/374.5,1/749.0,1/749.0,6.427724655842114
2023-01-09,アイムジャグラーEX-TP,125,4099,495,17,11,1/146.4,1/241.1,1/372.6,5.9195784185717
2023-01-09,アイムジャグラーEX-TP,126,2904,-999,7,7,1/207.4,1/414.9,1/414.9,5.929947472182237
2023-01-09,アイムジャグラーEX-TP,127,1024,-722,1,1,1/512.0,1/1024.0,1/1024.0,5.387702547888731
2023-01-09,アイムジャグラーEX-TP,128,5144,-964,14,15,1/177.4,1/367.4,1/342.9,5.799791011340925
2023-01-09,アイムジャグラーEX-TP,129,1685,-324,6,2,1/210.6,1/280.8,1/842.5,6.022645145748013
2023-01-09,アイムジャグラーEX-TP,130,2996,-575,7,14,1/142.7,1/428.0,1/214.0,6.133693345919278
2023-01-09,アイムジャグラーEX-TP,131,4492,336,16,15,1/144.9,1/280.8,1/299.5,5.754857938602968
2023-01-09,アイムジャグラーEX-TP,132,3797,-1030,11,8,1/199.8,1/345.2,1/474.6,6.021869074923708
2023-01-09,アイムジャグラーEX-TP,157,2340,-184,8,6,1/167.1,1/292.5,1/390.0,5.941407062301746
2023-01-09,アイムジャグラーEX-TP,158,5800,2448,30,19,1/118.4,1/193.3,1/305.3,5.97552661260017
2023-01-09,アイムジャグラーEX-TP,159,1631,-256,6,4,1/163.1,1/271.8,1/407.8,6.59259622745047
2023-01-09,アイムジャグラーEX-TP,160,2776,453,12,10,1/126.2,1/231.3,1/277.6,6.337689155250417
2023-01-09,アイムジャグラーEX-TP,161,4025,-873,12,11,1/175.0,1/335.4,1/365.9,6.14417282451441
2023-01-09,アイムジャグラーEX-TP,162,1539,-445,4,4,1/192.4,1/384.8,1/384.8,5.9764539364909925
2023-01-09,アイムジャグラーEX-TP,163,2179,81,8,7,1/145.3,1/272.4,1/311.3,5.983265364189336
2023-01-09,アイムジャグラーEX-TP,164,3740,92,15,8,1/162.6,1/249.3,1/467.5,5.963525071560307
2023-01-09,アイムジャグラーEX-TP,165,3583,-834,10,9,1/188.6,1/358.3,1/398.1,5.903748273796237
2023-01-09,アイムジャグラーEX-TP,166,1702,-638,5,3,1/212.8,1/340.4,1/567.3,6.412959634375393
2023-01-09,アイムジャグラーEX-TP,167,7730,1113,29,31,1/128.8,1/266.6,1/249.4,5.9359294360053045
2023-01-09,アイムジャグラーEX-TP,168,3185,-537,10,6,1/199.1,1/318.5,1/530.8,5.749487690861329
2023-01-09,アイムジャグラーEX-TP,169,4621,-162,17,9,1/177.7,1/271.8,1/513.4,5.782695247555544
2023-01-09,アイムジャグラーEX-TP,170,2780,71,12,5,1/163.5,1/231.7,1/556.0,6.1632605599322225
2023-01-09,アイムジャグラーEX-TP,171,7934,809,32,24,1/141.7,1/247.9,1/330.6,6.020474347816599
2023-01-09,アイムジャグラーEX-TP,172,4528,844,20,14,1/133.2,1/226.4,1/323.4,6.104757366768997
2023-01-09,アイムジャグラーEX-TP,173,3878,407,16,7,1/168.6,1/242.4,1/554.0,5.615127437112636
2023-01-09,アイムジャグラーEX-TP,174,2466,476,10,10,1/123.3,1/246.6,1/246.6,6.077938994055253
2023-01-09,アイムジャグラーEX-TP,175,5497,-1111,13,22,1/157.1,1/422.8,1/249.9,5.9223545807958216
2023-01-09,アイムジャグラーEX-TP,176,3536,-1692,8,12,1/176.8,1/442.0,1/294.7,6.907701156907104
2023-01-09,アイムジャグラーEX-TP,177,1172,-747,3,0,1/390.7,1/390.7,1/0.0,6.411198635399347
2023-01-09,アイムジャグラーEX-TP,178,6749,464,27,22,1/137.7,1/250.0,1/306.8,6.243017711031459
2023-01-09,マイジャグラーV,68,5639,-384,20,16,1/156.6,1/281.9,1/352.4,5.954075795788754
2023-01-09,マイジャグラーV,69,3397,-839,11,5,1/212.3,1/308.8,1/679.4,5.845293631268453
2023-01-09,マイジャグラーV,70,1480,-608,3,4,1/211.4,1/493.3,1/370.0,5.808379214950454
2023-01-09,マイジャグラーV,71,6683,-784,21,20,1/163.0,1/318.2,1/334.1,5.812389754752453
2023-01-09,マイジャグラーV,72,3317,-1729,6,10,1/207.3,1/552.8,1/331.7,6.204685392790338
2023-01-09,ファンキージャグラー2,73,2165,-1407,4,2,1/360.8,1/541.2,1/1082.5,5.931231615793171
2023-01-09,ファンキージャグラー2,74,4915,1994,30,10,1/122.9,1/163.8,1/491.5,6.2486487019075945
2023-01-09,ファンキージャグラー2,75,686,-574,1,1,1/343.0,1/686.0,1/686.0,6.642554323579058
2023-01-09,ファンキージャグラー2,76,3418,-756,10,8,1/189.9,1/341.8,1/427.2,5.777800710924739
2023-01-09,ファンキージャグラー2,77,979,139,4,3,1/139.9,1/244.8,1/326.3,5.709090217256687
2023-01-09,ファンキージャグラー2,78,2775,-270,10,6,1/173.4,1/277.5,1/462.5,5.868137401644268
2023-01-09,ファンキージャグラー2,79,984,-509,2,2,1/246.0,1/492.0,1/492.0,6.008055923766074
2023-01-09,ハッピージャグラーVIII,133,1304,-267,4,2,1/217.3,1/326.0,1/652.0,5.740980518968788
2023-01-09,ハッピージャグラーVIII,134,4738,1058,21,15,1/131.6,1/225.6,1/315.9,5.97811383253591
2023-01-09,ハッピージャグラーVIII,135,1144,-600,2,3,1/228.8,1/572.0,1/381.3,6.221773597055317
2023-01-09,ハッピージャグラーVIII,136,3196,-1313,7,11,1/177.6,1/456.6,1/290.5,6.583855525159815
2023-01-09,ハッピージャグラーVIII,137,1378,252,6,2,1/172.2,1/229.7,1/689.0,5.403250400170879
2023-01-09,ハッピージャグラーVIII,138,1296,-825,3,1,1/324.0,1/432.0,1/1296.0,6.584241714829174
2023-01-09,ハッピージャグラーVIII,139,3331,379,14,8,1/151.4,1/237.9,1/416.4,5.896254464535328
2023-01-09,ハッピージャグラーVIII,140,1311,-565,3,2,1/262.2,1/437.0,1/655.5,5.904829219085771
2023-01-09,ハッピージャグラーVIII,141,2651,-1227,5,6,1/241.0,1/530.2,1/441.8,5.931353200700317
2023-01-08,アイムジャグラーEX-TP,97,6035,640,25,21,1/131.2,1/241.4,1/287.4,6.3385273547629115
2023-01-08,アイムジャグラーEX-TP,98,6677,3890,40,23,1/106.0,1/166.9,1/290.3,6.2615150992868385
2023-01-08,アイムジャグラーEX-TP,99,3555,231,13,12,1/142.2,1/273.5,1/296.2,5.91277091156216
2023-01-08,アイムジャグラーEX-TP,100,7933,1063,33,31,1/124.0,1/240.4,1/255.9,6.425977662319887
2023-01-08,アイムジャグラーEX-TP,101,2937,97,11,11,1/133.5,1/267.0,1/267.0,6.331147057693715
2023-01-08,アイムジャグラーEX-TP,102,2859,381,11,9,1/142.9,1/259.9,1/317.7,5.734534267964135
2023-01-08,アイムジャグラーEX-TP,103,1183,-670,2,3,1/236.6,1/591.5,1/394.3,6.1745126036520865
2023-01-08,アイムジャグラーEX-TP,104,6603,2292,30,28,1/113.8,1/220.1,1/235.8,6.015032826884513
2023-01-08,アイムジャグラーEX-TP,105,1056,-62,4,3,1/150.9,1/264.0,1/352.0,6.413819253835947
2023-01-08,アイムジャグラーEX-TP,106,2903,-1273,7,7,1/207.4,1/414.7,1/414.7,6.378094402915669
2023-01-08,アイムジャグラーEX-TP,107,3079,-465,9,11,1/153.9,1/342.1,1/279.9,6.141575461910702
2023-01-08,アイムジャグラーEX-TP,108,3762,-1389,10,8,1/209.0,1/376.2,1/470.2,6.207869776911734
2023-01-08,アイムジャグラーEX-TP,109,4560,1425,24,10,1/134.1,1/190.0,1/456.0,6.108875432393839
2023-01-08,アイムジャグラーEX-TP,110,2507,-738,8,4,1/208.9,1/313.4,1/626.8,6.248951861085925
2023-01-08,アイムジャグラーEX-TP,111,6192,270,21,24,1/137.6,1/294.9,1/258.0,5.9231571943071915
2023-01-08,アイムジャグラーEX-TP,112,3934,-701,13,9,1/178.8,1/302.6,1/437.1,6.144581726888617
2023-01-08,アイムジャグラーEX-TP,113,4947,-1228,15,11,1/190.3,1/329.8,1/449.7,6.123378236209112
2023-01-08,アイムジャグラーEX-TP,114,2670,19,10,7,1/157.1,1/267.0,1/381.4,5.949256849806108
2023-01-08,アイムジャグラーEX-TP,115,5287,1019,22,17,1/135.6,1/240.3,1/311.0,5.842410313946068
2023-01-08,アイムジャグラーEX-TP,116,1595,-1258,2,2,1/398.8,1/797.5,1/797.5,6.129692769806402
2023-01-08,アイムジャグラーEX-TP,117,5842,2306,32,16,1/121.7,1/182.6,1/365.1,6.221143351158901
2023-01-08,アイムジャグラーEX-TP,118,6324,-936,18,28,1/137.5,1/351.3,1/225.9,6.43369802553226
2023-01-08,アイムジャグラーEX-TP,119,4720,-255,17,11,1/168.6,1/277.6,1/429.1,5.9374146182166925
2023-01-08,アイムジャグラーEX-TP,120,6383,206,27,15,1/152.0,1/236.4,1/425.5,6.279570327459081
2023-01-08,アイムジャグラーEX-TP,121,7391,1388,28,35,1/117.3,1/264.0,1/211.2,6.091862299778657
2023-01-08,アイムジャグラーEX-TP,122,0,0,0,0,1/0.0,1/0.0,1/0.0,0.0
2023-01-08,アイムジャグラーEX-TP,123,5738,1932,29,20,1/117.1,1/197.9,1/286.9,6.33311475000195
2023-01-08,アイムジャグラーEX-TP,124,2578,125,10,7,1/151.6,1/257.8,1/368.3,5.954224944105233
2023-01-08,アイムジャグラーEX-TP,125,4573,-795,13,15,1/163.3,1/351.8,1/304.9,6.02502563501504
2023-01-08,アイムジャグラーEX-TP,126,2605,597,13,5,1/144.7,1/200.4,1/521.0,6.056777464230717
2023-01-08,アイムジャグラーEX-TP,127,4048,324,16,12,1/144.6,1/253.0,1/337.3,6.001883713740275
2023-01-08,アイムジャグラーEX-TP,128,3671,-794,11,9,1/183.6,1/333.7,1/407.9,6.034773446286669
2023-01-08,アイムジャグラーEX-TP,129,5243,447,20,15,1/149.8,1/262.1,1/349.5,5.785992418043481
2023-01-08,アイムジャグラーEX-TP,130,5654,1446,23,23,1/122.9,1/245.8,1/245.8,5.82014979505023
2023-01-08,アイムジャグラーEX-TP,131,3062,-1266,8,7,1/204.1,1/382.8,1/437.4,6.448070614922929
2023-01-08,アイムジャグラーEX-TP,132,5522,-1604,16,10,1/212.4,1/345.1,1/552.2,5.9819498508943205
2023-01-08,アイムジャグラーEX-TP,157,3551,55,13,10,1/154.4,1/273.2,1/355.1,5.900736452122636
2023-01-08,アイムジャグラーEX-TP,158,6428,1867,27,28,1/116.9,1/238.1,1/229.6,5.932426615269038
2023-01-08,アイムジャグラーEX-TP,159,5761,1150,25,18,1/134.0,1/230.4,1/320.1,5.970024343004832
2023-01-08,アイムジャグラーEX-TP,160,5073,1703,25,11,1/140.9,1/202.9,1/461.2,5.636535648526926
2023-01-08,アイムジャグラーEX-TP,161,2222,795,11,7,1/123.4,1/202.0,1/317.4,5.960246390469958
2023-01-08,アイムジャグラーEX-TP,162,6323,1441,29,19,1/131.7,1/218.0,1/332.8,6.07136662458671
2023-01-08,アイムジャグラーEX-TP,163,7085,459,27,27,1/131.2,1/262.4,1/262.4,6.286150355311672
2023-01-08,アイムジャグラーEX-TP,164,4368,938,20,11,1/140.9,1/218.4,1/397.1,5.913739258551671
2023-01-08,アイムジャグラーEX-TP,165,3783,-208,11,13,1/157.6,1/343.9,1/291.0,5.651926319319166
2023-01-08,アイムジャグラーEX-TP,166,5100,1201,21,18,1/130.8,1/242.9,1/283.3,5.742691931883792
2023-01-08,アイムジャグラーEX-TP,167,3477,-596,11,10,1/165.6,1/316.1,1/347.7,6.210704943947987
2023-01-08,アイムジャグラーEX-TP,168,6559,-702,20,19,1/168.2,1/327.9,1/345.2,5.800253677751259
2023-01-08,アイムジャグラーEX-TP,169,4779,-1078,13,12,1/191.2,1/367.6,1/398.2,5.796599330818449
2023-01-08,アイムジャグラーEX-TP,170,5233,1600,27,10,1/141.4,1/193.8,1/523.3,5.900951940935632
2023-01-08,アイムジャグラーEX-TP,171,4110,-241,16,9,1/164.4,1/256.9,1/456.7,6.235367840809694
2023-01-08,アイムジャグラーEX-TP,172,7372,2467,31,36,1/110.0,1/237.8,1/204.8,5.964386190510699
2023-01-08,アイムジャグラーEX-TP,173,6267,605,24,23,1/133.3,1/261.1,1/272.5,6.092427994709551
2023-01-08,アイムジャグラーEX-TP,174,2930,-1116,9,4,1/225.4,1/325.6,1/732.5,6.422397112595471
2023-01-08,アイムジャグラーEX-TP,175,3403,-999,10,5,1/226.9,1/340.3,1/680.6,5.897589868360005
2023-01-08,アイムジャグラーEX-TP,176,6878,381,24,27,1/134.9,1/286.6,1/254.7,6.001067750318623
2023-01-08,アイムジャグラーEX-TP,177,1964,-519,6,6,1/163.7,1/327.3,1/327.3,6.636198720497635
2023-01-08,アイムジャグラーEX-TP,178,6392,-434,24,18,1/152.2,1/266.3,1/355.1,6.405995948067256
2023-01-08,マイジャグラーV,68,5519,-2043,15,10,1/220.8,1/367.9,1/551.9,5.981241506081975
2023-01-08,マイジャグラーV,69,7252,441,29,19,1/151.1,1/250.1,1/381.7,5.775952713711953
2023-01-08,マイジャグラーV,70,7411,2226,38,17,1/134.7,1/195.0,1/435.9,5.773488635074884
2023-01-08,マイジャグラーV,71,6813,-1837,20,18,1/179.3,1/340.6,1/378.5,6.1212931886847555
2023-01-08,マイジャグラーV,72,6312,-299,25,15,1/157.8,1/252.5,1/420.8,6.110576043093579
2023-01-08,ファンキージャグラー2,73,5236,-701,18,12,1/174.5,1/290.9,1/436.3,5.908228488888756
2023-01-08,ファンキージャグラー2,74,2665,240,12,5,1/156.8,1/222.1,1/533.0,5.870471569308942
2023-01-08,ファンキージャグラー2,75,4901,-1022,16,13,1/169.0,1/306.3,1/377.0,6.21864675058657
2023-01-08,ファンキージャグラー2,76,1492,-744,4,2,1/248.7,1/373.0,1/746.0,6.344480185299644
2023-01-08,ファンキージャグラー2,77,5890,1763,30,14,1/133.9,1/196.3,1/420.7,5.7844035441502095
2023-01-08,ファンキージャグラー2,78,1119,-796,2,2,1/279.8,1/559.5,1/559.5,6.560090598427264
2023-01-08,ファンキージャグラー2,79,4562,523,21,11,1/142.6,1/217.2,1/414.7,6.095946279239571
2023-01-08,ハッピージャグラーVIII,133,6230,443,25,17,1/148.3,1/249.2,1/366.5,6.022328289633392
2023-01-08,ハッピージャグラーVIII,134,6578,-418,22,24,1/143.0,1/299.0,1/274.1,6.319521005670396
2023-01-08,ハッピージャグラーVIII,135,4333,-542,14,16,1/144.4,1/309.5,1/270.8,6.518068469767033
2023-01-08,ハッピージャグラーVIII,136,3291,-1409,9,5,1/235.1,1/365.7,1/658.2,6.393600881699126
2023-01-08,ハッピージャグラーVIII,137,2487,-1168,7,3,1/248.7,1/355.3,1/829.0,6.5544259654098544
2023-01-08,ハッピージャグラーVIII,138,5025,-789,18,11,1/173.3,1/279.2,1/456.8,6.373660609707226
2023-01-08,ハッピージャグラーVIII,139,2485,262,11,6,1/146.2,1/225.9,1/414.2,6.184196671141498
2023-01-08,ハッピージャグラーVIII,140,2922,-662,8,9,1/171.9,1/365.2,1/324.7,6.141015431192755
2023-01-08,ハッピージャグラーVIII,141,3421,-1318,10,5,1/228.1,1/342.1,1/684.2,6.377099409141979
2023-01-07,アイムジャグラーEX-TP,97,7531,1388,31,27,1/129.8,1/242.9,1/278.9,5.983942882657335
2023-01-07,アイムジャグラーEX-TP,98,935,-917,1,0,1/935.0,1/935.0,1/0.0,6.255597003067251
2023-01-07,アイムジャグラーEX-TP,99,5263,-411,19,12,1/169.8,1/277.0,1/438.6,6.033130495351652
2023-01-07,アイムジャグラーEX-TP,100,809,-354,2,1,1/269.7,1/404.5,1/809.0,5.91773932702064
2023-01-07,アイムジャグラーEX-TP,101,3384,-401,11,10,1/161.1,1/307.6,1/338.4,6.099241251864941
2023-01-07,アイムジャグラーEX-TP,102,3999,400,16,13,1/137.9,1/249.9,1/307.6,6.090811950011599
2023-01-07,アイムジャグラーEX-TP,103,2084,199,8,5,1/160.3,1/260.5,1/416.8,5.591311959765306
2023-01-07,アイムジャグラーEX-TP,104,2230,533,9,8,1/131.2,1/247.8,1/278.8,5.667263762460832
2023-01-07,アイムジャグラーEX-TP,105,5092,-270,18,13,1/164.3,1/282.9,1/391.7,5.952548439476652
2023-01-07,アイムジャグラーEX-TP,106,3311,-488,9,13,1/150.5,1/367.9,1/254.7,6.042291220771671
2023-01-07,アイムジャグラーEX-TP,107,896,-620,2,1,1/298.7,1/448.0,1/896.0,6.842144771077948
2023-01-07,アイムジャグラーEX-TP,108,5401,1687,25,22,1/114.9,1/216.0,1/245.5,6.202960333820101
2023-01-07,アイムジャグラーEX-TP,109,6390,1147,24,28,1/122.9,1/266.2,1/228.2,5.940066127158689
2023-01-07,アイムジャグラーEX-TP,110,4042,-475,12,12,1/168.4,1/336.8,1/336.8,5.788271169706783
2023-01-07,アイムジャグラーEX-TP,111,5061,940,23,15,1/133.2,1/220.0,1/337.4,6.2018947235661965
2023-01-07,アイムジャグラーEX-TP,112,1683,368,7,6,1/129.5,1/240.4,1/280.5,5.872007609396147
2023-01-07,アイムジャグラーEX-TP,113,2721,136,11,8,1/143.2,1/247.4,1/340.1,6.237591153706556
2023-01-07,アイムジャグラーEX-TP,114,3856,-428,12,12,1/160.7,1/321.3,1/321.3,5.974587180196895
2023-01-07,アイムジャグラーEX-TP,115,3331,222,15,5,1/166.6,1/222.1,1/666.2,6.057969108322235
2023-01-07,アイムジャグラーEX-TP,116,2217,-813,6,4,1/221.7,1/369.5,1/554.2,6.10788929363872
2023-01-07,アイムジャグラーEX-TP,117,2996,392,14,7,1/142.7,1/214.0,1/428.0,6.336387876950307
2023-01-07,アイムジャグラーEX-TP,118,7276,234,26,22,1/151.6,1/279.8,1/330.7,5.819603303333529
2023-01-07,アイムジャグラーEX-TP,119,2340,-96,7,8,1/156.0,1/334.3,1/292.5,5.673554580140594
2023-01-07,アイムジャグラーEX-TP,120,5866,-1052,18,14,1/183.3,1/325.9,1/419.0,5.922915426583595
2023-01-07,アイムジャグラーEX-TP,121,7326,1093,27,33,1/122.1,1/271.3,1/222.0,6.049250910178583
2023-01-07,アイムジャグラーEX-TP,122,0,0,0,0,1/0.0,1/0.0,1/0.0,0.0
2023-01-07,アイムジャグラーEX-TP,123,3540,-658,10,10,1/177.0,1/354.0,1/354.0,5.866690884720187
2023-01-07,アイムジャグラーEX-TP,124,4108,-84,15,13,1/146.7,1/273.9,1/316.0,6.206213186867508
2023-01-07,アイムジャグラーEX-TP,125,2203,-536,6,4,1/220.3,1/367.2,1/550.8,5.603122610311444
2023-01-07,アイムジャグラーEX-TP,126,3851,330,15,17,1/120.3,1/256.7,1/226.5,6.584931665474391
2023-01-07,アイムジャグラーEX-TP,127,3192,-86,13,6,1/168.0,1/245.5,1/532.0,6.158227910497257
2023-01-07,アイムジャグラーEX-TP,128,3840,404,17,6,1/167.0,1/225.9,1/640.0,5.829223338722581
2023-01-07,アイムジャグラーEX-TP,129,1611,-367,4,6,1/161.1,1/402.8,1/268.5,6.05177388348904
2023-01-07,アイムジャグラーEX-TP,130,4928,-405,16,14,1/164.3,1/308.0,1/352.0,5.883247479067851
2023-01-07,アイムジャグラーEX-TP,131,2246,450,9,10,1/118.2,1/249.6,1/224.6,6.1642824076786855
2023-01-07,アイムジャグラーEX-TP,132,5566,681,22,16,1/146.5,1/253.0,1/347.9,5.7812585723050045
2023-01-07,アイムジャグラーEX-TP,157,3058,255,13,8,1/145.6,1/235.2,1/382.2,6.1803489277872705
2023-01-07,アイムジャグラーEX-TP,158,4836,676,18,20,1/127.3,1/268.7,1/241.8,5.974560381197708
2023-01-07,アイムジャグラーEX-TP,159,1278,-439,3,2,1/255.6,1/426.0,1/639.0,5.532638301779617
2023-01-07,アイムジャグラーEX-TP,160,3548,8,14,7,1/169.0,1/253.4,1/506.9,5.920450998197549
2023-01-07,アイムジャグラーEX-TP,161,1839,-489,5,6,1/167.2,1/367.8,1/306.5,6.306501962371479
2023-01-07,アイムジャグラーEX-TP,162,5959,1143,25,17,1/141.9,1/238.4,1/350.5,5.73755968713344
2023-01-07,アイムジャグラーEX-TP,163,2551,-1100,5,8,1/196.2,1/510.2,1/318.9,6.125779617117883
2023-01-07,アイムジャグラーEX-TP,164,3595,-421,11,12,1/156.3,1/326.8,1/299.6,6.040036791300599
2023-01-07,アイムジャグラーEX-TP,165,1535,-578,3,6,1/170.6,1/511.7,1/255.8,6.209166388063191
2023-01-07,アイムジャグラーEX-TP,166,2866,-40,11,6,1/168.6,1/260.5,1/477.7,5.923147185929511
2023-01-07,アイムジャグラーEX-TP,167,2813,-1114,7,7,1/200.9,1/401.9,1/401.9,6.298940788209995
2023-01-07,アイムジャグラーEX-TP,168,5615,951,24,18,1/133.7,1/234.0,1/311.9,6.067796577200796
2023-01-07,アイムジャグラーEX-TP,169,5534,792,23,18,1/135.0,1/240.6,1/307.4,6.072582770515704
2023-01-07,アイムジャグラーEX-TP,170,7691,1228,30,29,1/130.4,1/256.4,1/265.2,5.931233368244398
2023-01-07,アイムジャグラーEX-TP,171,1176,705,7,2,1/130.7,1/168.0,1/588.0,5.441124602725031
2023-01-07,アイムジャグラーEX-TP,172,2974,-101,11,7,1/165.2,1/270.4,1/424.9,5.966311086027907
2023-01-07,アイムジャグラーEX-TP,173,3588,-1169,8,13,1/170.9,1/448.5,1/276.0,6.167117859174069
2023-01-07,アイムジャグラーEX-TP,174,5205,1672,23,22,1/115.7,1/226.3,1/236.6,5.984774526637967
2023-01-07,アイムジャグラーEX-TP,175,4784,-1210,13,18,1/154.3,1/368.0,1/265.8,6.481580247199938
2023-01-07,アイムジャグラーEX-TP,176,448,-440,0,1,1/448.0,1/0.0,1/448.0,5.998955271227096
2023-01-07,アイムジャグラーEX-TP,177,4062,-1154,10,15,1/162.5,1/406.2,1/270.8,6.279680165469417
2023-01-07,アイムジャグラーEX-TP,178,4636,-1147,11,18,1/159.9,1/421.5,1/257.6,6.08394806339836
2023-01-07,マイジャグラーV,68,6248,1074,28,17,1/138.8,1/223.1,1/367.5,5.834820708324074
2023-01-07,マイジャグラーV,69,2833,-64,12,4,1/177.1,1/236.1,1/708.2,5.882182729658715
2023-01-07,マイジャグラーV,70,5840,75,25,10,1/166.9,1/233.6,1/584.0,5.89932866346921
2023-01-07,マイジャグラーV,71,6805,1531,33,12,1/151.2,1/206.2,1/567.1,5.604855629332859
2023-01-07,マイジャグラーV,72,7221,447,31,19,1/144.4,1/232.9,1/380.1,6.085033008412605
2023-01-07,ファンキージャグラー2,73,6046,-1765,15,17,1/188.9,1/403.1,1/355.6,5.816593410475992
2023-01-07,ファンキージャグラー2,74,4531,661,18,14,1/141.6,1/251.7,1/323.6,5.5950880412139785
2023-01-07,ファンキージャグラー2,75,4939,853,23,13,1/137.2,1/214.7,1/379.9,5.985533677693403
2023-01-07,ファンキージャグラー2,76,2254,-244,8,4,1/187.8,1/281.8,1/563.5,5.705083744693959
2023-01-07,ファンキージャグラー2,77,2536,-1009,4,8,1/211.3,1/634.0,1/317.0,5.505887022064147
2023-01-07,ファンキージャグラー2,78,2371,-1042,6,5,1/215.5,1/395.2,1/474.2,6.235786160269632
2023-01-07,ファンキージャグラー2,79,3625,819,18,4,1/164.8,1/201.4,1/906.2,5.473724940603006
2023-01-07,ハッピージャグラーVIII,133,5772,744,26,13,1/148.0,1/222.0,1/444.0,6.088614338655122
2023-01-07,ハッピージャグラーVIII,134,1063,134,5,2,1/151.9,1/212.6,1/531.5,6.159377960769311
2023-01-07,ハッピージャグラーVIII,135,4975,1207,23,14,1/134.5,1/216.3,1/355.4,5.945984910195833
2023-01-07,ハッピージャグラーVIII,136,3958,-435,14,13,1/146.6,1/282.7,1/304.5,6.621320879071518
2023-01-07,ハッピージャグラーVIII,137,3291,-1766,6,8,1/235.1,1/548.5,1/411.4,6.2792352145273
2023-01-07,ハッピージャグラーVIII,138,2632,-688,7,9,1/164.5,1/376.0,1/292.4,6.378770521064604
2023-01-07,ハッピージャグラーVIII,139,4688,-1013,14,11,1/187.5,1/334.9,1/426.2,6.0430414596729465
2023-01-07,ハッピージャグラーVIII,140,751,-489,1,1,1/375.5,1/751.0,1/751.0,5.7863520488627
2023-01-07,ハッピージャグラーVIII,141,4236,-1242,10,14,1/176.5,1/423.6,1/302.6,6.130522381725313
2023-01-06,アイムジャグラーEX-TP,97,1306,88,7,1,1/163.2,1/186.6,1/1306.0,6.802145686335458
2023-01-06,アイムジャグラーEX-TP,98,1359,-954,1,3,1/339.8,1/1359.0,1/453.0,5.589754929349446
2023-01-06,アイムジャグラーEX-TP,99,2510,395,11,5,1/156.9,1/228.2,1/502.0,5.735367842729358
2023-01-06,アイムジャグラーEX-TP,100,403,-224,1,1,1/201.5,1/403.0,1/403.0,7.1898011154717745
2023-01-06,アイムジャグラーEX-TP,101,4113,174,16,15,1/132.7,1/257.1,1/274.2,6.421257237204193
2023-01-06,アイムジャグラーEX-TP,102,702,-323,2,1,1/234.0,1/351.0,1/702.0,6.5751065902518135
2023-01-06,アイムジャグラーEX-TP,103,1271,235,7,1,1/158.9,1/181.6,1/1271.0,6.376941781281031
2023-01-06,アイムジャグラーEX-TP,104,1756,369,9,3,1/146.3,1/195.1,1/585.3,6.211174851504816
2023-01-06,アイムジャグラーEX-TP,105,2309,431,11,4,1/153.9,1/209.9,1/577.2,5.912665500539144
2023-01-06,アイムジャグラーEX-TP,106,1097,-12,3,5,1/137.1,1/365.7,1/219.4,5.730078913163344
2023-01-06,アイムジャグラーEX-TP,107,729,99,4,0,1/182.2,1/182.2,1/0.0,6.223154642575801
2023-01-06,アイムジャグラーEX-TP,108,3160,292,13,10,1/137.4,1/243.1,1/316.0,6.222399792534165
2023-01-06,アイムジャグラーEX-TP,109,3862,-951,11,10,1/183.9,1/351.1,1/386.2,6.061459970907817
2023-01-06,アイムジャグラーEX-TP,110,2357,-1200,4,7,1/214.3,1/589.2,1/336.7,6.107206003002609
2023-01-06,アイムジャグラーEX-TP,111,500,-260,1,1,1/250.0,1/500.0,1/500.0,6.082170118298209
2023-01-06,アイムジャグラーEX-TP,112,4907,2166,25,16,1/119.7,1/196.3,1/306.7,5.800908173727873
2023-01-06,アイムジャグラーEX-TP,113,1183,282,5,4,1/131.4,1/236.6,1/295.8,5.78571614767945
2023-01-06,アイムジャグラーEX-TP,114,4891,2254,24,20,1/111.2,1/203.8,1/244.6,5.8530924768027965
2023-01-06,アイムジャグラーEX-TP,115,661,-414,2,0,1/330.5,1/330.5,1/0.0,7.006576429876889
2023-01-06,アイムジャグラーEX-TP,116,1768,-1142,2,5,1/252.6,1/884.0,1/353.6,6.020466111433038
2023-01-06,アイムジャグラーEX-TP,117,2215,432,10,5,1/147.7,1/221.5,1/443.0,5.82228468290957
2023-01-06,アイムジャグラーEX-TP,118,3327,-795,10,8,1/184.8,1/332.7,1/415.9,6.129582581506037
2023-01-06,アイムジャグラーEX-TP,119,3820,343,15,11,1/146.9,1/254.7,1/347.3,5.894285829349933
2023-01-06,アイムジャグラーEX-TP,120,2174,-946,4,9,1/167.2,1/543.5,1/241.6,6.469473503592774
2023-01-06,アイムジャグラーEX-TP,121,5499,-81,19,17,1/152.8,1/289.4,1/323.5,5.921473699417595
2023-01-06,アイムジャグラーEX-TP,122,905,-103,3,2,1/181.0,1/301.7,1/452.5,5.834570896322254
2023-01-06,アイムジャグラーEX-TP,123,758,120,4,0,1/189.5,1/189.5,1/0.0,5.879007846846727
2023-01-06,アイムジャグラーEX-TP,124,1672,-360,6,1,1/238.9,1/278.7,1/1672.0,5.906559152688546
2023-01-06,アイムジャグラーEX-TP,125,3387,-1286,9,9,1/188.2,1/376.3,1/376.3,6.5151532230541855
2023-01-06,アイムジャグラーEX-TP,126,1032,-608,2,1,1/344.0,1/516.0,1/1032.0,5.882536351310087
2023-01-06,アイムジャグラーEX-TP,127,2588,-911,8,3,1/235.3,1/323.5,1/862.7,6.205226551071063
2023-01-06,アイムジャグラーEX-TP,128,4496,755,18,14,1/140.5,1/249.8,1/321.1,5.7398858385730644
2023-01-06,アイムジャグラーEX-TP,129,3345,-751,11,4,1/223.0,1/304.1,1/836.2,5.866516493198128
2023-01-06,アイムジャグラーEX-TP,130,348,-290,0,2,1/174.0,1/0.0,1/174.0,6.971234842071482
2023-01-06,アイムジャグラーEX-TP,131,5403,-548,18,15,1/163.7,1/300.2,1/360.2,6.0358068460036
2023-01-06,アイムジャグラーEX-TP,132,1075,-580,2,2,1/268.8,1/537.5,1/537.5,5.951787750943981
2023-01-06,アイムジャグラーEX-TP,157,5152,-110,19,12,1/166.2,1/271.2,1/429.3,5.888711154408784
2023-01-06,アイムジャグラーEX-TP,158,820,-88,3,2,1/164.0,1/273.3,1/410.0,6.301800124575829
2023-01-06,アイムジャグラーEX-TP,159,3548,-188,13,11,1/147.8,1/272.9,1/322.5,6.352049033521775
2023-01-06,アイムジャグラーEX-TP,160,3014,-39,12,7,1/158.6,1/251.2,1/430.6,6.1831880020878405
2023-01-06,アイムジャグラーEX-TP,161,3854,194,14,15,1/132.9,1/275.3,1/256.9,6.176411617352677
2023-01-06,アイムジャグラーEX-TP,162,1693,-22,8,2,1/169.3,1/211.6,1/846.5,6.581320199614979
2023-01-06,アイムジャグラーEX-TP,163,3813,-728,11,12,1/165.8,1/346.6,1/317.8,6.093811422059217
2023-01-06,アイムジャグラーEX-TP,164,778,169,4,1,1/155.6,1/194.5,1/778.0,6.008980877615519
2023-01-06,アイムジャグラーEX-TP,165,6969,2651,36,24,1/116.2,1/193.6,1/290.4,6.236337820549464
2023-01-06,アイムジャグラーEX-TP,166,648,-219,2,0,1/324.0,1/324.0,1/0.0,5.654133511892265
2023-01-06,アイムジャグラーEX-TP,167,5923,394,21,25,1/128.8,1/282.0,1/236.9,6.144398531643319
2023-01-06,アイムジャグラーEX-TP,168,2741,-337,10,7,1/161.2,1/274.1,1/391.6,6.423199217667926
2023-01-06,アイムジャグラーEX-TP,169,5914,412,22,20,1/140.8,1/268.8,1/295.7,5.9647116203132065
2023-01-06,アイムジャグラーEX-TP,170,949,-327,3,1,1/237.2,1/316.3,1/949.0,6.205779732354986
2023-01-06,アイムジャグラーEX-TP,171,858,-668,1,2,1/286.0,1/858.0,1/429.0,6.478230691002967
2023-01-06,アイムジャグラーEX-TP,172,6239,-556,21,19,1/156.0,1/297.1,1/328.4,6.137585241998719
2023-01-06,アイムジャグラーEX-TP,173,1640,823,10,4,1/117.1,1/164.0,1/410.0,6.3200139040305885
2023-01-06,アイムジャグラーEX-TP,174,1667,-84,6,5,1/151.5,1/277.8,1/333.4,6.211575193986897
2023-01-06,アイムジャグラーEX-TP,175,2906,156,12,8,1/145.3,1/242.2,1/363.2,6.238899975018637
2023-01-06,アイムジャグラーEX-TP,176,5550,247,21,19,1/138.8,1/264.3,1/292.1,6.172516840961488
2023-01-06,アイムジャグラーEX-TP,177,1153,-762,2,1,1/384.3,1/576.5,1/1153.0,5.930296030811205
2023-01-06,アイムジャグラーEX-TP,178,5042,753,22,16,1/132.7,1/229.2,1/315.1,6.254332415262168
2023-01-06,マイジャグラーV,68,3260,-1352,6,8,1/232.9,1/543.3,1/407.5,5.548903349039765
2023-01-06,マイジャグラーV,69,4325,-1807,9,11,1/216.2,1/480.6,1/393.2,5.828308557898328
2023-01-06,マイジャグラーV,70,3588,1790,24,5,1/123.7,1/149.5,1/717.6,6.171189042018444
2023-01-06,マイジャグラーV,71,1722,-344,6,3,1/191.3,1/287.0,1/574.0,6.009625189501028
2023-01-06,マイジャグラーV,72,5376,2475,32,14,1/116.9,1/168.0,1/384.0,6.066325657016583
2023-01-06,ファンキージャグラー2,73,2862,-1100,8,6,1/204.4,1/357.8,1/477.0,6.270060510355979
2023-01-06,ファンキージャグラー2,74,527,-610,0,0,1/0.0,1/0.0,1/0.0,5.834285533199866
2023-01-06,ファンキージャグラー2,75,3788,119,16,9,1/151.5,1/236.8,1/420.9,6.045727276412631
2023-01-06,ファンキージャグラー2,76,616,-499,0,2,1/308.0,1/0.0,1/308.0,5.676247484390319
2023-01-06,ファンキージャグラー2,77,1408,-665,4,2,1/234.7,1/352.0,1/704.0,6.444269200192046
2023-01-06,ファンキージャグラー2,78,4419,-514,15,11,1/170.0,1/294.6,1/401.7,5.868696092497901
2023-01-06,ファンキージャグラー2,79,923,-116,4,1,1/184.6,1/230.8,1/923.0,6.334173457702965
2023-01-06,ハッピージャグラーVIII,133,5744,-448,18,21,1/147.3,1/319.1,1/273.5,6.147800443510714
2023-01-06,ハッピージャグラーVIII,134,986,-564,1,3,1/246.5,1/986.0,1/328.7,5.822365589937464
2023-01-06,ハッピージャグラーVIII,135,2510,1227,13,11,1/104.6,1/193.1,1/228.2,6.114954443893922
2023-01-06,ハッピージャグラーVIII,136,3179,-321,9,13,1/144.5,1/353.2,1/244.5,6.10982839363045
2023-01-06,ハッピージャグラーVIII,137,1572,-660,3,6,1/174.7,1/524.0,1/262.0,6.463378607820318
2023-01-06,ハッピージャグラーVIII,138,3922,450,17,10,1/145.3,1/230.7,1/392.2,6.097356453176146
2023-01-06,ハッピージャグラーVIII,139,763,-637,1,2,1/254.3,1/763.0,1/381.5,7.4044520602366255
2023-01-06,ハッピージャグラーVIII,140,2441,250,10,6,1/152.6,1/244.1,1/406.8,5.858612726228089
2023-01-06,ハッピージャグラーVIII,141,3031,-85,11,6,1/178.3,1/275.5,1/505.2,5.743400235529623
2023-01-05,アイムジャグラーEX-TP,97,1325,-677,2,5,1/189.3,1/662.5,1/265.0,6.256367033903606
2023-01-05,アイムジャグラーEX-TP,98,5893,720,21,28,1/120.3,1/280.6,1/210.5,6.141628666750591
2023-01-05,アイムジャグラーEX-TP,99,703,-293,2,1,1/234.3,1/351.5,1/703.0,6.342912273733748
2023-01-05,アイムジャグラーEX-TP,100,2829,-462,9,8,1/166.4,1/314.3,1/353.6,6.171184468875993
2023-01-05,アイムジャグラーEX-TP,101,405,-566,0,0,1/0.0,1/0.0,1/0.0,7.074705395292613
2023-01-05,アイムジャグラーEX-TP,102,1141,-912,1,1,1/570.5,1/1141.0,1/1141.0,5.61269529695487
2023-01-05,アイムジャグラーEX-TP,103,3471,198,14,9,1/150.9,1/247.9,1/385.7,6.037770350038823
2023-01-05,アイムジャグラーEX-TP,104,2250,651,12,6,1/125.0,1/187.5,1/375.0,6.537799376729792
2023-01-05,アイムジャグラーEX-TP,105,1102,-1149,1,0,1/1102.0,1/1102.0,1/0.0,6.360940179282696
2023-01-05,アイムジャグラーEX-TP,106,423,-301,1,0,1/423.0,1/423.0,1/0.0,6.542552031462405
2023-01-05,アイムジャグラーEX-TP,107,3852,2014,22,11,1/116.7,1/175.1,1/350.2,5.951518025675671
2023-01-05,アイムジャグラーEX-TP,108,2415,421,11,6,1/142.1,1/219.5,1/402.5,6.053308973046732
2023-01-05,アイムジャグラーEX-TP,109,5813,-317,21,17,1/153.0,1/276.8,1/341.9,6.2132712352519786
2023-01-05,アイムジャグラーEX-TP,110,1868,-1303,1,5,1/311.3,1/1868.0,1/373.6,5.550434642413843
2023-01-05,アイムジャグラーEX-TP,111,2018,329,10,4,1/144.1,1/201.8,1/504.5,6.361792022867648
2023-01-05,アイムジャグラーEX-TP,112,1230,-580,3,1,1/307.5,1/410.0,1/1230.0,5.854238039982066
2023-01-05,アイムジャグラーEX-TP,113,4645,-418,17,14,1/149.8,1/273.2,1/331.8,6.495031440776254
2023-01-05,アイムジャグラーEX-TP,114,644,-578,1,1,1/322.0,1/644.0,1/644.0,7.320905527806595
2023-01-05,アイムジャグラーEX-TP,115,3291,-174,10,12,1/149.6,1/329.1,1/274.2,5.862128926437388
2023-01-05,アイムジャグラーEX-TP,116,2270,-58,10,3,1/174.6,1/227.0,1/756.7,6.2989145749252415
2023-01-05,アイムジャグラーEX-TP,117,5244,1133,22,19,1/127.9,1/238.4,1/276.0,5.947044696996769
2023-01-05,アイムジャグラーEX-TP,118,1162,-542,3,3,1/193.7,1/387.3,1/387.3,6.853395952061144
2023-01-05,アイムジャグラーEX-TP,119,1170,198,5,3,1/146.2,1/234.0,1/390.0,5.79877363371972
2023-01-05,アイムジャグラーEX-TP,120,5867,15,24,13,1/158.6,1/244.5,1/451.3,6.191754881056832
2023-01-05,アイムジャグラーEX-TP,121,2430,-832,7,4,1/220.9,1/347.1,1/607.5,6.12849486562014
2023-01-05,アイムジャグラーEX-TP,122,1758,-136,6,4,1/175.8,1/293.0,1/439.5,5.810882162647715
2023-01-05,アイムジャグラーEX-TP,123,2749,-250,8,10,1/152.7,1/343.6,1/274.9,5.883593540554825
2023-01-05,アイムジャグラーEX-TP,124,3796,44,14,13,1/140.6,1/271.1,1/292.0,6.215623618380751
2023-01-05,アイムジャグラーEX-TP,125,3394,52,11,10,1/161.6,1/308.5,1/339.4,5.522214458110904
2023-01-05,アイムジャグラーEX-TP,126,3622,-807,10,11,1/172.5,1/362.2,1/329.3,6.048858847373747
2023-01-05,アイムジャグラーEX-TP,127,1964,195,8,6,1/140.3,1/245.5,1/327.3,6.091999238438057
2023-01-05,アイムジャグラーEX-TP,128,3104,182,12,8,1/155.2,1/258.7,1/388.0,5.838832131243704
2023-01-05,アイムジャグラーEX-TP,129,3134,-802,7,12,1/164.9,1/447.7,1/261.2,5.941225357066411
2023-01-05,アイムジャグラーEX-TP,130,3222,187,12,12,1/134.2,1/268.5,1/268.5,6.173526920217875
2023-01-05,アイムジャグラーEX-TP,131,4684,-79,16,16,1/146.4,1/292.8,1/292.8,6.02477546135194
2023-01-05,アイムジャグラーEX-TP,132,4659,1263,25,9,1/137.0,1/186.4,1/517.7,6.313069207742741
2023-01-05,アイムジャグラーEX-TP,157,6766,-950,20,22,1/161.1,1/338.3,1/307.5,5.990186187487659
2023-01-05,アイムジャグラーEX-TP,158,796,-151,3,0,1/265.3,1/265.3,1/0.0,5.748367799347878
2023-01-05,アイムジャグラーEX-TP,159,6041,-23,19,26,1/134.2,1/317.9,1/232.3,6.0407499733586025
2023-01-05,アイムジャグラーEX-TP,160,5024,-979,12,21,1/152.2,1/418.7,1/239.2,5.99162524874219
2023-01-05,アイムジャグラーEX-TP,161,2129,-35,8,5,1/163.8,1/266.1,1/425.8,5.95203298829714
2023-01-05,アイムジャグラーEX-TP,162,5275,-515,19,13,1/164.8,1/277.6,1/405.8,6.196871372921257
2023-01-05,アイムジャグラーEX-TP,163,1194,-1137,0,4,1/298.5,1/0.0,1/298.5,6.364545833685142
2023-01-05,アイムジャグラーEX-TP,164,3683,170,14,9,1/160.1,1/263.1,1/409.2,5.769276829216733
2023-01-05,アイムジャグラーEX-TP,165,2528,715,11,10,1/120.4,1/229.8,1/252.8,5.9651782249191685
2023-01-05,アイムジャグラーEX-TP,166,6405,1419,31,17,1/133.4,1/206.6,1/376.8,6.245056606246109
2023-01-05,アイムジャグラーEX-TP,167,1898,-265,6,6,1/158.2,1/316.3,1/316.3,6.185555183886322
2023-01-05,アイムジャグラーEX-TP,168,5695,922,24,16,1/142.4,1/237.3,1/355.9,5.866007009543617
2023-01-05,アイムジャグラーEX-TP,169,7945,1822,34,33,1/118.6,1/233.7,1/240.8,6.216895471764359
2023-01-05,アイムジャグラーEX-TP,170,559,37,2,1,1/186.3,1/279.5,1/559.0,5.245250163245509
2023-01-05,アイムジャグラーEX-TP,171,7642,1844,37,23,1/127.4,1/206.5,1/332.3,6.31673257658844
2023-01-05,アイムジャグラーEX-TP,172,268,-218,0,1,1/268.0,1/0.0,1/268.0,5.88461714966272
2023-01-05,アイムジャグラーEX-TP,173,5817,2260,28,27,1/105.8,1/207.8,1/215.4,6.322407364912236
2023-01-05,アイムジャグラーEX-TP,174,1496,-224,5,3,1/187.0,1/299.2,1/498.7,5.935428253844616
2023-01-05,アイムジャグラーEX-TP,175,2081,-629,6,5,1/189.2,1/346.8,1/416.2,6.285385686941461
2023-01-05,アイムジャグラーEX-TP,176,2118,376,11,4,1/141.2,1/192.5,1/529.5,6.551617013627581
2023-01-05,アイムジャグラーEX-TP,177,3258,-69,12,8,1/162.9,1/271.5,1/407.2,5.935417411781991
2023-01-05,アイムジャグラーEX-TP,178,6222,932,22,27,1/127.0,1/282.8,1/230.4,5.8122664286508385
2023-01-05,マイジャグラーV,68,3121,1319,16,10,1/120.0,1/195.1,1/312.1,5.628133651574747
2023-01-05,マイジャグラーV,69,7639,-136,28,23,1/149.8,1/272.8,1/332.1,5.930343114764657
2023-01-05,マイジャグラーV,70,1934,-145,8,3,1/175.8,1/241.8,1/644.7,6.069128868419474
2023-01-05,マイジャグラーV,71,6177,1385,30,17,1/131.4,1/205.9,1/363.4,6.012166088190546
2023-01-05,マイジャグラーV,72,3937,-112,13,13,1/151.4,1/302.8,1/302.8,5.724259279059096
2023-01-05,ファンキージャグラー2,73,3396,-451,10,13,1/147.7,1/339.6,1/261.2,6.029675377618185
2023-01-05,ファンキージャグラー2,74,2768,-929,8,5,1/212.9,1/346.0,1/553.6,6.017078023872452
2023-01-05,ファンキージャグラー2,75,1357,420,7,3,1/135.7,1/193.9,1/452.3,5.741042089041256
2023-01-05,ファンキージャグラー2,76,1560,-249,5,3,1/195.0,1/312.0,1/520.0,5.637436917622953
2023-01-05,ファンキージャグラー2,77,3077,-630,9,10,1/161.9,1/341.9,1/307.7,6.085447585090149
2023-01-05,ファンキージャグラー2,78,1945,-457,6,5,1/176.8,1/324.2,1/389.0,6.102986325349181
2023-01-05,ファンキージャグラー2,79,3862,1159,21,7,1/137.9,1/183.9,1/551.7,5.903123431720125
2023-01-05,ハッピージャグラーVIII,133,5281,281,21,17,1/139.0,1/251.5,1/310.6,6.287967447117515
2023-01-05,ハッピージャグラーVIII,134,1055,-406,3,3,1/175.8,1/351.7,1/351.7,7.0069608843050295
2023-01-05,ハッピージャグラーVIII,135,4176,-983,13,8,1/198.9,1/321.2,1/522.0,6.081886130372278
2023-01-05,ハッピージャグラーVIII,136,3959,-629,13,9,1/180.0,1/304.5,1/439.9,6.075454761849635
2023-01-05,ハッピージャグラーVIII,137,1931,-510,7,2,1/214.6,1/275.9,1/965.5,6.40953483863079
2023-01-05,ハッピージャグラーVIII,138,1905,-769,2,9,1/173.2,1/952.5,1/211.7,5.827310854723878
2023-01-05,ハッピージャグラーVIII,139,630,-583,1,1,1/315.0,1/630.0,1/630.0,7.8237908439914365
2023-01-05,ハッピージャグラーVIII,140,3187,1309,18,8,1/122.6,1/177.1,1/398.4,6.168114356685341
2023-01-05,ハッピージャグラーVIII,141,3508,870,17,8,1/140.3,1/206.4,1/438.5,5.932700213200072
2023-01-04,アイムジャグラーEX-TP,97,2764,-265,10,6,1/172.8,1/276.4,1/460.7,6.07593298325056
2023-01-04,アイムジャグラーEX-TP,98,1377,-637,2,5,1/196.7,1/688.5,1/275.4,5.904338651254386
2023-01-04,アイムジャグラーEX-TP,99,716,-33,3,0,1/238.7,1/238.7,1/0.0,5.596334369723394
2023-01-04,アイムジャグラーEX-TP,100,4612,160,16,19,1/131.8,1/288.2,1/242.7,6.15871321779639
2023-01-04,アイムジャグラーEX-TP,101,5061,1875,23,22,1/112.5,1/220.0,1/230.0,5.957115898532413
2023-01-04,アイムジャグラーEX-TP,102,3296,-8,12,10,1/149.8,1/274.7,1/329.6,6.05070024188482
2023-01-04,アイムジャグラーEX-TP,103,1737,-252,6,4,1/173.7,1/289.5,1/434.2,6.172730263627821
2023-01-04,アイムジャグラーEX-TP,104,6062,5,21,23,1/137.8,1/288.7,1/263.6,6.166306277157381
2023-01-04,アイムジャグラーEX-TP,105,1774,-43,8,3,1/161.3,1/221.8,1/591.3,6.611725242489868
2023-01-04,アイムジャグラーEX-TP,106,6270,2747,30,22,1/120.6,1/209.0,1/285.0,5.594114598872539
2023-01-04,アイムジャグラーEX-TP,107,2073,-102,7,6,1/159.5,1/296.1,1/345.5,5.903970005440025
2023-01-04,アイムジャグラーEX-TP,108,6436,230,25,21,1/139.9,1/257.4,1/306.5,6.2631621530151245
2023-01-04,アイムジャグラーEX-TP,109,2701,-1306,7,2,1/300.1,1/385.9,1/1350.5,6.04632289213286
2023-01-04,アイムジャグラーEX-TP,110,2298,280,10,5,1/153.2,1/229.8,1/459.6,5.927780595350892
2023-01-04,アイムジャグラーEX-TP,111,2157,-1083,4,5,1/239.7,1/539.2,1/431.4,5.972305943873116
2023-01-04,アイムジャグラーEX-TP,112,4351,989,22,8,1/145.0,1/197.8,1/543.9,6.1064306370529895
2023-01-04,アイムジャグラーEX-TP,113,874,-2,4,1,1/174.8,1/218.5,1/874.0,6.313308707576859
2023-01-04,アイムジャグラーEX-TP,114,7166,-54,25,26,1/140.5,1/286.6,1/275.6,6.160200157161611
2023-01-04,アイムジャグラーEX-TP,115,1775,-385,6,4,1/177.5,1/295.8,1/443.8,6.412954529442687
2023-01-04,アイムジャグラーEX-TP,116,3464,-1108,8,12,1/173.2,1/433.0,1/288.7,6.162192755808738
2023-01-04,アイムジャグラーEX-TP,117,3514,-570,11,10,1/167.3,1/319.5,1/351.4,6.113608274394745
2023-01-04,アイムジャグラーEX-TP,118,975,-875,1,1,1/487.5,1/975.0,1/975.0,6.272052698108413
2023-01-04,アイムジャグラーEX-TP,119,2612,-53,9,9,1/145.1,1/290.2,1/290.2,6.087741130601671
2023-01-04,アイムジャグラーEX-TP,120,6132,789,27,14,1/149.6,1/227.1,1/438.0,6.000434297578271
2023-01-04,アイムジャグラーEX-TP,121,5716,554,22,19,1/139.4,1/259.8,1/300.8,5.96299693340677
2023-01-04,アイムジャグラーEX-TP,122,2969,146,12,8,1/148.4,1/247.4,1/371.1,6.128627780217211
2023-01-04,アイムジャグラーEX-TP,123,2563,1754,18,6,1/106.8,1/142.4,1/427.2,6.529761291493537
2023-01-04,アイムジャグラーEX-TP,124,6487,3287,36,20,1/115.8,1/180.2,1/324.4,5.938972520950007
2023-01-04,アイムジャグラーEX-TP,125,900,-895,0,3,1/300.0,1/0.0,1/300.0,6.5769161205694875
2023-01-04,アイムジャグラーEX-TP,126,1079,-895,2,0,1/539.5,1/539.5,1/0.0,6.4875072495939445
2023-01-04,アイムジャグラーEX-TP,127,3026,1146,17,5,1/137.5,1/178.0,1/605.2,5.978470315314324
2023-01-04,アイムジャグラーEX-TP,128,1498,-653,4,3,1/214.0,1/374.5,1/499.3,6.500066801420832
2023-01-04,アイムジャグラーEX-TP,129,5172,-1816,11,14,1/206.9,1/470.2,1/369.4,5.7761724465785855
2023-01-04,アイムジャグラーEX-TP,130,1539,-253,4,6,1/153.9,1/384.8,1/256.5,5.972105494313772
2023-01-04,アイムジャグラーEX-TP,131,2966,-937,8,9,1/174.5,1/370.8,1/329.6,6.422090397353094
2023-01-04,アイムジャグラーEX-TP,132,4121,-2620,7,8,1/274.7,1/588.7,1/515.1,6.245764955329594
2023-01-04,アイムジャグラーEX-TP,157,1737,-562,7,1,1/217.1,1/248.1,1/1737.0,7.0334855460049885
2023-01-04,アイムジャグラーEX-TP,158,5194,633,22,15,1/140.4,1/236.1,1/346.3,6.102651127238032
2023-01-04,アイムジャグラーEX-TP,159,1448,-560,5,0,1/289.6,1/289.6,1/0.0,6.279416605769769
2023-01-04,アイムジャグラーEX-TP,160,1882,-969,3,6,1/209.1,1/627.3,1/313.7,6.110269983999989
2023-01-04,アイムジャグラーEX-TP,161,4365,-1325,9,15,1/181.9,1/485.0,1/291.0,5.799588541447991
2023-01-04,アイムジャグラーEX-TP,162,3127,-240,11,7,1/173.7,1/284.3,1/446.7,5.906189463682866
2023-01-04,アイムジャグラーEX-TP,163,4299,-201,15,13,1/153.5,1/286.6,1/330.7,6.07498592960342
2023-01-04,アイムジャグラーEX-TP,164,5473,-87,18,21,1/140.3,1/304.1,1/260.6,6.057767369934019
2023-01-04,アイムジャグラーEX-TP,165,4128,-106,16,10,1/158.8,1/258.0,1/412.8,6.16302803661185
2023-01-04,アイムジャグラーEX-TP,166,4914,109,20,12,1/153.6,1/245.7,1/409.5,6.176116913164199
2023-01-04,アイムジャグラーEX-TP,167,2558,866,13,7,1/127.9,1/196.8,1/365.4,6.018040192980057
2023-01-04,アイムジャグラーEX-TP,168,5947,-700,21,14,1/169.9,1/283.2,1/424.8,6.157773633179531
2023-01-04,アイムジャグラーEX-TP,169,3281,-903,11,8,1/172.7,1/298.3,1/410.1,6.788273661731986
2023-01-04,アイムジャグラーEX-TP,170,4354,-603,13,15,1/155.5,1/334.9,1/290.3,6.099849008422891
2023-01-04,アイムジャグラーEX-TP,171,1381,-533,3,4,1/197.3,1/460.3,1/345.2,6.057482747907526
2023-01-04,アイムジャグラーEX-TP,172,8479,1316,35,27,1/136.8,1/242.3,1/314.0,5.956379854648032
2023-01-04,アイムジャグラーEX-TP,173,3590,34,12,11,1/156.1,1/299.2,1/326.4,5.6894734519105175
2023-01-04,アイムジャグラーEX-TP,174,2838,-871,9,5,1/202.7,1/315.3,1/567.6,6.365240743587512
2023-01-04,アイムジャグラーEX-TP,175,2606,-322,10,5,1/173.7,1/260.6,1/521.2,6.359874861286517
2023-01-04,アイムジャグラーEX-TP,176,3157,96,13,9,1/143.5,1/242.8,1/350.8,6.386799551479566
2023-01-04,アイムジャグラーEX-TP,177,4252,92,15,15,1/141.7,1/283.5,1/283.5,6.0259525816487525
2023-01-04,アイムジャグラーEX-TP,178,3755,235,17,8,1/150.2,1/220.9,1/469.4,6.397489935027569
2023-01-04,マイジャグラーV,68,5408,2,24,12,1/150.2,1/225.3,1/450.7,6.3603828687039154
2023-01-04,マイジャグラーV,69,6865,-489,23,25,1/143.0,1/298.5,1/274.6,6.102840338234479
2023-01-04,マイジャグラーV,70,6252,969,30,14,1/142.1,1/208.4,1/446.6,6.04140160343263
2023-01-04,マイジャグラーV,71,4207,-384,17,8,1/168.3,1/247.5,1/525.9,6.195089687903416
2023-01-04,マイジャグラーV,72,5566,302,25,11,1/154.6,1/222.6,1/506.0,6.051702057648557
2023-01-04,ファンキージャグラー2,73,2805,-1520,6,4,1/280.5,1/467.5,1/701.2,5.973640115069772
2023-01-04,ファンキージャグラー2,74,3519,-366,13,10,1/153.0,1/270.7,1/351.9,6.298345456059879
2023-01-04,ファンキージャグラー2,75,3359,-662,12,6,1/186.6,1/279.9,1/559.8,6.122016630369782
2023-01-04,ファンキージャグラー2,76,5362,1485,28,14,1/127.7,1/191.5,1/383.0,6.118045590222104
2023-01-04,ファンキージャグラー2,77,4560,-386,16,12,1/162.9,1/285.0,1/380.0,5.908771675214517
2023-01-04,ファンキージャグラー2,78,2170,-754,5,5,1/217.0,1/434.0,1/434.0,5.671758725474789
2023-01-04,ファンキージャグラー2,79,2144,-34,8,5,1/164.9,1/268.0,1/428.8,5.722516407193876
2023-01-04,ハッピージャグラーVIII,133,6398,-846,22,14,1/177.7,1/290.8,1/457.0,6.086262111137211
2023-01-04,ハッピージャグラーVIII,134,6685,2435,33,24,1/117.3,1/202.6,1/278.5,6.071128813903157
2023-01-04,ハッピージャグラーVIII,135,5100,125,18,17,1/145.7,1/283.3,1/300.0,5.9709967613196495
2023-01-04,ハッピージャグラーVIII,136,4581,-89,15,16,1/147.8,1/305.4,1/286.3,5.962364962756451
2023-01-04,ハッピージャグラーVIII,137,2749,1079,16,6,1/125.0,1/171.8,1/458.2,6.30514583559768
2023-01-04,ハッピージャグラーVIII,138,4434,319,18,14,1/138.6,1/246.3,1/316.7,6.2646472245256835
2023-01-04,ハッピージャグラーVIII,139,5637,1394,26,19,1/125.3,1/216.8,1/296.7,6.15649161125458
2023-01-04,ハッピージャグラーVIII,140,6676,3836,40,23,1/106.0,1/166.9,1/290.3,6.206347961650236
2023-01-04,ハッピージャグラーVIII,141,6379,339,28,12,1/159.5,1/227.8,1/531.6,6.147816212725718
2023-01-03,アイムジャグラーEX-TP,97,3402,-844,7,14,1/162.0,1/486.0,1/243.0,5.833965246201307
2023-01-03,アイムジャグラーEX-TP,98,7355,2280,33,26,1/124.7,1/222.9,1/282.9,5.821106667960949
2023-01-03,アイムジャグラーEX-TP,99,1423,-390,4,5,1/158.1,1/355.8,1/284.6,6.593498143603609
2023-01-03,アイムジャグラーEX-TP,100,3763,739,15,15,1/125.4,1/250.9,1/250.9,5.9546225166510265
2023-01-03,アイムジャグラーEX-TP,101,4182,784,21,5,1/160.8,1/199.1,1/836.4,5.969026319923425
2023-01-03,アイムジャグラーEX-TP,102,2395,1237,14,7,1/114.0,1/171.1,1/342.1,6.164584628614664
2023-01-03,アイムジャグラーEX-TP,103,4407,-655,16,8,1/183.6,1/275.4,1/550.9,6.179510532286519
2023-01-03,アイムジャグラーEX-TP,104,2206,33,8,8,1/137.9,1/275.8,1/275.8,6.217425453745229
2023-01-03,アイムジャグラーEX-TP,105,3532,-333,10,16,1/135.8,1/353.2,1/220.8,6.1957762137555425
2023-01-03,アイムジャグラーEX-TP,106,3288,-458,9,14,1/143.0,1/365.3,1/234.9,6.174117203109135
2023-01-03,アイムジャグラーEX-TP,107,3288,-1012,7,9,1/205.5,1/469.7,1/365.3,5.6143752047334505
2023-01-03,アイムジャグラーEX-TP,108,3744,-168,15,9,1/156.0,1/249.6,1/416.0,6.410917628338557
2023-01-03,アイムジャグラーEX-TP,109,6915,358,30,14,1/157.2,1/230.5,1/493.9,6.166995275805152
2023-01-03,アイムジャグラーEX-TP,110,1673,-852,3,4,1/239.0,1/557.7,1/418.2,5.966664356798398
2023-01-03,アイムジャグラーEX-TP,111,4388,-675,17,3,1/219.4,1/258.1,1/1462.7,5.9881259338365025
2023-01-03,アイムジャグラーEX-TP,112,3021,-623,9,9,1/167.8,1/335.7,1/335.7,6.202402310931744
2023-01-03,アイムジャグラーEX-TP,113,4180,46,16,11,1/154.8,1/261.2,1/380.0,6.0288886169318445
2023-01-03,アイムジャグラーEX-TP,114,5102,256,18,18,1/141.7,1/283.4,1/283.4,5.8995543859128174
2023-01-03,アイムジャグラーEX-TP,115,5640,-108,22,13,1/161.1,1/256.4,1/433.8,6.108875432393839
2023-01-03,アイムジャグラーEX-TP,116,2477,-2150,0,9,1/275.2,1/0.0,1/275.2,6.087119333563401
2023-01-03,アイムジャグラーEX-TP,117,5365,-1124,14,16,1/178.8,1/383.2,1/335.3,5.8008334386637825
2023-01-03,アイムジャグラーEX-TP,118,3263,-154,12,6,1/181.3,1/271.9,1/543.8,5.788786260589904
2023-01-03,アイムジャグラーEX-TP,119,2638,-1706,4,6,1/263.8,1/659.5,1/439.7,6.230499869839709
2023-01-03,アイムジャグラーEX-TP,120,4302,-1563,9,9,1/239.0,1/478.0,1/478.0,5.555149658598476
2023-01-03,アイムジャグラーEX-TP,121,4287,-890,13,9,1/194.9,1/329.8,1/476.3,5.887313119007304
2023-01-03,アイムジャグラーEX-TP,122,4708,623,20,13,1/142.7,1/235.4,1/362.2,6.0136540859056105
2023-01-03,アイムジャグラーEX-TP,123,2210,-639,6,6,1/184.2,1/368.3,1/368.3,6.1611649229547725
2023-01-03,アイムジャグラーEX-TP,124,3505,-944,11,9,1/175.2,1/318.6,1/389.4,6.525844952626648
2023-01-03,アイムジャグラーEX-TP,125,2477,-79,10,5,1/165.1,1/247.7,1/495.4,6.2023876913979334
2023-01-03,アイムジャグラーEX-TP,126,4567,-615,16,15,1/147.3,1/285.4,1/304.5,6.663399115882056
2023-01-03,アイムジャグラーEX-TP,127,6108,556,24,26,1/122.2,1/254.5,1/234.9,6.521740383865708
2023-01-03,アイムジャグラーEX-TP,128,3443,-297,13,6,1/181.2,1/264.8,1/573.8,6.02679618962944
2023-01-03,アイムジャグラーEX-TP,129,4021,559,16,11,1/148.9,1/251.3,1/365.5,5.685778324300025
2023-01-03,アイムジャグラーEX-TP,130,3138,-346,11,8,1/165.2,1/285.3,1/392.2,6.18002702314302
2023-01-03,アイムジャグラーEX-TP,131,2742,-471,8,10,1/152.3,1/342.8,1/274.2,6.268944867990699
2023-01-03,アイムジャグラーEX-TP,132,4048,424,14,13,1/149.9,1/289.1,1/311.4,5.486126882107104
2023-01-03,アイムジャグラーEX-TP,157,1847,-469,6,1,1/263.9,1/307.8,1/1847.0,5.687327018809411
2023-01-03,アイムジャグラーEX-TP,158,6296,463,24,23,1/134.0,1/262.3,1/273.7,6.172130948502713
2023-01-03,アイムジャグラーEX-TP,159,5954,1366,28,16,1/135.3,1/212.6,1/372.1,6.059575005793948
2023-01-03,アイムジャグラーEX-TP,160,2289,-131,9,4,1/176.1,1/254.3,1/572.2,6.0754968470453985
2023-01-03,アイムジャグラーEX-TP,161,3256,-676,10,6,1/203.5,1/325.6,1/542.7,5.824413537368121
2023-01-03,アイムジャグラーEX-TP,162,2874,-571,9,6,1/191.6,1/319.3,1/479.0,5.952403019686776
2023-01-03,アイムジャグラーEX-TP,163,6273,49,22,23,1/139.4,1/285.1,1/272.7,6.126798235548524
2023-01-03,アイムジャグラーEX-TP,164,3897,-530,14,8,1/177.1,1/278.4,1/487.1,6.181589497471513
2023-01-03,アイムジャグラーEX-TP,165,5858,1542,29,16,1/130.2,1/202.0,1/366.1,6.213202116896719
2023-01-03,アイムジャグラーEX-TP,166,2818,-337,9,7,1/176.1,1/313.1,1/402.6,5.840708419482746
2023-01-03,アイムジャグラーEX-TP,167,4691,-712,16,11,1/173.7,1/293.2,1/426.5,6.1717602590450005
2023-01-03,アイムジャグラーEX-TP,168,3032,-1482,7,6,1/233.2,1/433.1,1/505.3,6.2943475658593355
2023-01-03,アイムジャグラーEX-TP,169,6068,-527,22,15,1/164.0,1/275.8,1/404.5,6.1771850191210245
2023-01-03,アイムジャグラーEX-TP,170,3033,-1119,8,9,1/178.4,1/379.1,1/337.0,6.589638077653312
2023-01-03,アイムジャグラーEX-TP,171,4478,1147,20,15,1/127.9,1/223.9,1/298.5,5.9557109236237
2023-01-03,アイムジャグラーEX-TP,172,3851,-325,13,8,1/183.4,1/296.2,1/481.4,5.7228727620517335
2023-01-03,アイムジャグラーEX-TP,173,2046,175,8,7,1/136.4,1/255.8,1/292.3,6.127599808672734
2023-01-03,アイムジャグラーEX-TP,174,7043,-264,23,28,1/138.1,1/306.2,1/251.5,6.193548777432779
2023-01-03,アイムジャグラーEX-TP,175,1664,-310,6,2,1/208.0,1/277.3,1/832.0,6.053318091388806
2023-01-03,アイムジャグラーEX-TP,176,5112,-205,19,15,1/150.4,1/269.1,1/340.8,6.275018290475358
2023-01-03,アイムジャグラーEX-TP,177,3942,-487,14,9,1/171.4,1/281.6,1/438.0,6.17760927555339
2023-01-03,アイムジャグラーEX-TP,178,5019,-407,20,7,1/185.9,1/250.9,1/717.0,6.0920470068124715
2023-01-03,マイジャグラーV,68,5545,1170,30,7,1/149.9,1/184.8,1/792.1,6.029190046342738
2023-01-03,マイジャグラーV,69,5013,-205,23,8,1/161.7,1/218.0,1/626.6,6.451948271430729
2023-01-03,マイジャグラーV,70,1484,-977,2,2,1/371.0,1/742.0,1/742.0,5.628390130799955
2023-01-03,マイジャグラーV,71,7436,-1134,25,20,1/165.2,1/297.4,1/371.8,6.072204761571299
2023-01-03,マイジャグラーV,72,6422,-619,19,24,1/149.3,1/338.0,1/267.6,5.837973734222558
2023-01-03,ファンキージャグラー2,73,6679,1742,31,20,1/131.0,1/215.5,1/333.9,5.739552056492179
2023-01-03,ファンキージャグラー2,74,1740,456,10,1,1/158.2,1/174.0,1/1740.0,5.877911719846566
2023-01-03,ファンキージャグラー2,75,3201,392,14,6,1/160.1,1/228.6,1/533.5,5.60918551879501
2023-01-03,ファンキージャグラー2,76,4360,2367,25,14,1/111.8,1/174.4,1/311.4,5.739313408306404
2023-01-03,ファンキージャグラー2,77,3722,-928,11,10,1/177.2,1/338.4,1/372.2,6.077266268637294
2023-01-03,ファンキージャグラー2,78,468,-80,2,0,1/234.0,1/234.0,1/0.0,5.991055661131554
2023-01-03,ファンキージャグラー2,79,7410,3288,41,21,1/119.5,1/180.7,1/352.9,5.80256763617901
2023-01-03,ハッピージャグラーVIII,133,4674,-1501,12,12,1/194.8,1/389.5,1/389.5,6.163053712681112
2023-01-03,ハッピージャグラーVIII,134,2468,-750,7,6,1/189.8,1/352.6,1/411.3,6.3296650086346835
2023-01-03,ハッピージャグラーVIII,135,4579,-289,18,12,1/152.6,1/254.4,1/381.6,6.535250775530281
2023-01-03,ハッピージャグラーVIII,136,1379,-388,3,4,1/197.0,1/459.7,1/344.8,5.714777979684047
2023-01-03,ハッピージャグラーVIII,137,3319,-338,12,7,1/174.7,1/276.6,1/474.1,6.106974589562294
2023-01-03,ハッピージャグラーVIII,138,1675,-374,5,5,1/167.5,1/335.0,1/335.0,6.370327584588087
2023-01-03,ハッピージャグラーVIII,139,5482,-1289,19,8,1/203.0,1/288.5,1/685.2,6.275807605970868
2023-01-03,ハッピージャグラーVIII,140,2553,-1940,4,3,1/364.7,1/638.2,1/851.0,6.4914222104087225
2023-01-03,ハッピージャグラーVIII,141,4320,-1432,11,15,1/166.2,1/392.7,1/288.0,6.632511280642738
2023-01-02,アイムジャグラーEX-TP,97,1591,-618,5,0,1/318.2,1/318.2,1/0.0,5.924664998550113
2023-01-02,アイムジャグラーEX-TP,98,1315,-1015,1,6,1/187.9,1/1315.0,1/219.2,7.074690710931097
2023-01-02,アイムジャグラーEX-TP,99,2524,-721,7,7,1/180.3,1/360.6,1/360.6,6.241770272881591
2023-01-02,アイムジャグラーEX-TP,100,932,-753,1,2,1/310.7,1/932.0,1/466.0,6.418488331677175
2023-01-02,アイムジャグラーEX-TP,101,2338,-897,4,10,1/167.0,1/584.5,1/233.8,6.118992898565888
2023-01-02,アイムジャグラーEX-TP,102,288,-78,1,0,1/288.0,1/288.0,1/0.0,5.775794487605807
2023-01-02,アイムジャグラーEX-TP,103,6133,2210,26,36,1/98.9,1/235.9,1/170.4,6.327012654912515
2023-01-02,アイムジャグラーEX-TP,104,11,-19,0,0,1/0.0,1/0.0,1/0.0,9.986926205694362
2023-01-02,アイムジャグラーEX-TP,105,2781,-667,7,11,1/154.5,1/397.3,1/252.8,6.2533765647551425
2023-01-02,アイムジャグラーEX-TP,106,1010,302,5,1,1/168.3,1/202.0,1/1010.0,5.371971816827462
2023-01-02,アイムジャグラーEX-TP,107,4955,2333,25,20,1/110.1,1/198.2,1/247.8,5.938954380859811
2023-01-02,アイムジャグラーEX-TP,108,1017,-718,1,3,1/254.2,1/1017.0,1/339.0,6.180955025013115
2023-01-02,アイムジャグラーEX-TP,109,4497,-753,16,8,1/187.4,1/281.1,1/562.1,6.165705875016905
2023-01-02,アイムジャグラーEX-TP,110,699,-465,1,1,1/349.5,1/699.0,1/699.0,5.850622802563827
2023-01-02,アイムジャグラーEX-TP,111,2403,765,11,7,1/133.5,1/218.5,1/343.3,5.637449102843259
2023-01-02,アイムジャグラーEX-TP,112,6166,-117,22,21,1/143.4,1/280.3,1/293.6,6.208785423318483
2023-01-02,アイムジャグラーEX-TP,113,683,-770,0,0,1/0.0,1/0.0,1/0.0,5.710448331228076
2023-01-02,アイムジャグラーEX-TP,114,5306,977,26,11,1/143.4,1/204.1,1/482.4,6.2313418668581155
2023-01-02,アイムジャグラーEX-TP,115,1021,188,5,2,1/145.9,1/204.2,1/510.5,6.17541231461893
2023-01-02,アイムジャグラーEX-TP,116,1881,25,7,7,1/134.4,1/268.7,1/268.7,6.389076628635413
2023-01-02,アイムジャグラーEX-TP,117,916,45,5,1,1/152.7,1/183.2,1/916.0,7.2594625429960695
2023-01-02,アイムジャグラーEX-TP,118,3964,1136,17,18,1/113.3,1/233.2,1/220.2,6.130872063501358
2023-01-02,アイムジャグラーEX-TP,119,4633,-1054,12,16,1/165.5,1/386.1,1/289.6,6.055510035756394
2023-01-02,アイムジャグラーEX-TP,120,3210,-768,11,6,1/188.8,1/291.8,1/535.0,6.399749273374261
2023-01-02,アイムジャグラーEX-TP,121,3019,-1135,8,4,1/251.6,1/377.4,1/754.8,5.88069425150547
2023-01-02,アイムジャグラーEX-TP,122,3419,140,15,6,1/162.8,1/227.9,1/569.8,6.154710114683725
2023-01-02,アイムジャグラーEX-TP,123,2592,-998,7,6,1/199.4,1/370.3,1/432.0,6.42945755197461
2023-01-02,アイムジャグラーEX-TP,124,595,-60,2,1,1/198.3,1/297.5,1/595.0,5.622487303336969
2023-01-02,アイムジャグラーEX-TP,125,5192,2239,27,18,1/115.4,1/192.3,1/288.4,6.047944896791972
2023-01-02,アイムジャグラーEX-TP,126,90,-98,0,0,1/0.0,1/0.0,1/0.0,5.557751210354708
2023-01-02,アイムジャグラーEX-TP,127,2749,-385,10,4,1/196.4,1/274.9,1/687.2,5.989348676523885
2023-01-02,アイムジャグラーEX-TP,128,3537,940,17,11,1/126.3,1/208.1,1/321.5,6.2002759604870805
2023-01-02,アイムジャグラーEX-TP,129,910,-534,2,1,1/303.3,1/455.0,1/910.0,6.227431974715258
2023-01-02,アイムジャグラーEX-TP,130,5840,106,23,16,1/149.7,1/253.9,1/365.0,6.172840484870278
2023-01-02,アイムジャグラーEX-TP,131,358,-407,0,1,1/358.0,1/0.0,1/358.0,7.1086654830804825
2023-01-02,アイムジャグラーEX-TP,132,6047,-1175,22,10,1/189.0,1/274.9,1/604.7,6.337120472820659
2023-01-02,アイムジャグラーEX-TP,157,7186,1954,35,19,1/133.1,1/205.3,1/378.2,6.039285070341031
2023-01-02,アイムジャグラーEX-TP,158,1033,-220,3,1,1/258.2,1/344.3,1/1033.0,5.356652454166138
2023-01-02,アイムジャグラーEX-TP,159,1096,616,7,2,1/121.8,1/156.6,1/548.0,6.098253434621465
2023-01-02,アイムジャグラーEX-TP,160,6144,1889,28,21,1/125.4,1/219.4,1/292.6,5.8599757087601985
2023-01-02,アイムジャグラーEX-TP,161,723,-250,1,3,1/180.8,1/723.0,1/241.0,5.556327481180727
2023-01-02,アイムジャグラーEX-TP,162,5528,189,20,25,1/122.8,1/276.4,1/221.1,6.542686466593886
2023-01-02,アイムジャグラーEX-TP,163,3951,6,13,17,1/131.7,1/303.9,1/232.4,6.185648937510292
2023-01-02,アイムジャグラーEX-TP,164,1894,-536,5,5,1/189.4,1/378.8,1/378.8,6.012368973052461
2023-01-02,アイムジャグラーEX-TP,165,2308,-905,6,3,1/256.4,1/384.7,1/769.3,5.885667041542175
2023-01-02,アイムジャグラーEX-TP,166,686,-556,0,2,1/343.0,1/0.0,1/343.0,5.5550633916949685
2023-01-02,アイムジャグラーEX-TP,167,5683,199,21,18,1/145.7,1/270.6,1/315.7,6.000507429854063
2023-01-02,アイムジャグラーEX-TP,168,5228,-164,19,14,1/158.4,1/275.2,1/373.4,6.0206077757485295
2023-01-02,アイムジャグラーEX-TP,169,2588,-445,9,6,1/172.5,1/287.6,1/431.3,6.3401416933474835
2023-01-02,アイムジャグラーEX-TP,170,1111,-884,1,2,1/370.3,1/1111.0,1/555.5,5.992394136213105
2023-01-02,アイムジャグラーEX-TP,171,5573,1483,26,19,1/123.8,1/214.3,1/293.3,6.165609601499272
2023-01-02,アイムジャグラーEX-TP,172,365,-443,0,0,1/0.0,1/0.0,1/0.0,6.08540237013918
2023-01-02,アイムジャグラーEX-TP,173,8007,1347,34,25,1/135.7,1/235.5,1/320.3,6.00477623816675
2023-01-02,アイムジャグラーEX-TP,174,136,-179,0,0,1/0.0,1/0.0,1/0.0,6.5998784845902545
2023-01-02,アイムジャグラーEX-TP,175,7691,3062,38,29,1/114.8,1/202.4,1/265.2,6.033600715226841
2023-01-02,アイムジャグラーEX-TP,176,1159,968,7,5,1/96.6,1/165.6,1/231.8,5.574383729994745
2023-01-02,アイムジャグラーEX-TP,177,1216,398,7,2,1/135.1,1/173.7,1/608.0,6.3866086262599175
2023-01-02,アイムジャグラーEX-TP,178,3898,-1204,11,6,1/229.3,1/354.4,1/649.7,5.865908727453402
2023-01-02,マイジャグラーV,68,5348,-201,20,12,1/167.1,1/267.4,1/445.7,5.778283928654595
2023-01-02,マイジャグラーV,69,3794,-622,12,6,1/210.8,1/316.2,1/632.3,5.482331346666166
2023-01-02,マイジャグラーV,70,5006,890,22,15,1/135.3,1/227.5,1/333.7,5.833153419022446
2023-01-02,マイジャグラーV,71,5991,-703,19,15,1/176.2,1/315.3,1/399.4,5.649951131188105
2023-01-02,マイジャグラーV,72,4419,-1115,13,9,1/200.9,1/339.9,1/491.0,5.795493376677477
2023-01-02,ファンキージャグラー2,73,6643,306,27,16,1/154.5,1/246.0,1/415.2,5.826934795575559
2023-01-02,ファンキージャグラー2,74,1248,-872,3,0,1/416.0,1/416.0,1/0.0,6.375203726837844
2023-01-02,ファンキージャグラー2,75,1609,-284,5,3,1/201.1,1/321.8,1/536.3,5.5900122913391765
2023-01-02,ファンキージャグラー2,76,4294,57,18,11,1/148.1,1/238.6,1/390.4,6.177319791998105
2023-01-02,ファンキージャグラー2,77,5575,1157,26,14,1/139.4,1/214.4,1/398.2,5.791829818898183
2023-01-02,ファンキージャグラー2,78,872,-476,2,2,1/218.0,1/436.0,1/436.0,6.580968172113449
2023-01-02,ファンキージャグラー2,79,1001,-714,1,2,1/333.7,1/1001.0,1/500.5,5.771620133700072
2023-01-02,ハッピージャグラーVIII,133,6021,532,25,19,1/136.8,1/240.8,1/316.9,6.292286998776226
2023-01-02,ハッピージャグラーVIII,134,1331,30,5,1,1/221.8,1/266.2,1/1331.0,5.227091552105998
2023-01-02,ハッピージャグラーVIII,135,5079,745,23,12,1/145.1,1/220.8,1/423.2,6.081775543176633
2023-01-02,ハッピージャグラーVIII,136,2636,56,10,8,1/146.4,1/263.6,1/329.5,6.145469750172433
2023-01-02,ハッピージャグラーVIII,137,7871,2127,40,23,1/124.9,1/196.8,1/342.2,6.385985848177486
2023-01-02,ハッピージャグラーVIII,138,546,-350,1,0,1/546.0,1/546.0,1/0.0,5.713210937031993
2023-01-02,ハッピージャグラーVIII,139,2586,-862,7,8,1/172.4,1/369.4,1/323.2,6.655180518232936
2023-01-02,ハッピージャグラーVIII,140,669,-78,3,0,1/223.0,1/223.0,1/0.0,6.207227453481457
2023-01-02,ハッピージャグラーVIII,141,5412,-1050,15,14,1/186.6,1/360.8,1/386.6,5.820854178084258
2023-01-01,アイムジャグラーEX-TP,97,320,-478,0,0,1/0.0,1/0.0,1/0.0,7.732681210551243
2023-01-01,アイムジャグラーEX-TP,98,4456,1719,26,7,1/135.0,1/171.4,1/636.6,6.161138181235602
2023-01-01,アイムジャグラーEX-TP,99,287,-198,0,1,1/287.0,1/0.0,1/287.0,5.310170382459933
2023-01-01,アイムジャグラーEX-TP,100,1044,-93,4,2,1/174.0,1/261.0,1/522.0,6.181784979754654
2023-01-01,アイムジャグラーEX-TP,101,157,-178,0,0,1/0.0,1/0.0,1/0.0,5.736568026927523
2023-01-01,アイムジャグラーEX-TP,102,2585,-991,5,9,1/184.6,1/517.0,1/287.2,6.027033284378746
2023-01-01,アイムジャグラーEX-TP,103,160,-157,0,0,1/0.0,1/0.0,1/0.0,5.171065304090959
2023-01-01,アイムジャグラーEX-TP,104,886,-35,2,4,1/147.7,1/443.0,1/221.5,5.363230538888446
2023-01-01,アイムジャグラーEX-TP,105,4227,1542,22,9,1/136.4,1/192.1,1/469.7,5.785993550978401
2023-01-01,アイムジャグラーEX-TP,106,194,-175,0,0,1/0.0,1/0.0,1/0.0,4.919268215745919
2023-01-01,アイムジャグラーEX-TP,107,1186,-262,3,4,1/169.4,1/395.3,1/296.5,5.92319750382673
2023-01-01,アイムジャグラーEX-TP,108,2498,-574,5,10,1/166.5,1/499.6,1/249.8,5.656393308364439
2023-01-01,アイムジャグラーEX-TP,109,4637,29,16,18,1/136.4,1/289.8,1/257.6,6.1638465528944035
2023-01-01,アイムジャグラーEX-TP,110,1176,-517,2,5,1/168.0,1/588.0,1/235.2,6.3672785985966325
2023-01-01,アイムジャグラーEX-TP,111,2432,-1102,7,2,1/270.2,1/347.4,1/1216.0,6.280942584566035
2023-01-01,アイムジャグラーEX-TP,112,601,-366,1,2,1/200.3,1/601.0,1/300.5,6.754988041648041
2023-01-01,アイムジャグラーEX-TP,113,3155,-790,10,9,1/166.1,1/315.5,1/350.6,6.612350382473645
2023-01-01,アイムジャグラーEX-TP,114,515,-328,1,0,1/515.0,1/515.0,1/0.0,5.699780918129564
2023-01-01,アイムジャグラーEX-TP,115,4279,1543,20,21,1/104.4,1/213.9,1/203.8,6.414773882368817
2023-01-01,アイムジャグラーEX-TP,116,656,-242,1,2,1/218.7,1/656.0,1/328.0,5.383514251417829
2023-01-01,アイムジャグラーEX-TP,117,1370,-776,3,3,1/228.3,1/456.7,1/456.7,6.649281465055113
2023-01-01,アイムジャグラーEX-TP,118,5074,-918,15,16,1/163.7,1/338.3,1/317.1,6.133625442510431
2023-01-01,アイムジャグラーEX-TP,119,664,-182,2,1,1/221.3,1/332.0,1/664.0,5.908429486942771
2023-01-01,アイムジャグラーEX-TP,120,4728,-657,16,12,1/168.9,1/295.5,1/394.0,6.166389857321633
2023-01-01,アイムジャグラーEX-TP,121,787,-569,2,0,1/393.5,1/393.5,1/0.0,6.8562380179182165
2023-01-01,アイムジャグラーEX-TP,122,3757,83,15,12,1/139.1,1/250.5,1/313.1,6.435770013159154
2023-01-01,アイムジャグラーEX-TP,123,2408,-683,7,6,1/185.2,1/344.0,1/401.3,6.264828397426457
2023-01-01,アイムジャグラーEX-TP,124,675,-338,2,1,1/225.0,1/337.5,1/675.0,7.0051085402651045
2023-01-01,アイムジャグラーEX-TP,125,3561,469,16,8,1/148.4,1/222.6,1/445.1,6.073750373191963
2023-01-01,アイムジャグラーEX-TP,126,492,-203,1,1,1/246.0,1/492.0,1/492.0,5.66792981628304
2023-01-01,アイムジャグラーEX-TP,127,1306,-1493,0,1,1/1306.0,1/0.0,1/1306.0,6.096621934609388
2023-01-01,アイムジャグラーEX-TP,128,2370,-274,8,7,1/158.0,1/296.2,1/338.6,6.2340359688093026
2023-01-01,アイムジャグラーEX-TP,129,1891,-374,6,4,1/189.1,1/315.2,1/472.8,6.006623358414612
2023-01-01,アイムジャグラーEX-TP,130,3782,858,19,10,1/130.4,1/199.1,1/378.2,6.445872743644147
2023-01-01,アイムジャグラーEX-TP,131,945,-284,3,2,1/189.0,1/315.0,1/472.5,6.511558360616992
2023-01-01,アイムジャグラーEX-TP,132,3713,-50,15,7,1/168.8,1/247.5,1/530.4,6.059379437948739
2023-01-01,アイムジャグラーEX-TP,157,2641,-649,8,6,1/188.6,1/330.1,1/440.2,6.129755765556362
2023-01-01,アイムジャグラーEX-TP,158,1106,-213,3,4,1/158.0,1/368.7,1/276.5,6.108084712839112
2023-01-01,アイムジャグラーEX-TP,159,635,-285,2,0,1/317.5,1/317.5,1/0.0,6.2103964971407715
2023-01-01,アイムジャグラーEX-TP,160,2118,192,10,6,1/132.4,1/211.8,1/353.0,6.879466293733332
2023-01-01,アイムジャグラーEX-TP,161,170,-206,0,0,1/0.0,1/0.0,1/0.0,6.076463355351578
2023-01-01,アイムジャグラーEX-TP,162,4658,1248,21,16,1/125.9,1/221.8,1/291.1,5.986507327553086
2023-01-01,アイムジャグラーEX-TP,163,140,-127,0,0,1/0.0,1/0.0,1/0.0,4.934685907242005
2023-01-01,アイムジャグラーEX-TP,164,3469,180,13,14,1/128.5,1/266.8,1/247.8,6.378315448462043
2023-01-01,アイムジャグラーEX-TP,165,906,-477,2,2,1/226.5,1/453.0,1/453.0,6.467629301187644
2023-01-01,アイムジャグラーEX-TP,166,1105,-173,4,2,1/184.2,1/276.2,1/552.5,6.202230894743371
2023-01-01,アイムジャグラーEX-TP,167,3985,-2182,4,18,1/181.1,1/996.2,1/221.4,6.161749559593396
2023-01-01,アイムジャグラーEX-TP,168,3611,243,13,12,1/144.4,1/277.8,1/300.9,5.820070779216897
2023-01-01,アイムジャグラーEX-TP,169,2930,-677,10,5,1/195.3,1/293.0,1/586.0,6.263648956038911
2023-01-01,アイムジャグラーEX-TP,170,810,-319,2,1,1/270.0,1/405.0,1/810.0,5.728484677894732
2023-01-01,アイムジャグラーEX-TP,171,5646,-1013,17,18,1/161.3,1/332.1,1/313.7,6.207683015958484
2023-01-01,アイムジャグラーEX-TP,172,3123,-521,10,4,1/223.1,1/312.3,1/780.8,5.574989572109643
2023-01-01,アイムジャグラーEX-TP,173,2878,-313,10,7,1/169.3,1/287.8,1/411.1,6.084156655237627
2023-01-01,アイムジャグラーEX-TP,174,887,-355,2,3,1/177.4,1/443.5,1/295.7,6.454606759086642
2023-01-01,アイムジャグラーEX-TP,175,2855,-1019,5,12,1/167.9,1/571.0,1/237.9,6.0103624543288765
2023-01-01,アイムジャグラーEX-TP,176,984,-115,4,1,1/196.8,1/246.0,1/984.0,6.185679385299368
2023-01-01,アイムジャグラーEX-TP,177,1438,88,5,4,1/159.8,1/287.6,1/359.5,5.513607702670998
2023-01-01,アイムジャグラーEX-TP,178,2990,-584,8,7,1/199.3,1/373.8,1/427.1,5.56417941333637
2023-01-01,マイジャグラーV,68,3413,232,14,6,1/170.7,1/243.8,1/568.8,5.518524996576742
2023-01-01,マイジャグラーV,69,6669,765,28,17,1/148.2,1/238.2,1/392.3,5.722710742660442
2023-01-01,マイジャグラーV,70,4949,-32,19,12,1/159.6,1/260.5,1/412.4,5.81991972688442
2023-01-01,マイジャグラーV,71,3278,-1255,8,8,1/204.9,1/409.8,1/409.8,6.009059408649252
2023-01-01,マイジャグラーV,72,4817,-1475,16,7,1/209.4,1/301.1,1/688.1,6.195684651297902
2023-01-01,ファンキージャグラー2,73,2289,-1316,5,4,1/254.3,1/457.8,1/572.2,6.3255103042915195
2023-01-01,ファンキージャグラー2,74,2291,-800,6,5,1/208.3,1/381.8,1/458.2,5.947749436581522
2023-01-01,ファンキージャグラー2,75,168,-219,0,0,1/0.0,1/0.0,1/0.0,6.529926888140021
2023-01-01,ファンキージャグラー2,76,5110,1204,21,21,1/121.7,1/243.3,1/243.3,5.756808362355598
2023-01-01,ファンキージャグラー2,77,785,493,5,3,1/98.1,1/157.0,1/261.7,6.305034138045108
2023-01-01,ファンキージャグラー2,78,237,-281,0,0,1/0.0,1/0.0,1/0.0,5.956609118575791
2023-01-01,ファンキージャグラー2,79,2502,-836,6,7,1/192.5,1/417.0,1/357.4,5.906938451153285
2023-01-01,ハッピージャグラーVIII,133,4244,-162,18,9,1/157.2,1/235.8,1/471.6,6.543710994937797
2023-01-01,ハッピージャグラーVIII,134,1542,-422,3,8,1/140.2,1/514.0,1/192.8,6.431959245904917
2023-01-01,ハッピージャグラーVIII,135,1793,-29,6,5,1/163.0,1/298.8,1/358.6,5.7342101643192604
2023-01-01,ハッピージャグラーVIII,136,1942,116,8,4,1/161.8,1/242.8,1/485.5,5.901967319907371
2023-01-01,ハッピージャグラーVIII,137,862,274,5,1,1/143.7,1/172.4,1/862.0,6.169158394752064
2023-01-01,ハッピージャグラーVIII,138,719,-443,2,1,1/239.7,1/359.5,1/719.0,7.516638337704316
2023-01-01,ハッピージャグラーVIII,139,1016,-266,4,0,1/254.0,1/254.0,1/0.0,6.275552338168268
2023-01-01,ハッピージャグラーVIII,140,1586,-23,6,7,1/122.0,1/264.3,1/226.6,7.038503967313116
2023-01-01,ハッピージャグラーVIII,141,2149,-1202,4,4,1/268.6,1/537.2,1/537.2,6.169603741840267
2022-12-31,アイムジャグラーEX-TP,97,3507,165,13,13,1/134.9,1/269.8,1/269.8,6.197046134755484
2022-12-31,アイムジャグラーEX-TP,98,1892,-741,3,9,1/157.7,1/630.7,1/210.2,6.224755523713818
2022-12-31,アイムジャグラーEX-TP,99,1628,-479,3,7,1/162.8,1/542.7,1/232.6,5.8756522858272415
2022-12-31,アイムジャグラーEX-TP,100,3619,-139,12,11,1/157.3,1/301.6,1/329.0,5.850969138910495
2022-12-31,アイムジャグラーEX-TP,101,939,18,4,1,1/187.8,1/234.8,1/939.0,5.8149504419455225
2022-12-31,アイムジャグラーEX-TP,102,4265,889,20,14,1/125.4,1/213.2,1/304.6,6.4210353418903985
2022-12-31,アイムジャグラーEX-TP,103,1183,-131,4,4,1/147.9,1/295.8,1/295.8,6.42061300083495
2022-12-31,アイムジャグラーEX-TP,104,1755,-273,7,4,1/159.5,1/250.7,1/438.8,6.9352114913490635
2022-12-31,アイムジャグラーEX-TP,105,3330,979,16,13,1/114.8,1/208.1,1/256.2,6.434696191036662
2022-12-31,アイムジャグラーEX-TP,106,2056,201,9,5,1/146.9,1/228.4,1/411.2,6.179449159814321
2022-12-31,アイムジャグラーEX-TP,107,6139,1349,26,26,1/118.1,1/236.1,1/236.1,6.247267901531417
2022-12-31,アイムジャグラーEX-TP,108,2243,-968,5,3,1/280.4,1/448.6,1/747.7,5.676645516037195
2022-12-31,アイムジャグラーEX-TP,109,5700,-392,17,19,1/158.3,1/335.3,1/300.0,5.744213209070214
2022-12-31,アイムジャグラーEX-TP,110,3736,783,17,12,1/128.8,1/219.8,1/311.3,6.207844585347969
2022-12-31,アイムジャグラーEX-TP,111,3948,701,17,17,1/116.1,1/232.2,1/232.2,6.590562254754878
2022-12-31,アイムジャグラーEX-TP,112,2108,-495,7,6,1/162.2,1/301.1,1/351.3,6.733618038455538
2022-12-31,アイムジャグラーEX-TP,113,1286,-749,2,3,1/257.2,1/643.0,1/428.7,6.00174013127943
2022-12-31,アイムジャグラーEX-TP,114,3313,-977,11,3,1/236.6,1/301.2,1/1104.3,6.093119865332671
2022-12-31,アイムジャグラーEX-TP,115,2644,-1361,5,7,1/220.3,1/528.8,1/377.7,6.219570211702502
2022-12-31,アイムジャグラーEX-TP,116,3090,897,18,2,1/154.5,1/171.7,1/1545.0,6.185398615911967
2022-12-31,アイムジャグラーEX-TP,117,3816,860,15,16,1/123.1,1/254.4,1/238.5,5.853524836654675
2022-12-31,アイムジャグラーEX-TP,118,2646,-1043,5,10,1/176.4,1/529.2,1/264.6,6.156737268031369
2022-12-31,アイムジャグラーEX-TP,119,1738,-1330,2,3,1/347.6,1/869.0,1/579.3,6.109043187104
2022-12-31,アイムジャグラーEX-TP,120,5828,563,24,17,1/142.1,1/242.8,1/342.8,6.095597523718941
2022-12-31,アイムジャグラーEX-TP,121,4356,-299,15,13,1/155.6,1/290.4,1/335.1,6.105798175840932
2022-12-31,アイムジャグラーEX-TP,122,2840,-193,9,10,1/149.5,1/315.6,1/284.0,6.020650194181868
2022-12-31,アイムジャグラーEX-TP,123,3697,528,15,13,1/132.0,1/246.5,1/284.4,6.07534732187121
2022-12-31,アイムジャグラーEX-TP,124,1219,-879,1,3,1/304.8,1/1219.0,1/406.3,5.8534638388466025
2022-12-31,アイムジャグラーEX-TP,125,4748,587,18,15,1/143.9,1/263.8,1/316.5,5.720298120059202
2022-12-31,アイムジャグラーEX-TP,126,1304,-261,4,3,1/186.3,1/326.0,1/434.7,5.9776093605695335
2022-12-31,アイムジャグラーEX-TP,127,2818,-365,8,8,1/176.1,1/352.2,1/352.2,5.653234223725079
2022-12-31,アイムジャグラーEX-TP,128,2171,-1274,3,5,1/271.4,1/723.7,1/434.2,5.818459143374874
2022-12-31,アイムジャグラーEX-TP,129,3010,-227,10,9,1/158.4,1/301.0,1/334.4,5.999761006197792
2022-12-31,アイムジャグラーEX-TP,130,2764,-898,9,4,1/212.6,1/307.1,1/691.0,6.412943789225191
2022-12-31,アイムジャグラーEX-TP,131,3606,-200,12,10,1/163.9,1/300.5,1/360.6,5.828323954084961
2022-12-31,アイムジャグラーEX-TP,132,4847,-1181,14,13,1/179.5,1/346.2,1/372.8,6.1373686956691085
2022-12-31,アイムジャグラーEX-TP,157,3144,-1058,9,5,1/224.6,1/349.3,1/628.8,6.055560227342371
2022-12-31,アイムジャグラーEX-TP,158,1753,-195,7,4,1/159.4,1/250.4,1/438.2,6.686389672644204
2022-12-31,アイムジャグラーEX-TP,159,4387,1879,23,16,1/112.5,1/190.7,1/274.2,6.191965933375773
2022-12-31,アイムジャグラーEX-TP,160,2284,-695,6,6,1/190.3,1/380.7,1/380.7,6.089280584024928
2022-12-31,アイムジャグラーEX-TP,161,1148,-865,2,0,1/574.0,1/574.0,1/0.0,5.9830176110227615
2022-12-31,アイムジャグラーEX-TP,162,5321,1645,23,23,1/115.7,1/231.3,1/231.3,5.971362999459739
2022-12-31,アイムジャグラーEX-TP,163,2611,-144,9,6,1/174.1,1/290.1,1/435.2,5.762694110480271
2022-12-31,アイムジャグラーEX-TP,164,1852,-1080,4,3,1/264.6,1/463.0,1/617.3,6.409139904152904
2022-12-31,アイムジャグラーEX-TP,165,3652,-416,13,8,1/173.9,1/280.9,1/456.5,6.10042485316426
2022-12-31,アイムジャグラーEX-TP,166,3702,-523,13,9,1/168.3,1/284.8,1/411.3,6.283441461595697
2022-12-31,アイムジャグラーEX-TP,167,816,-460,2,1,1/272.0,1/408.0,1/816.0,6.493202150491259
2022-12-31,アイムジャグラーEX-TP,168,5159,-646,15,15,1/172.0,1/343.9,1/343.9,5.732140316306148
2022-12-31,アイムジャグラーEX-TP,169,3101,-2091,4,7,1/281.9,1/775.2,1/443.0,6.084015247589893
2022-12-31,アイムジャグラーEX-TP,170,2171,16,10,1,1/197.4,1/217.1,1/2171.0,5.994685853195804
2022-12-31,アイムジャグラーEX-TP,171,1016,-92,5,0,1/203.2,1/203.2,1/0.0,6.6594396016029584
2022-12-31,アイムジャグラーEX-TP,172,4043,-243,14,14,1/144.4,1/288.8,1/288.8,6.3073350484458865
2022-12-31,アイムジャグラーEX-TP,173,3430,-600,10,11,1/163.3,1/343.0,1/311.8,6.08171178732378
2022-12-31,アイムジャグラーEX-TP,174,1327,-241,5,1,1/221.2,1/265.4,1/1327.0,6.022986840477267
2022-12-31,アイムジャグラーEX-TP,175,3949,-960,11,13,1/164.5,1/359.0,1/303.8,6.290300372754057
2022-12-31,アイムジャグラーEX-TP,176,1842,-846,3,7,1/184.2,1/614.0,1/263.1,6.16397416110219
2022-12-31,アイムジャグラーEX-TP,177,3040,-280,11,8,1/160.0,1/276.4,1/380.0,6.267487501361993
2022-12-31,アイムジャグラーEX-TP,178,6097,377,23,20,1/141.8,1/265.1,1/304.9,6.015477467350396
2022-12-31,マイジャグラーV,68,5713,-693,20,17,1/154.4,1/285.6,1/336.1,6.21006282934324
2022-12-31,マイジャグラーV,69,2742,432,12,7,1/144.3,1/228.5,1/391.7,5.722987284777678
2022-12-31,マイジャグラーV,70,6385,392,25,18,1/148.5,1/255.4,1/354.7,5.769349765762197
2022-12-31,マイジャグラーV,71,4388,1189,23,9,1/137.1,1/190.8,1/487.6,5.916771161344531
2022-12-31,マイジャグラーV,72,5855,-1200,20,14,1/172.2,1/292.8,1/418.2,6.247204870968578
2022-12-31,ファンキージャグラー2,73,2573,-304,10,4,1/183.8,1/257.3,1/643.2,6.003187487238778
2022-12-31,ファンキージャグラー2,74,2236,-221,8,6,1/159.7,1/279.5,1/372.7,6.068515329311269
2022-12-31,ファンキージャグラー2,75,4193,1518,23,10,1/127.1,1/182.3,1/419.3,5.920655276606629
2022-12-31,ファンキージャグラー2,76,949,-220,3,1,1/237.2,1/316.3,1/949.0,5.554838925402069
2022-12-31,ファンキージャグラー2,77,2241,-268,7,7,1/160.1,1/320.1,1/320.1,5.863965614030106
2022-12-31,ファンキージャグラー2,78,7230,1644,33,26,1/122.5,1/219.1,1/278.1,6.053532949210292
2022-12-31,ファンキージャグラー2,79,666,-134,2,1,1/222.0,1/333.0,1/666.0,5.456980090011494
2022-12-31,ハッピージャグラーVIII,133,5431,1161,26,15,1/132.5,1/208.9,1/362.1,6.239113986076558
2022-12-31,ハッピージャグラーVIII,134,1501,-44,6,3,1/166.8,1/250.2,1/500.3,6.1465058153530885
2022-12-31,ハッピージャグラーVIII,135,5153,-1066,16,12,1/184.0,1/322.1,1/429.4,6.124147480535918
2022-12-31,ハッピージャグラーVIII,136,1334,-239,4,4,1/166.8,1/333.5,1/333.5,6.175496357255704
2022-12-31,ハッピージャグラーVIII,137,2644,-691,7,9,1/165.2,1/377.7,1/293.8,6.3563170047226425
2022-12-31,ハッピージャグラーVIII,138,3507,-650,12,8,1/175.3,1/292.2,1/438.4,6.3670849124619995
2022-12-31,ハッピージャグラーVIII,139,3026,-992,8,9,1/178.0,1/378.2,1/336.2,6.482281184584403
2022-12-31,ハッピージャグラーVIII,140,1600,-402,5,1,1/266.7,1/320.0,1/1600.0,5.633108595771647
2022-12-31,ハッピージャグラーVIII,141,3416,-1303,10,4,1/244.0,1/341.6,1/854.0,6.225191944936937
2022-12-30,アイムジャグラーEX-TP,97,4217,-179,14,13,1/156.2,1/301.2,1/324.4,5.890512758589424
2022-12-30,アイムジャグラーEX-TP,98,577,-652,0,0,1/0.0,1/0.0,1/0.0,5.721080187532448
2022-12-30,アイムジャグラーEX-TP,99,3408,-477,11,8,1/179.4,1/309.8,1/426.0,5.909274226164675
2022-12-30,アイムジャグラーEX-TP,100,1463,-512,3,6,1/162.6,1/487.7,1/243.8,6.286787428848758
2022-12-30,アイムジャグラーEX-TP,101,4812,1839,22,19,1/117.4,1/218.7,1/253.3,5.773222978392057
2022-12-30,アイムジャグラーEX-TP,102,3344,1221,17,11,1/119.4,1/196.7,1/304.0,6.140424456106028
2022-12-30,アイムジャグラーEX-TP,103,2989,-887,8,7,1/199.3,1/373.6,1/427.0,5.987882281159179
2022-12-30,アイムジャグラーEX-TP,104,1189,-401,3,3,1/198.2,1/396.3,1/396.3,6.0753446978898165
2022-12-30,アイムジャグラーEX-TP,105,2230,-897,5,7,1/185.8,1/446.0,1/318.6,6.330385966187222
2022-12-30,アイムジャグラーEX-TP,106,3236,591,16,6,1/147.1,1/202.2,1/539.3,6.191607601166488
2022-12-30,アイムジャグラーEX-TP,107,712,-558,1,0,1/712.0,1/712.0,1/0.0,5.748229331421993
2022-12-30,アイムジャグラーEX-TP,108,6161,476,24,22,1/133.9,1/256.7,1/280.0,6.217360748224299
2022-12-30,アイムジャグラーEX-TP,109,5615,19,22,13,1/160.4,1/255.2,1/431.9,6.029718943685592
2022-12-30,アイムジャグラーEX-TP,110,3197,-1394,7,9,1/199.8,1/456.7,1/355.2,6.279340745037395
2022-12-30,アイムジャグラーEX-TP,111,4779,-1249,10,21,1/154.2,1/477.9,1/227.6,6.048322719364369
2022-12-30,アイムジャグラーEX-TP,112,4228,-660,13,11,1/176.2,1/325.2,1/384.4,5.917697094304353
2022-12-30,アイムジャグラーEX-TP,113,3921,-18,17,7,1/163.4,1/230.6,1/560.1,6.327328229256287
2022-12-30,アイムジャグラーEX-TP,114,951,-929,1,2,1/317.0,1/951.0,1/475.5,7.360094927424124
2022-12-30,アイムジャグラーEX-TP,115,2945,-702,10,5,1/196.3,1/294.5,1/589.0,6.274046294366109
2022-12-30,アイムジャグラーEX-TP,116,4865,685,20,16,1/135.1,1/243.2,1/304.1,6.0469742382739025
2022-12-30,アイムジャグラーEX-TP,117,2010,821,12,3,1/134.0,1/167.5,1/670.0,6.179450314836845
2022-12-30,アイムジャグラーEX-TP,118,4062,-1036,10,14,1/169.2,1/406.2,1/290.1,6.031140282838207
2022-12-30,アイムジャグラーEX-TP,119,2064,364,10,5,1/137.6,1/206.4,1/412.8,6.366188923873798
2022-12-30,アイムジャグラーEX-TP,120,4996,-1251,16,9,1/199.8,1/312.2,1/555.1,6.145862702042315
2022-12-30,アイムジャグラーEX-TP,121,6209,384,22,26,1/129.4,1/282.2,1/238.8,6.14878884605544
2022-12-30,アイムジャグラーEX-TP,122,1733,-454,5,5,1/173.3,1/346.6,1/346.6,6.315947070249732
2022-12-30,アイムジャグラーEX-TP,123,2080,-707,5,4,1/231.1,1/416.0,1/520.0,5.709079316266388
2022-12-30,アイムジャグラーEX-TP,124,4525,-721,14,15,1/156.0,1/323.2,1/301.7,6.270137620860367
2022-12-30,アイムジャグラーEX-TP,125,4112,1439,21,13,1/120.9,1/195.8,1/316.3,6.182352516838414
2022-12-30,アイムジャグラーEX-TP,126,1336,-221,5,2,1/190.9,1/267.2,1/668.0,6.24997982557036
2022-12-30,アイムジャグラーEX-TP,127,2997,-581,11,5,1/187.3,1/272.5,1/599.4,6.382749258178438
2022-12-30,アイムジャグラーEX-TP,128,3721,1013,17,14,1/120.0,1/218.9,1/265.8,6.1808979225123375
2022-12-30,アイムジャグラーEX-TP,129,3942,-343,13,12,1/157.7,1/303.2,1/328.5,6.047882011621293
2022-12-30,アイムジャグラーEX-TP,130,3644,1399,16,17,1/110.4,1/227.8,1/214.4,5.862116300236941
2022-12-30,アイムジャグラーEX-TP,131,4211,927,19,13,1/131.6,1/221.6,1/323.9,6.0570803371091
2022-12-30,アイムジャグラーEX-TP,132,4947,-604,17,12,1/170.6,1/291.0,1/412.2,6.098608620996599
2022-12-30,アイムジャグラーEX-TP,157,3890,-861,12,10,1/176.8,1/324.2,1/389.0,6.215714700932245
2022-12-30,アイムジャグラーEX-TP,158,7213,2557,33,29,1/116.3,1/218.6,1/248.7,5.9242697793364325
2022-12-30,アイムジャグラーEX-TP,159,1330,-576,3,2,1/266.0,1/443.3,1/665.0,5.775027089436282
2022-12-30,アイムジャグラーEX-TP,160,5125,410,21,13,1/150.7,1/244.0,1/394.2,5.982659043883534
2022-12-30,アイムジャグラーEX-TP,161,1725,-112,6,3,1/191.7,1/287.5,1/575.0,5.618659159920883
2022-12-30,アイムジャグラーEX-TP,162,3590,267,12,13,1/143.6,1/299.2,1/276.2,5.6419719336255785
2022-12-30,アイムジャグラーEX-TP,163,2579,1099,15,4,1/135.7,1/171.9,1/644.8,5.94618584226293
2022-12-30,アイムジャグラーEX-TP,164,2176,-419,6,5,1/197.8,1/362.7,1/435.2,5.6175237206780295
2022-12-30,アイムジャグラーEX-TP,165,5143,-525,13,25,1/135.3,1/395.6,1/205.7,6.023438683818564
2022-12-30,アイムジャグラーEX-TP,166,1742,-318,5,5,1/174.2,1/348.4,1/348.4,5.9205548545524955
2022-12-30,アイムジャグラーEX-TP,167,4551,-393,16,13,1/156.9,1/284.4,1/350.1,6.218132328004389
2022-12-30,アイムジャグラーEX-TP,168,5214,-581,19,14,1/158.0,1/274.4,1/372.4,6.4227538632575
2022-12-30,アイムジャグラーEX-TP,169,5798,-628,18,22,1/144.9,1/322.1,1/263.5,6.256947607571152
2022-12-30,アイムジャグラーEX-TP,170,6896,1927,30,32,1/111.2,1/229.9,1/215.5,6.285665981715019
2022-12-30,アイムジャグラーEX-TP,171,1455,-417,4,6,1/145.5,1/363.8,1/242.5,6.907169071833135
2022-12-30,アイムジャグラーEX-TP,172,5050,734,23,13,1/140.3,1/219.6,1/388.5,6.22974561666463
2022-12-30,アイムジャグラーEX-TP,173,1543,-962,3,1,1/385.8,1/514.3,1/1543.0,5.9056612901546695
2022-12-30,アイムジャグラーEX-TP,174,4319,2457,26,12,1/113.7,1/166.1,1/359.9,6.060357229082879
2022-12-30,アイムジャグラーEX-TP,175,6791,-602,22,22,1/154.3,1/308.7,1/308.7,6.07368210846904
2022-12-30,アイムジャグラーEX-TP,176,2715,17,9,11,1/135.8,1/301.7,1/246.8,6.0799653162052225
2022-12-30,アイムジャグラーEX-TP,177,2568,-912,7,6,1/197.5,1/366.9,1/428.0,6.320305554285997
2022-12-30,アイムジャグラーEX-TP,178,6513,-1275,20,20,1/162.8,1/325.6,1/325.6,6.30650289628542
2022-12-30,マイジャグラーV,68,3866,-1610,10,8,1/214.8,1/386.6,1/483.2,6.162762061005373
2022-12-30,マイジャグラーV,69,7631,4159,45,23,1/112.2,1/169.6,1/331.8,5.807196051367709
2022-12-30,マイジャグラーV,70,6786,1685,34,13,1/144.4,1/199.6,1/522.0,5.723909562912132
2022-12-30,マイジャグラーV,71,7629,-92,25,27,1/146.7,1/305.2,1/282.6,5.7251063239023345
2022-12-30,マイジャグラーV,72,5487,-405,22,11,1/166.3,1/249.4,1/498.8,6.123227774485789
2022-12-30,ファンキージャグラー2,73,3548,-1769,9,5,1/253.4,1/394.2,1/709.6,6.20642177481447
2022-12-30,ファンキージャグラー2,74,1705,-1104,3,1,1/426.2,1/568.3,1/1705.0,5.696545759153469
2022-12-30,ファンキージャグラー2,75,2945,-789,10,5,1/196.3,1/294.5,1/589.0,6.2175539546321765
2022-12-30,ファンキージャグラー2,76,4024,-437,14,10,1/167.7,1/287.4,1/402.4,5.921469018753427
2022-12-30,ファンキージャグラー2,77,1807,235,9,5,1/129.1,1/200.8,1/361.4,6.646861875166361
2022-12-30,ファンキージャグラー2,78,5229,773,23,10,1/158.5,1/227.3,1/522.9,5.547773468516059
2022-12-30,ファンキージャグラー2,79,6442,53,25,20,1/143.2,1/257.7,1/322.1,6.094149453339328
2022-12-30,ハッピージャグラーVIII,133,4547,125,18,13,1/146.7,1/252.6,1/349.8,6.224265082511124
2022-12-30,ハッピージャグラーVIII,134,6230,68,24,18,1/148.3,1/259.6,1/346.1,6.195253148311055
2022-12-30,ハッピージャグラーVIII,135,360,-228,1,0,1/360.0,1/360.0,1/0.0,6.773155726138736
2022-12-30,ハッピージャグラーVIII,136,6251,1280,30,16,1/135.9,1/208.4,1/390.7,6.202807827331236
2022-12-30,ハッピージャグラーVIII,137,4119,601,17,14,1/132.9,1/242.3,1/294.2,6.099222647114085
2022-12-30,ハッピージャグラーVIII,138,5588,564,22,21,1/130.0,1/254.0,1/266.1,6.260348606638312
2022-12-30,ハッピージャグラーVIII,139,2348,-196,9,6,1/156.5,1/260.9,1/391.3,6.485640507410217
2022-12-30,ハッピージャグラーVIII,140,5969,528,20,25,1/132.6,1/298.4,1/238.8,5.861722635712437
2022-12-30,ハッピージャグラーVIII,141,3013,-528,11,4,1/200.9,1/273.9,1/753.2,6.140139201112969
2022-12-29,アイムジャグラーEX-TP,97,4289,760,20,13,1/130.0,1/214.4,1/329.9,6.42460856660512
2022-12-29,アイムジャグラーEX-TP,98,2313,275,11,6,1/136.1,1/210.3,1/385.5,6.637601071681298
2022-12-29,アイムジャグラーEX-TP,99,2198,-147,8,4,1/183.2,1/274.8,1/549.5,5.823967997110379
2022-12-29,アイムジャグラーEX-TP,100,538,-193,2,0,1/269.0,1/269.0,1/0.0,6.474749320091147
2022-12-29,アイムジャグラーEX-TP,101,7124,3529,39,22,1/116.8,1/182.7,1/323.8,5.9080485227262205
2022-12-29,アイムジャグラーEX-TP,102,997,-734,1,2,1/332.3,1/997.0,1/498.5,5.93017748360978
2022-12-29,アイムジャグラーEX-TP,103,4639,445,20,12,1/145.0,1/231.9,1/386.6,6.179281262874057
2022-12-29,アイムジャグラーEX-TP,104,3006,676,14,9,1/130.7,1/214.7,1/334.0,6.163972874500263
2022-12-29,アイムジャグラーEX-TP,105,5799,-1134,19,11,1/193.3,1/305.2,1/527.2,6.020066098021127
2022-12-29,アイムジャグラーEX-TP,106,3402,-868,9,11,1/170.1,1/378.0,1/309.3,6.151419524135443
2022-12-29,アイムジャグラーEX-TP,107,2136,-1280,4,5,1/237.3,1/534.0,1/427.2,6.474587441319125
2022-12-29,アイムジャグラーEX-TP,108,3966,-775,13,9,1/180.3,1/305.1,1/440.7,6.186221746194764
2022-12-29,アイムジャグラーEX-TP,109,5742,722,25,15,1/143.6,1/229.7,1/382.8,6.100711592439995
2022-12-29,アイムジャグラーEX-TP,110,6685,1552,27,25,1/128.6,1/247.6,1/267.4,5.75745946266238
2022-12-29,アイムジャグラーEX-TP,111,5158,-496,16,19,1/147.4,1/322.4,1/271.5,6.144751401263621
2022-12-29,アイムジャグラーEX-TP,112,2973,341,12,9,1/141.6,1/247.8,1/330.3,5.967714483984294
2022-12-29,アイムジャグラーEX-TP,113,4105,-728,14,11,1/164.2,1/293.2,1/373.2,6.457570888358038
2022-12-29,アイムジャグラーEX-TP,114,3714,1265,19,7,1/142.8,1/195.5,1/530.6,5.697760411966795
2022-12-29,アイムジャグラーEX-TP,115,2519,275,11,5,1/157.4,1/229.0,1/503.8,5.920375624918093
2022-12-29,アイムジャグラーEX-TP,116,2094,-797,5,8,1/161.1,1/418.8,1/261.8,6.757421570586771
2022-12-29,アイムジャグラーEX-TP,117,4675,327,18,15,1/141.7,1/259.7,1/311.7,6.036497243386727
2022-12-29,アイムジャグラーEX-TP,118,3402,1198,16,12,1/121.5,1/212.6,1/283.5,5.870141698525673
2022-12-29,アイムジャグラーEX-TP,119,4757,855,20,17,1/128.6,1/237.8,1/279.8,6.100704353698345
2022-12-29,アイムジャグラーEX-TP,120,5023,-164,18,15,1/152.2,1/279.1,1/334.9,6.102815961754164
2022-12-29,アイムジャグラーEX-TP,121,6034,1038,26,20,1/131.2,1/232.1,1/301.7,6.144303394744937
2022-12-29,アイムジャグラーEX-TP,122,1505,-763,3,3,1/250.8,1/501.7,1/501.7,6.012119314003203
2022-12-29,アイムジャグラーEX-TP,123,5393,-659,19,12,1/174.0,1/283.8,1/449.4,6.111498505096642
2022-12-29,アイムジャグラーEX-TP,124,2765,-357,7,11,1/153.6,1/395.0,1/251.4,5.779524013870022
2022-12-29,アイムジャグラーEX-TP,125,2670,-1261,5,9,1/190.7,1/534.0,1/296.7,6.326799826451378
2022-12-29,アイムジャグラーEX-TP,126,5311,796,23,17,1/132.8,1/230.9,1/312.4,6.224520311110221
2022-12-29,アイムジャグラーEX-TP,127,5292,1605,26,16,1/126.0,1/203.5,1/330.8,6.1105286556428196
2022-12-29,アイムジャグラーEX-TP,128,1723,-697,5,2,1/246.1,1/344.6,1/861.5,6.229928773076091
2022-12-29,アイムジャグラーEX-TP,129,4472,273,18,14,1/139.8,1/248.4,1/319.4,6.250560132373222
2022-12-29,アイムジャグラーEX-TP,130,4091,297,18,9,1/151.5,1/227.3,1/454.6,6.221335152661998
2022-12-29,アイムジャグラーEX-TP,131,3171,96,12,10,1/144.1,1/264.2,1/317.1,6.118959756001125
2022-12-29,アイムジャグラーEX-TP,132,5248,-1633,14,10,1/218.7,1/374.9,1/524.8,5.859085510182326
2022-12-29,アイムジャグラーEX-TP,157,6739,-311,27,15,1/160.5,1/249.6,1/449.3,6.331527815982933
2022-12-29,アイムジャグラーEX-TP,158,3948,-106,14,13,1/146.2,1/282.0,1/303.7,6.168680891496886
2022-12-29,アイムジャグラーEX-TP,159,3849,-536,14,8,1/175.0,1/274.9,1/481.1,6.263624277840248
2022-12-29,アイムジャグラーEX-TP,160,6812,2083,31,28,1/115.5,1/219.7,1/243.3,6.157624725368988
2022-12-29,アイムジャグラーEX-TP,161,5738,2961,30,29,1/97.3,1/191.3,1/197.9,6.403347721076109
2022-12-29,アイムジャグラーEX-TP,162,3009,-194,12,7,1/158.4,1/250.8,1/429.9,6.450221471537534
2022-12-29,アイムジャグラーEX-TP,163,4617,158,17,15,1/144.3,1/271.6,1/307.8,6.024216803538299
2022-12-29,アイムジャグラーEX-TP,164,3896,212,16,8,1/162.3,1/243.5,1/487.0,5.902656110406576
2022-12-29,アイムジャグラーEX-TP,165,3012,-653,8,10,1/167.3,1/376.5,1/301.2,6.02430145604486
2022-12-29,アイムジャグラーEX-TP,166,6363,94,20,27,1/135.4,1/318.1,1/235.7,5.929446187955504
2022-12-29,アイムジャグラーEX-TP,167,3262,-243,11,12,1/141.8,1/296.5,1/271.8,6.3685596354403735
2022-12-29,アイムジャグラーEX-TP,168,5588,-516,18,18,1/155.2,1/310.4,1/310.4,6.061352077214944
2022-12-29,アイムジャグラーEX-TP,169,5873,-568,22,12,1/172.7,1/267.0,1/489.4,6.173719272816812
2022-12-29,アイムジャグラーEX-TP,170,5227,422,21,17,1/137.6,1/248.9,1/307.5,6.202287506153341
2022-12-29,アイムジャグラーEX-TP,171,4224,-1253,10,12,1/192.0,1/422.4,1/352.0,5.85535883022351
2022-12-29,アイムジャグラーEX-TP,172,4385,-1045,12,12,1/182.7,1/365.4,1/365.4,5.962251672557761
2022-12-29,アイムジャグラーEX-TP,173,3555,-868,10,9,1/187.1,1/355.5,1/395.0,5.986829480360883
2022-12-29,アイムジャグラーEX-TP,174,5155,-434,16,20,1/143.2,1/322.2,1/257.8,6.178749608059918
2022-12-29,アイムジャグラーEX-TP,175,4270,-1133,13,9,1/194.1,1/328.5,1/474.4,6.16670346951446
2022-12-29,アイムジャグラーEX-TP,176,6265,2831,31,25,1/111.9,1/202.1,1/250.6,5.895829122026818
2022-12-29,アイムジャグラーEX-TP,177,4233,1463,19,15,1/124.5,1/222.8,1/282.2,5.679136286149687
2022-12-29,アイムジャグラーEX-TP,178,5336,-1136,15,15,1/177.9,1/355.7,1/355.7,5.963997350894311
2022-12-29,マイジャグラーV,68,5568,476,21,19,1/139.2,1/265.1,1/293.1,5.7609999506673
2022-12-29,マイジャグラーV,69,5867,-1001,19,18,1/158.6,1/308.8,1/325.9,6.187701197433162
2022-12-29,マイジャグラーV,70,6637,169,25,19,1/150.8,1/265.5,1/349.3,5.788211203136201
2022-12-29,マイジャグラーV,71,2643,-616,10,3,1/203.3,1/264.3,1/881.0,6.229926008815258
2022-12-29,マイジャグラーV,72,6742,-1754,19,20,1/172.9,1/354.8,1/337.1,6.090276978719371
2022-12-29,ファンキージャグラー2,73,3148,-1149,6,10,1/196.8,1/524.7,1/314.8,5.693425495206391
2022-12-29,ファンキージャグラー2,74,5753,-135,23,17,1/143.8,1/250.1,1/338.4,6.312776716344121
2022-12-29,ファンキージャグラー2,75,2203,-831,6,5,1/200.3,1/367.2,1/440.6,6.2320187217989576
2022-12-29,ファンキージャグラー2,76,2847,256,14,5,1/149.8,1/203.4,1/569.4,6.275315584920937
2022-12-29,ファンキージャグラー2,77,3271,375,15,8,1/142.2,1/218.1,1/408.9,6.0917755977781765
2022-12-29,ファンキージャグラー2,78,2500,508,10,11,1/119.0,1/250.0,1/227.3,5.900575306092344
2022-12-29,ファンキージャグラー2,79,6113,418,27,13,1/152.8,1/226.4,1/470.2,5.979987804023728
2022-12-29,ハッピージャグラーVIII,133,6053,-661,22,15,1/163.6,1/275.1,1/403.5,6.335437029695293
2022-12-29,ハッピージャグラーVIII,134,1552,-1016,3,0,1/517.3,1/517.3,1/0.0,5.872321651878027
2022-12-29,ハッピージャグラーVIII,135,3519,-713,9,11,1/175.9,1/391.0,1/319.9,5.858682753265401
2022-12-29,ハッピージャグラーVIII,136,5018,-683,16,18,1/147.6,1/313.6,1/278.8,6.469261163125585
2022-12-29,ハッピージャグラーVIII,137,3623,-563,13,9,1/164.7,1/278.7,1/402.6,6.519518776558226
2022-12-29,ハッピージャグラーVIII,138,3402,284,13,11,1/141.8,1/261.7,1/309.3,5.977360089779879
2022-12-29,ハッピージャグラーVIII,139,2272,-564,6,7,1/174.8,1/378.7,1/324.6,6.134030179320489
2022-12-29,ハッピージャグラーVIII,140,5897,-149,23,17,1/147.4,1/256.4,1/346.9,6.429587572949399
2022-12-29,ハッピージャグラーVIII,141,3765,-966,9,15,1/156.9,1/418.3,1/251.0,6.301875529798488
2022-12-28,アイムジャグラーEX-TP,97,3604,4,13,12,1/144.2,1/277.2,1/300.3,6.125585621027387
2022-12-28,アイムジャグラーEX-TP,98,2637,976,11,13,1/109.9,1/239.7,1/202.8,5.793726464222103
2022-12-28,アイムジャグラーEX-TP,99,1633,-539,4,5,1/181.4,1/408.2,1/326.6,6.195883952497414
2022-12-28,アイムジャグラーEX-TP,100,1284,163,6,3,1/142.7,1/214.0,1/428.0,6.355991668106749
2022-12-28,アイムジャグラーEX-TP,101,6593,-1023,17,26,1/153.3,1/387.8,1/253.6,5.927315256043701
2022-12-28,アイムジャグラーEX-TP,102,1842,1657,11,8,1/96.9,1/167.5,1/230.2,5.284721849051302
2022-12-28,アイムジャグラーEX-TP,103,4269,718,17,14,1/137.7,1/251.1,1/304.9,5.781959503502366
2022-12-28,アイムジャグラーEX-TP,104,568,-357,1,1,1/284.0,1/568.0,1/568.0,6.202686768031091
2022-12-28,アイムジャグラーEX-TP,105,1243,-798,3,2,1/248.6,1/414.3,1/621.5,7.100565891680554
2022-12-28,アイムジャグラーEX-TP,106,4113,165,15,14,1/141.8,1/274.2,1/293.8,6.024464599327624
2022-12-28,アイムジャグラーEX-TP,107,2180,-331,7,5,1/181.7,1/311.4,1/436.0,5.920418709392174
2022-12-28,アイムジャグラーEX-TP,108,2887,-888,8,7,1/192.5,1/360.9,1/412.4,6.184479621025713
2022-12-28,アイムジャグラーEX-TP,109,5064,-951,16,18,1/148.9,1/316.5,1/281.3,6.62186654883301
2022-12-28,アイムジャグラーEX-TP,110,4337,258,17,13,1/144.6,1/255.1,1/333.6,6.072290811121682
2022-12-28,アイムジャグラーEX-TP,111,2418,-451,8,6,1/172.7,1/302.2,1/403.0,6.27852633379606
2022-12-28,アイムジャグラーEX-TP,112,3477,-285,13,6,1/183.0,1/267.5,1/579.5,5.958589805896496
2022-12-28,アイムジャグラーEX-TP,113,2570,-374,8,8,1/160.6,1/321.2,1/321.2,6.134049752155748
2022-12-28,アイムジャグラーEX-TP,114,6263,309,22,24,1/136.2,1/284.7,1/261.0,6.014620126945266
2022-12-28,アイムジャグラーEX-TP,115,4015,-379,15,10,1/160.6,1/267.7,1/401.5,6.359193711256335
2022-12-28,アイムジャグラーEX-TP,116,4469,2606,27,12,1/114.6,1/165.5,1/372.4,5.9802833176952515
2022-12-28,アイムジャグラーEX-TP,117,2777,-551,9,7,1/173.6,1/308.6,1/396.7,6.27190650238382
2022-12-28,アイムジャグラーEX-TP,118,2734,-793,7,7,1/195.3,1/390.6,1/390.6,5.921070099795803
2022-12-28,アイムジャグラーEX-TP,119,3137,544,13,12,1/125.5,1/241.3,1/261.4,6.172022996914401
2022-12-28,アイムジャグラーEX-TP,120,5854,474,24,15,1/150.1,1/243.9,1/390.3,5.991784622548427
2022-12-28,アイムジャグラーEX-TP,121,6414,-922,19,21,1/160.3,1/337.6,1/305.4,6.022079681935046
2022-12-28,アイムジャグラーEX-TP,122,6728,3316,35,25,1/112.1,1/192.2,1/269.1,5.881416447888115
2022-12-28,アイムジャグラーEX-TP,123,3483,-382,9,15,1/145.1,1/387.0,1/232.2,5.885759287957976
2022-12-28,アイムジャグラーEX-TP,124,3963,-46,16,10,1/152.4,1/247.7,1/396.3,6.339237808948265
2022-12-28,アイムジャグラーEX-TP,125,5405,-528,18,13,1/174.4,1/300.3,1/415.8,5.8616046405689515
2022-12-28,アイムジャグラーEX-TP,126,5688,479,22,20,1/135.4,1/258.5,1/284.4,6.126352663232563
2022-12-28,アイムジャグラーEX-TP,127,2687,37,10,10,1/134.3,1/268.7,1/268.7,6.386981985335471
2022-12-28,アイムジャグラーEX-TP,128,3368,-835,8,13,1/160.4,1/421.0,1/259.1,6.079241651425995
2022-12-28,アイムジャグラーEX-TP,129,4291,-485,17,9,1/165.0,1/252.4,1/476.8,6.556749407210871
2022-12-28,アイムジャグラーEX-TP,130,2388,-555,7,7,1/170.6,1/341.1,1/341.1,6.249002004547954
2022-12-28,アイムジャグラーEX-TP,131,4773,-1179,13,11,1/198.9,1/367.2,1/433.9,5.807742761457205
2022-12-28,アイムジャグラーEX-TP,132,5684,-23,21,17,1/149.6,1/270.7,1/334.4,6.101600493607027
2022-12-28,アイムジャグラーEX-TP,157,3559,-582,13,8,1/169.5,1/273.8,1/444.9,6.488544837804701
2022-12-28,アイムジャグラーEX-TP,158,5500,657,22,19,1/134.1,1/250.0,1/289.5,6.089535548355756
2022-12-28,アイムジャグラーEX-TP,159,3370,692,17,5,1/153.2,1/198.2,1/674.0,6.03815721175459
2022-12-28,アイムジャグラーEX-TP,160,3901,-385,11,15,1/150.0,1/354.6,1/260.1,5.904482039189232
2022-12-28,アイムジャグラーEX-TP,161,5314,-305,19,15,1/156.3,1/279.7,1/354.3,6.136265321119401
2022-12-28,アイムジャグラーEX-TP,162,3944,157,13,16,1/136.0,1/303.4,1/246.5,5.910336331555243
2022-12-28,アイムジャグラーEX-TP,163,4633,-1457,11,14,1/185.3,1/421.2,1/330.9,6.017413977833135
2022-12-28,アイムジャグラーEX-TP,164,4993,452,17,25,1/118.9,1/293.7,1/199.7,6.218511855935973
2022-12-28,アイムジャグラーEX-TP,165,4093,399,16,10,1/157.4,1/255.8,1/409.3,5.67004138257469
2022-12-28,アイムジャグラーEX-TP,166,6318,1532,29,19,1/131.6,1/217.9,1/332.5,6.010041163550057
2022-12-28,アイムジャグラーEX-TP,167,4186,410,17,13,1/139.5,1/246.2,1/322.0,6.106438698401359
2022-12-28,アイムジャグラーEX-TP,168,6576,1136,27,23,1/131.5,1/243.6,1/285.9,5.986527363864902
2022-12-28,アイムジャグラーEX-TP,169,5401,1339,26,18,1/122.8,1/207.7,1/300.1,6.403598326665417
2022-12-28,アイムジャグラーEX-TP,170,2991,-1033,9,6,1/199.4,1/332.3,1/498.5,6.473228870150599
2022-12-28,アイムジャグラーEX-TP,171,1837,1052,12,5,1/108.1,1/153.1,1/367.4,6.664024999271743
2022-12-28,アイムジャグラーEX-TP,172,6708,717,28,21,1/136.9,1/239.6,1/319.4,6.209874483606305
2022-12-28,アイムジャグラーEX-TP,173,2962,71,11,9,1/148.1,1/269.3,1/329.1,6.015917443252147
2022-12-28,アイムジャグラーEX-TP,174,6158,-219,20,23,1/143.2,1/307.9,1/267.7,6.056072842105838
2022-12-28,アイムジャグラーEX-TP,175,1809,-825,5,1,1/301.5,1/361.8,1/1809.0,6.0369654507370605
2022-12-28,アイムジャグラーEX-TP,176,5078,534,21,13,1/149.4,1/241.8,1/390.6,5.92332603225271
2022-12-28,アイムジャグラーEX-TP,177,4794,2319,24,18,1/114.1,1/199.8,1/266.3,5.728226412773126
2022-12-28,アイムジャグラーEX-TP,178,3855,-841,13,8,1/183.6,1/296.5,1/481.9,6.3230103696549955
2022-12-28,マイジャグラーV,68,7511,1206,32,25,1/131.8,1/234.7,1/300.4,5.9051290640262435
2022-12-28,マイジャグラーV,69,4912,-757,13,17,1/163.7,1/377.8,1/288.9,5.659423541625775
2022-12-28,マイジャグラーV,70,7156,2531,40,14,1/132.5,1/178.9,1/511.1,5.880049367599499
2022-12-28,マイジャグラーV,71,4504,955,22,9,1/145.3,1/204.7,1/500.4,5.781996843933481
2022-12-28,マイジャグラーV,72,7094,-980,21,22,1/165.0,1/337.8,1/322.5,5.760554235801852
2022-12-28,ファンキージャグラー2,73,8055,2442,40,24,1/125.9,1/201.4,1/335.6,5.88241818324472
2022-12-28,ファンキージャグラー2,74,2389,-850,7,4,1/217.2,1/341.3,1/597.2,6.095720610849126
2022-12-28,ファンキージャグラー2,75,7252,1632,32,20,1/139.5,1/226.6,1/362.6,5.573567303265351
2022-12-28,ファンキージャグラー2,76,2094,-231,8,2,1/209.4,1/261.8,1/1047.0,5.660228562137734
2022-12-28,ファンキージャグラー2,77,1664,689,10,2,1/138.7,1/166.4,1/832.0,5.753413669059773
2022-12-28,ファンキージャグラー2,78,2321,503,12,5,1/136.5,1/193.4,1/464.2,6.138460433261978
2022-12-28,ファンキージャグラー2,79,2587,-864,7,6,1/199.0,1/369.6,1/431.2,6.031187147509881
2022-12-28,ハッピージャグラーVIII,133,7443,1014,33,21,1/137.8,1/225.5,1/354.4,6.231663601436258
2022-12-28,ハッピージャグラーVIII,134,8080,1744,37,28,1/124.3,1/218.4,1/288.6,6.3147669026498185
2022-12-28,ハッピージャグラーVIII,135,3027,-672,8,9,1/178.1,1/378.4,1/336.3,5.968989502283738
2022-12-28,ハッピージャグラーVIII,136,1292,-649,4,1,1/258.4,1/323.0,1/1292.0,6.88585758373019
2022-12-28,ハッピージャグラーVIII,137,4375,703,20,10,1/145.8,1/218.8,1/437.5,6.031038307862966
2022-12-28,ハッピージャグラーVIII,138,3328,286,14,9,1/144.7,1/237.7,1/369.8,6.1582040397300375
2022-12-28,ハッピージャグラーVIII,139,2045,-378,7,3,1/204.5,1/292.1,1/681.7,5.994400951043221
2022-12-28,ハッピージャグラーVIII,140,2469,-593,7,7,1/176.4,1/352.7,1/352.7,6.205348204638384
2022-12-28,ハッピージャグラーVIII,141,6877,-444,24,19,1/159.9,1/286.5,1/361.9,6.084546328424314
2022-12-27,アイムジャグラーEX-TP,97,3804,507,16,11,1/140.9,1/237.8,1/345.8,6.017821769679071
2022-12-27,アイムジャグラーEX-TP,98,893,-224,2,4,1/148.8,1/446.5,1/223.2,6.210609055582656
2022-12-27,アイムジャグラーEX-TP,99,4130,2560,22,23,1/91.8,1/187.7,1/179.6,6.253180056231683
2022-12-27,アイムジャグラーEX-TP,100,1072,-328,3,2,1/214.4,1/357.3,1/536.0,5.963386475896154
2022-12-27,アイムジャグラーEX-TP,101,3789,1674,17,17,1/111.4,1/222.9,1/222.9,5.651739540992832
2022-12-27,アイムジャグラーEX-TP,102,2727,1080,13,9,1/124.0,1/209.8,1/303.0,5.664685750779005
2022-12-27,アイムジャグラーEX-TP,103,432,-432,0,1,1/432.0,1/0.0,1/432.0,6.116984785274719
2022-12-27,アイムジャグラーEX-TP,104,1826,-932,4,3,1/260.9,1/456.5,1/608.7,6.102017512121911
2022-12-27,アイムジャグラーEX-TP,105,736,-138,1,5,1/122.7,1/736.0,1/147.2,5.915545619868004
2022-12-27,アイムジャグラーEX-TP,106,5943,2374,28,27,1/108.1,1/212.2,1/220.1,6.100816093737279
2022-12-27,アイムジャグラーEX-TP,107,629,-698,0,1,1/629.0,1/0.0,1/629.0,6.313175034233166
2022-12-27,アイムジャグラーEX-TP,108,3117,586,13,12,1/124.7,1/239.8,1/259.8,6.145620689254723
2022-12-27,アイムジャグラーEX-TP,109,2938,633,13,8,1/139.9,1/226.0,1/367.2,5.827985905002203
2022-12-27,アイムジャグラーEX-TP,110,1950,-195,7,6,1/150.0,1/278.6,1/325.0,6.4865566114228255
2022-12-27,アイムジャグラーEX-TP,111,2839,1640,14,14,1/101.4,1/202.8,1/202.8,5.725376806024637
2022-12-27,アイムジャグラーEX-TP,112,1113,-933,1,3,1/278.2,1/1113.0,1/371.0,6.624900626490603
2022-12-27,アイムジャグラーEX-TP,113,4529,-82,17,9,1/174.2,1/266.4,1/503.2,5.806167141770705
2022-12-27,アイムジャグラーEX-TP,114,1627,-124,6,6,1/135.6,1/271.2,1/271.2,6.812602921806896
2022-12-27,アイムジャグラーEX-TP,115,4379,-751,15,11,1/168.4,1/291.9,1/398.1,6.364810224440447
2022-12-27,アイムジャグラーEX-TP,116,275,-197,0,0,1/0.0,1/0.0,1/0.0,4.415117361846964
2022-12-27,アイムジャグラーEX-TP,117,4786,1945,24,15,1/122.7,1/199.4,1/319.1,5.81284704539944
2022-12-27,アイムジャグラーEX-TP,118,3959,1685,22,7,1/136.5,1/180.0,1/565.6,5.758159260038573
2022-12-27,アイムジャグラーEX-TP,119,1982,-487,6,4,1/198.2,1/330.3,1/495.5,6.016018392625515
2022-12-27,アイムジャグラーEX-TP,120,4073,884,20,7,1/150.9,1/203.7,1/581.9,5.93504957442139
2022-12-27,アイムジャグラーEX-TP,121,4976,-943,14,15,1/171.6,1/355.4,1/331.7,5.948888408477362
2022-12-27,アイムジャグラーEX-TP,122,4730,-401,15,14,1/163.1,1/315.3,1/337.9,5.86148347950795
2022-12-27,アイムジャグラーEX-TP,123,4857,1639,23,18,1/118.5,1/211.2,1/269.8,6.046873315190389
2022-12-27,アイムジャグラーEX-TP,124,5450,-146,20,16,1/151.4,1/272.5,1/340.6,6.154415991092471
2022-12-27,アイムジャグラーEX-TP,125,878,164,3,3,1/146.3,1/292.7,1/292.7,5.224771701874764
2022-12-27,アイムジャグラーEX-TP,126,3745,-669,11,13,1/156.0,1/340.5,1/288.1,6.2448432102462785
2022-12-27,アイムジャグラーEX-TP,127,1622,-824,3,5,1/202.8,1/540.7,1/324.4,6.339233901628846
2022-12-27,アイムジャグラーEX-TP,128,2020,-278,7,4,1/183.6,1/288.6,1/505.0,6.008649182786529
2022-12-27,アイムジャグラーEX-TP,129,1755,-996,2,6,1/219.4,1/877.5,1/292.5,5.931053780970745
2022-12-27,アイムジャグラーEX-TP,130,4129,553,17,15,1/129.0,1/242.9,1/275.3,6.241363518899193
2022-12-27,アイムジャグラーEX-TP,131,3287,-671,9,9,1/182.6,1/365.2,1/365.2,5.8162992913670095
2022-12-27,アイムジャグラーEX-TP,132,2119,-882,6,2,1/264.9,1/353.2,1/1059.5,6.103308183133579
2022-12-27,アイムジャグラーEX-TP,157,6723,145,24,22,1/146.2,1/280.1,1/305.6,5.964471762941533
2022-12-27,アイムジャグラーEX-TP,158,1996,48,7,7,1/142.6,1/285.1,1/285.1,5.982705186256059
2022-12-27,アイムジャグラーEX-TP,159,2465,352,11,5,1/154.1,1/224.1,1/493.0,5.896584669453969
2022-12-27,アイムジャグラーEX-TP,160,744,-806,0,1,1/744.0,1/0.0,1/744.0,6.074584631905074
2022-12-27,アイムジャグラーEX-TP,161,8562,2711,36,40,1/112.7,1/237.8,1/214.1,5.954374221557021
2022-12-27,アイムジャグラーEX-TP,162,265,-227,0,1,1/265.0,1/0.0,1/265.0,6.096249426319924
2022-12-27,アイムジャグラーEX-TP,163,4275,-391,15,11,1/164.4,1/285.0,1/388.6,6.105978359841373
2022-12-27,アイムジャグラーEX-TP,164,698,-341,1,2,1/232.7,1/698.0,1/349.0,5.686253856041811
2022-12-27,アイムジャグラーEX-TP,165,1196,-1230,1,1,1/598.0,1/1196.0,1/1196.0,6.610607681769326
2022-12-27,アイムジャグラーEX-TP,166,2742,-1246,7,5,1/228.5,1/391.7,1/548.4,6.355215082079619
2022-12-27,アイムジャグラーEX-TP,167,2204,-672,7,4,1/200.4,1/314.9,1/551.0,6.3868616575917105
2022-12-27,アイムジャグラーEX-TP,168,5325,-428,19,13,1/166.4,1/280.3,1/409.6,6.0655212988075125
2022-12-27,アイムジャグラーEX-TP,169,2547,565,14,4,1/141.5,1/181.9,1/636.8,6.559929293903839
2022-12-27,アイムジャグラーEX-TP,170,3718,-611,13,7,1/185.9,1/286.0,1/531.1,6.124835413580911
2022-12-27,アイムジャグラーEX-TP,171,1408,-810,4,1,1/281.6,1/352.0,1/1408.0,6.8282203557881065
2022-12-27,アイムジャグラーEX-TP,172,2034,-119,8,4,1/169.5,1/254.2,1/508.5,6.180955025013116
2022-12-27,アイムジャグラーEX-TP,173,3078,-958,10,5,1/205.2,1/307.8,1/615.6,6.420159116072159
2022-12-27,アイムジャグラーEX-TP,174,5446,-222,18,21,1/139.6,1/302.6,1/259.3,6.202309001426087
2022-12-27,アイムジャグラーEX-TP,175,1714,-324,6,3,1/190.4,1/285.7,1/571.3,6.186914632237197
2022-12-27,アイムジャグラーEX-TP,176,785,-595,1,1,1/392.5,1/785.0,1/785.0,6.019758611513918
2022-12-27,アイムジャグラーEX-TP,177,6324,-28,18,33,1/124.0,1/351.3,1/191.6,6.098841682026205
2022-12-27,アイムジャグラーEX-TP,178,2312,440,12,1,1/177.8,1/192.7,1/2312.0,5.825097467712721
2022-12-27,マイジャグラーV,68,5663,-1295,18,14,1/177.0,1/314.6,1/404.5,6.125977329781326
2022-12-27,マイジャグラーV,69,5719,105,27,9,1/158.9,1/211.8,1/635.4,6.301840643659248
2022-12-27,マイジャグラーV,70,2747,-362,11,3,1/196.2,1/249.7,1/915.7,5.984968007723353
2022-12-27,マイジャグラーV,71,6790,899,26,25,1/133.1,1/261.2,1/271.6,5.730230596315202
2022-12-27,マイジャグラーV,72,3447,-276,14,5,1/181.4,1/246.2,1/689.4,5.967556398033596
2022-12-27,ファンキージャグラー2,73,6845,4582,41,28,1/99.2,1/167.0,1/244.5,5.816435072317482
2022-12-27,ファンキージャグラー2,74,79,-116,0,0,1/0.0,1/0.0,1/0.0,7.544710167332598
2022-12-27,ファンキージャグラー2,75,3235,-77,9,16,1/129.4,1/359.4,1/202.2,5.847141311601006
2022-12-27,ファンキージャグラー2,76,2226,1426,15,7,1/101.2,1/148.4,1/318.0,6.36139450855334
2022-12-27,ファンキージャグラー2,77,1107,-156,5,1,1/184.5,1/221.4,1/1107.0,6.5514060111813315
2022-12-27,ファンキージャグラー2,78,2204,-368,7,7,1/157.4,1/314.9,1/314.9,6.156951705502161
2022-12-27,ファンキージャグラー2,79,2756,-461,9,9,1/153.1,1/306.2,1/306.2,6.303756190106741
2022-12-27,ハッピージャグラーVIII,133,1286,101,5,6,1/116.9,1/257.2,1/214.3,6.777491297893537
2022-12-27,ハッピージャグラーVIII,134,1488,-708,3,4,1/212.6,1/496.0,1/372.0,6.329267374540778
2022-12-27,ハッピージャグラーVIII,135,4785,489,21,15,1/132.9,1/227.9,1/319.0,6.501319497818923
2022-12-27,ハッピージャグラーVIII,136,583,-223,1,3,1/145.8,1/583.0,1/194.3,6.699080987781215
2022-12-27,ハッピージャグラーVIII,137,2038,482,10,6,1/127.4,1/203.8,1/339.7,6.354721455923435
2022-12-27,ハッピージャグラーVIII,138,1842,-885,4,5,1/204.7,1/460.5,1/368.4,6.559792266122439
2022-12-27,ハッピージャグラーVIII,139,4904,2178,27,13,1/122.6,1/181.6,1/377.2,5.92146166402974
2022-12-27,ハッピージャグラーVIII,140,464,-320,0,2,1/232.0,1/0.0,1/232.0,5.804905144847396
2022-12-27,ハッピージャグラーVIII,141,1205,-278,3,4,1/172.1,1/401.7,1/301.2,5.99181470872415
2022-12-26,アイムジャグラーEX-TP,97,2226,1740,15,6,1/106.0,1/148.4,1/371.0,5.881516920894312
2022-12-26,アイムジャグラーEX-TP,98,4548,580,18,15,1/137.8,1/252.7,1/303.2,5.937773465769356
2022-12-26,アイムジャグラーEX-TP,99,503,-576,0,2,1/251.5,1/0.0,1/251.5,7.96445351973427
2022-12-26,アイムジャグラーEX-TP,100,3922,2712,23,18,1/95.7,1/170.5,1/217.9,6.110436908235461
2022-12-26,アイムジャグラーEX-TP,101,320,-184,1,0,1/320.0,1/320.0,1/0.0,6.84835495023707
2022-12-26,アイムジャグラーEX-TP,102,763,-91,3,1,1/190.8,1/254.3,1/763.0,6.171215896146281
2022-12-26,アイムジャグラーEX-TP,103,350,-371,0,1,1/350.0,1/0.0,1/350.0,6.687972636637669
2022-12-26,アイムジャグラーEX-TP,104,2389,-318,7,9,1/149.3,1/341.3,1/265.4,6.15294178611375
2022-12-26,アイムジャグラーEX-TP,105,195,-260,0,0,1/0.0,1/0.0,1/0.0,6.694635365527091
2022-12-26,アイムジャグラーEX-TP,106,7036,580,29,22,1/138.0,1/242.6,1/319.8,6.262914089241488
2022-12-26,アイムジャグラーEX-TP,107,3429,220,14,10,1/142.9,1/244.9,1/342.9,6.20688351889785
2022-12-26,アイムジャグラーEX-TP,108,1280,18,5,3,1/160.0,1/256.0,1/426.7,5.980436497108832
2022-12-26,アイムジャグラーEX-TP,109,2962,-1830,6,6,1/246.8,1/493.7,1/493.7,6.619209186407567
2022-12-26,アイムジャグラーEX-TP,110,4695,-147,15,19,1/138.1,1/313.0,1/247.1,6.112323811777921
2022-12-26,アイムジャグラーEX-TP,111,881,-659,1,2,1/293.7,1/881.0,1/440.5,6.255436673857224
2022-12-26,アイムジャグラーEX-TP,112,3899,-353,12,15,1/144.4,1/324.9,1/259.9,6.163002225208936
2022-12-26,アイムジャグラーEX-TP,113,1081,-645,2,3,1/216.2,1/540.5,1/360.3,6.653004108306968
2022-12-26,アイムジャグラーEX-TP,114,1241,790,9,1,1/124.1,1/137.9,1/1241.0,6.318957983970315
2022-12-26,アイムジャグラーEX-TP,115,4979,-139,16,18,1/146.4,1/311.2,1/276.6,5.931789825785513
2022-12-26,アイムジャグラーEX-TP,116,3188,1533,18,8,1/122.6,1/177.1,1/398.5,5.919071146975252
2022-12-26,アイムジャグラーEX-TP,117,984,-97,5,1,1/164.0,1/196.8,1/984.0,7.573841490889146
2022-12-26,アイムジャグラーEX-TP,118,1183,-634,3,1,1/295.8,1/394.3,1/1183.0,6.2758514150002505
2022-12-26,アイムジャグラーEX-TP,119,1464,-254,5,4,1/162.7,1/292.8,1/366.0,6.469965857230038
2022-12-26,アイムジャグラーEX-TP,120,4733,-649,16,12,1/169.0,1/295.8,1/394.4,6.152207778189629
2022-12-26,アイムジャグラーEX-TP,121,1388,-1107,1,4,1/277.6,1/1388.0,1/347.0,6.273240196807996
2022-12-26,アイムジャグラーEX-TP,122,1458,-373,4,5,1/162.0,1/364.5,1/291.6,6.366671270640426
2022-12-26,アイムジャグラーEX-TP,123,6989,2341,29,34,1/110.9,1/241.0,1/205.6,5.893738268654805
2022-12-26,アイムジャグラーEX-TP,124,191,-129,0,1,1/191.0,1/0.0,1/191.0,5.90738884443742
2022-12-26,アイムジャグラーEX-TP,125,4895,2598,26,22,1/102.0,1/188.3,1/222.5,6.170693353980468
2022-12-26,アイムジャグラーEX-TP,126,1965,-360,6,7,1/151.2,1/327.5,1/280.7,6.458773059915226
2022-12-26,アイムジャグラーEX-TP,127,5319,1335,21,26,1/113.2,1/253.3,1/204.6,6.0525853944525885
2022-12-26,アイムジャグラーEX-TP,128,3674,1530,19,13,1/114.8,1/193.4,1/282.6,6.114355828482235
2022-12-26,アイムジャグラーEX-TP,129,937,-519,2,3,1/187.4,1/468.5,1/312.3,7.059804074991243
2022-12-26,アイムジャグラーEX-TP,130,4348,1410,19,23,1/103.5,1/228.8,1/189.0,6.395722032741683
2022-12-26,アイムジャグラーEX-TP,131,549,-574,0,1,1/549.0,1/0.0,1/549.0,6.1102033607008845
2022-12-26,アイムジャグラーEX-TP,132,6008,993,23,20,1/139.7,1/261.2,1/300.4,5.654989699645219
2022-12-26,アイムジャグラーEX-TP,157,3217,-1474,7,10,1/189.2,1/459.6,1/321.7,6.518156835444379
2022-12-26,アイムジャグラーEX-TP,158,526,-726,0,0,1/0.0,1/0.0,1/0.0,6.968083527980432
2022-12-26,アイムジャグラーEX-TP,159,5505,57,20,17,1/148.8,1/275.2,1/323.8,6.0072417544877945
2022-12-26,アイムジャグラーEX-TP,160,1362,-1068,1,4,1/272.4,1/1362.0,1/340.5,6.250136807785302
2022-12-26,アイムジャグラーEX-TP,161,4716,1987,21,27,1/98.2,1/224.6,1/174.7,6.223116624425305
2022-12-26,アイムジャグラーEX-TP,162,1338,-304,5,2,1/191.1,1/267.6,1/669.0,6.558252254203151
2022-12-26,アイムジャグラーEX-TP,163,3229,-590,9,11,1/161.4,1/358.8,1/293.5,6.0568186234736405
2022-12-26,アイムジャグラーEX-TP,164,1862,-778,5,3,1/232.8,1/372.4,1/620.7,6.238556503899534
2022-12-26,アイムジャグラーEX-TP,165,5688,881,21,25,1/123.7,1/270.9,1/227.5,5.983759143511142
2022-12-26,アイムジャグラーEX-TP,166,1672,157,7,5,1/139.3,1/238.9,1/334.4,6.223273793377186
2022-12-26,アイムジャグラーEX-TP,167,3165,-206,12,8,1/158.2,1/263.8,1/395.6,6.299866478659276
2022-12-26,アイムジャグラーEX-TP,168,4723,-868,14,12,1/181.7,1/337.4,1/393.6,5.892007082584232
2022-12-26,アイムジャグラーEX-TP,169,5727,3210,32,25,1/100.5,1/179.0,1/229.1,6.303417043085886
2022-12-26,アイムジャグラーEX-TP,170,837,188,4,2,1/139.5,1/209.2,1/418.5,6.0394848095772815
2022-12-26,アイムジャグラーEX-TP,171,8310,2979,41,36,1/107.9,1/202.7,1/230.8,6.480107415383425
2022-12-26,アイムジャグラーEX-TP,172,4056,-399,12,18,1/135.2,1/338.0,1/225.3,6.329630093982835
2022-12-26,アイムジャグラーEX-TP,173,1517,-1015,3,3,1/252.8,1/505.7,1/505.7,6.814296888988231
2022-12-26,アイムジャグラーEX-TP,174,3538,-613,12,7,1/186.2,1/294.8,1/505.4,6.086297749977607
2022-12-26,アイムジャグラーEX-TP,175,2160,-64,9,2,1/196.4,1/240.0,1/1080.0,5.866733083879481
2022-12-26,アイムジャグラーEX-TP,176,3524,83,14,12,1/135.5,1/251.7,1/293.7,6.507398398626015
2022-12-26,アイムジャグラーEX-TP,177,1686,-410,6,3,1/187.3,1/281.0,1/562.0,6.549170304414837
2022-12-26,アイムジャグラーEX-TP,178,5030,1175,27,8,1/143.7,1/186.3,1/628.8,6.340303234140781
2022-12-26,マイジャグラーV,68,5913,502,23,18,1/144.2,1/257.1,1/328.5,5.735365764252298
2022-12-26,マイジャグラーV,69,3370,-655,10,9,1/177.4,1/337.0,1/374.4,5.831539331061441
2022-12-26,マイジャグラーV,70,1636,-118,8,1,1/181.8,1/204.5,1/1636.0,6.502717239496366
2022-12-26,マイジャグラーV,71,3853,-621,12,10,1/175.1,1/321.1,1/385.3,5.809675355759543
2022-12-26,マイジャグラーV,72,8123,1790,36,26,1/131.0,1/225.6,1/312.4,5.77327894185072
2022-12-26,ファンキージャグラー2,73,3475,1939,19,13,1/108.6,1/182.9,1/267.3,5.624988302351214
2022-12-26,ファンキージャグラー2,74,2216,743,13,6,1/116.6,1/170.5,1/369.3,6.652534034571261
2022-12-26,ファンキージャグラー2,75,1657,-109,7,2,1/184.1,1/236.7,1/828.5,5.982473464846358
2022-12-26,ファンキージャグラー2,76,1240,-482,4,1,1/248.0,1/310.0,1/1240.0,6.194819582124448
2022-12-26,ファンキージャグラー2,77,777,-551,1,1,1/388.5,1/777.0,1/777.0,5.759288961297967
2022-12-26,ファンキージャグラー2,78,5788,-786,19,17,1/160.8,1/304.6,1/340.5,6.025153349677655
2022-12-26,ファンキージャグラー2,79,286,-423,0,0,1/0.0,1/0.0,1/0.0,7.62137743072974
2022-12-26,ハッピージャグラーVIII,133,7982,3454,41,26,1/119.1,1/194.7,1/307.0,5.839141277536737
2022-12-26,ハッピージャグラーVIII,134,547,-242,1,2,1/182.3,1/547.0,1/273.5,6.401178659441643
2022-12-26,ハッピージャグラーVIII,135,4505,90,18,12,1/150.2,1/250.3,1/375.4,6.212988093008295
2022-12-26,ハッピージャグラーVIII,136,5909,1260,29,17,1/128.5,1/203.8,1/347.6,6.442176512065923
2022-12-26,ハッピージャグラーVIII,137,518,-425,0,2,1/259.0,1/0.0,1/259.0,6.199922979721286
2022-12-26,ハッピージャグラーVIII,138,1505,-654,3,3,1/250.8,1/501.7,1/501.7,5.808984288965125
2022-12-26,ハッピージャグラーVIII,139,2048,42,8,6,1/146.3,1/256.0,1/341.3,6.230002695206244
2022-12-26,ハッピージャグラーVIII,140,5276,-633,19,14,1/159.9,1/277.7,1/376.9,6.435163803642857
2022-12-26,ハッピージャグラーVIII,141,1144,-720,2,2,1/286.0,1/572.0,1/572.0,6.326282440861148
2022-12-25,アイムジャグラーEX-TP,97,5283,-1064,15,18,1/160.1,1/352.2,1/293.5,6.206290834072036
2022-12-25,アイムジャグラーEX-TP,98,582,-571,1,0,1/582.0,1/582.0,1/0.0,7.171547734598023
2022-12-25,アイムジャグラーEX-TP,99,2287,325,9,7,1/142.9,1/254.1,1/326.7,5.754784095195956
2022-12-25,アイムジャグラーEX-TP,100,2442,-114,6,11,1/143.6,1/407.0,1/222.0,5.57389897862752
2022-12-25,アイムジャグラーEX-TP,101,3655,346,16,10,1/140.6,1/228.4,1/365.5,6.336534655816947
2022-12-25,アイムジャグラーEX-TP,102,329,-246,0,1,1/329.0,1/0.0,1/329.0,5.365217182850026
2022-12-25,アイムジャグラーEX-TP,103,3943,1270,21,8,1/136.0,1/187.8,1/492.9,6.065085737900897
2022-12-25,アイムジャグラーEX-TP,104,1186,-647,1,5,1/197.7,1/1186.0,1/237.2,5.842049694464741
2022-12-25,アイムジャグラーEX-TP,105,1808,542,8,7,1/120.5,1/226.0,1/258.3,5.936499744530219
2022-12-25,アイムジャグラーEX-TP,106,1462,-1032,2,4,1/243.7,1/731.0,1/365.5,6.5674517272083595
2022-12-25,アイムジャグラーEX-TP,107,1254,-418,2,7,1/139.3,1/627.0,1/179.1,6.336280343721482
2022-12-25,アイムジャグラーEX-TP,108,5147,1662,27,11,1/135.4,1/190.6,1/467.9,6.01657301097906
2022-12-25,アイムジャグラーEX-TP,109,4432,-342,16,13,1/152.8,1/277.0,1/340.9,6.325482346930356
2022-12-25,アイムジャグラーEX-TP,110,2309,886,12,6,1/128.3,1/192.4,1/384.8,5.8876948096438655
2022-12-25,アイムジャグラーEX-TP,111,2694,758,14,6,1/134.7,1/192.4,1/449.0,6.19258013966452
2022-12-25,アイムジャグラーEX-TP,112,3884,829,19,7,1/149.4,1/204.4,1/554.9,5.965638964014879
2022-12-25,アイムジャグラーEX-TP,113,3765,-511,12,10,1/171.1,1/313.8,1/376.5,5.975449710123238
2022-12-25,アイムジャグラーEX-TP,114,5238,655,21,18,1/134.3,1/249.4,1/291.0,6.06637033022816
2022-12-25,アイムジャグラーEX-TP,115,3462,1022,19,4,1/150.5,1/182.2,1/865.5,5.994423939062715
2022-12-25,アイムジャグラーEX-TP,116,2121,1160,14,2,1/132.6,1/151.5,1/1060.5,6.028636620843723
2022-12-25,アイムジャグラーEX-TP,117,5163,1867,26,16,1/122.9,1/198.6,1/322.7,6.017293021844464
2022-12-25,アイムジャグラーEX-TP,118,3053,446,14,8,1/138.8,1/218.1,1/381.6,6.285998045390217
2022-12-25,アイムジャグラーEX-TP,119,2804,272,13,6,1/147.6,1/215.7,1/467.3,6.366109268090187
2022-12-25,アイムジャグラーEX-TP,120,3931,-297,15,7,1/178.7,1/262.1,1/561.6,6.040344089714614
2022-12-25,アイムジャグラーEX-TP,121,3805,-1014,13,3,1/237.8,1/292.7,1/1268.3,6.022645145748012
2022-12-25,アイムジャグラーEX-TP,122,4302,1053,20,12,1/134.4,1/215.1,1/358.5,5.973099558823701
2022-12-25,アイムジャグラーEX-TP,123,3252,795,16,10,1/125.1,1/203.2,1/325.2,6.432285420679181
2022-12-25,アイムジャグラーEX-TP,124,1798,-603,6,4,1/179.8,1/299.7,1/449.5,7.0014916526098165
2022-12-25,アイムジャグラーEX-TP,125,5025,332,19,16,1/143.6,1/264.5,1/314.1,5.965225406874373
2022-12-25,アイムジャグラーEX-TP,126,2278,-374,7,7,1/162.7,1/325.4,1/325.4,6.1567298002641175
2022-12-25,アイムジャグラーEX-TP,127,5887,806,22,27,1/120.1,1/267.6,1/218.0,6.20421382151085
2022-12-25,アイムジャグラーEX-TP,128,5469,528,20,22,1/130.2,1/273.4,1/248.6,6.04736877757101
2022-12-25,アイムジャグラーEX-TP,129,3585,293,14,11,1/143.4,1/256.1,1/325.9,5.985253237567055
2022-12-25,アイムジャグラーEX-TP,130,2149,-738,5,9,1/153.5,1/429.8,1/238.8,6.65876621149295
2022-12-25,アイムジャグラーEX-TP,131,3930,-1015,10,16,1/151.2,1/393.0,1/245.6,6.436295333915164
2022-12-25,アイムジャグラーEX-TP,132,5305,-1192,13,18,1/171.1,1/408.1,1/294.7,5.861888492737197
2022-12-25,アイムジャグラーEX-TP,157,2806,-1321,5,8,1/215.8,1/561.2,1/350.8,5.97781871355083
2022-12-25,アイムジャグラーEX-TP,158,4905,236,18,17,1/140.1,1/272.5,1/288.5,6.040956949160328
2022-12-25,アイムジャグラーEX-TP,159,4830,1385,23,14,1/130.5,1/210.0,1/345.0,5.958792176266253
2022-12-25,アイムジャグラーEX-TP,160,630,-372,1,0,1/630.0,1/630.0,1/0.0,5.198064834720103
2022-12-25,アイムジャグラーEX-TP,161,1892,-1160,3,2,1/378.4,1/630.7,1/946.0,5.6491704512675
2022-12-25,アイムジャグラーEX-TP,162,2443,413,12,4,1/152.7,1/203.6,1/610.8,6.119575145677452
2022-12-25,アイムジャグラーEX-TP,163,3576,-1405,7,11,1/198.7,1/510.9,1/325.1,5.923260581360076
2022-12-25,アイムジャグラーEX-TP,164,3925,260,16,11,1/145.4,1/245.3,1/356.8,6.137720278675957
2022-12-25,アイムジャグラーEX-TP,165,1020,-653,2,0,1/510.0,1/510.0,1/0.0,5.732807338892658
2022-12-25,アイムジャグラーEX-TP,166,1485,-746,3,4,1/212.1,1/495.0,1/371.2,6.340040042582869
2022-12-25,アイムジャグラーEX-TP,167,4946,1433,23,14,1/133.7,1/215.0,1/353.3,5.7968120791780775
2022-12-25,アイムジャグラーEX-TP,168,4454,-470,16,9,1/178.2,1/278.4,1/494.9,6.025140201860594
2022-12-25,アイムジャグラーEX-TP,169,3893,-522,15,6,1/185.4,1/259.5,1/648.8,6.253187732309017
2022-12-25,アイムジャグラーEX-TP,170,6278,226,24,20,1/142.7,1/261.6,1/313.9,6.152042346747607
2022-12-25,アイムジャグラーEX-TP,171,2767,468,13,5,1/153.7,1/212.8,1/553.4,5.948360662327925
2022-12-25,アイムジャグラーEX-TP,172,1191,-960,2,1,1/397.0,1/595.5,1/1191.0,6.5553057274052895
2022-12-25,アイムジャグラーEX-TP,173,3706,-387,13,9,1/168.5,1/285.1,1/411.8,6.1010970549546855
2022-12-25,アイムジャグラーEX-TP,174,6128,-1856,11,29,1/153.2,1/557.1,1/211.3,6.043731526084028
2022-12-25,アイムジャグラーEX-TP,175,1253,-758,2,3,1/250.6,1/626.5,1/417.7,6.1810346617920855
2022-12-25,アイムジャグラーEX-TP,176,7480,581,28,28,1/133.6,1/267.1,1/267.1,6.111839139008551
2022-12-25,アイムジャグラーEX-TP,177,1313,223,6,2,1/164.1,1/218.8,1/656.5,5.694199705167957
2022-12-25,アイムジャグラーEX-TP,178,5021,-264,18,11,1/173.1,1/278.9,1/456.5,5.855014017225402
2022-12-25,マイジャグラーV,68,6416,10,27,13,1/160.4,1/237.6,1/493.5,6.004763417094479
2022-12-25,マイジャグラーV,69,3339,-916,11,5,1/208.7,1/303.5,1/667.8,6.036010428767182
2022-12-25,マイジャグラーV,70,3099,-576,9,7,1/193.7,1/344.3,1/442.7,5.576107254884625
2022-12-25,マイジャグラーV,71,7272,1728,34,22,1/129.9,1/213.9,1/330.5,5.876355231394942
2022-12-25,マイジャグラーV,72,5110,859,25,14,1/131.0,1/204.4,1/365.0,6.313261665561664
2022-12-25,ファンキージャグラー2,73,2452,-903,6,3,1/272.4,1/408.7,1/817.3,5.485270862093534
2022-12-25,ファンキージャグラー2,74,2516,-741,8,4,1/209.7,1/314.5,1/629.0,6.051333151264208
2022-12-25,ファンキージャグラー2,75,3893,760,18,8,1/149.7,1/216.3,1/486.6,5.625997847329632
2022-12-25,ファンキージャグラー2,76,726,-597,0,2,1/363.0,1/0.0,1/363.0,5.5402074258238905
2022-12-25,ファンキージャグラー2,77,6296,3139,38,16,1/116.6,1/165.7,1/393.5,5.964807634953773
2022-12-25,ファンキージャグラー2,78,2508,-391,9,6,1/167.2,1/278.7,1/418.0,6.219024213279798
2022-12-25,ファンキージャグラー2,79,2047,-610,5,6,1/186.1,1/409.4,1/341.2,5.85170857133444
2022-12-25,ハッピージャグラーVIII,133,2443,-746,7,4,1/222.1,1/349.0,1/610.8,6.008596806644774
2022-12-25,ハッピージャグラーVIII,134,3536,86,14,8,1/160.7,1/252.6,1/442.0,5.974309119134076
2022-12-25,ハッピージャグラーVIII,135,1470,315,8,2,1/147.0,1/183.8,1/735.0,6.3497514363882885
2022-12-25,ハッピージャグラーVIII,136,4487,-406,14,11,1/179.5,1/320.5,1/407.9,5.684598442331977
2022-12-25,ハッピージャグラーVIII,137,1956,-376,8,3,1/177.8,1/244.5,1/652.0,6.891064287182639
2022-12-25,ハッピージャグラーVIII,138,4303,-755,13,12,1/172.1,1/331.0,1/358.6,6.089261275353178
2022-12-25,ハッピージャグラーVIII,139,2323,-358,6,11,1/136.6,1/387.2,1/211.2,6.380034529224755
2022-12-25,ハッピージャグラーVIII,140,7686,252,27,30,1/134.8,1/284.7,1/256.2,6.165640955017353
2022-12-25,ハッピージャグラーVIII,141,2609,-346,10,3,1/200.7,1/260.9,1/869.7,6.06567382234254
2022-12-24,アイムジャグラーEX-TP,97,3231,-263,12,9,1/153.9,1/269.2,1/359.0,6.407930014694606
2022-12-24,アイムジャグラーEX-TP,98,3522,506,17,8,1/140.9,1/207.2,1/440.2,6.436560776347916
2022-12-24,アイムジャグラーEX-TP,99,821,-492,2,1,1/273.7,1/410.5,1/821.0,6.6612527422900865
2022-12-24,アイムジャグラーEX-TP,100,458,-515,0,0,1/0.0,1/0.0,1/0.0,5.698550179342582
2022-12-24,アイムジャグラーEX-TP,101,5457,126,19,20,1/139.9,1/287.2,1/272.9,6.02626157997182
2022-12-24,アイムジャグラーEX-TP,102,517,209,3,1,1/129.2,1/172.3,1/517.0,6.199584903615043
2022-12-24,アイムジャグラーEX-TP,103,387,-486,0,0,1/0.0,1/0.0,1/0.0,6.286807062277403
2022-12-24,アイムジャグラーEX-TP,104,5024,263,20,10,1/167.5,1/251.2,1/502.4,5.751755470344194
2022-12-24,アイムジャグラーEX-TP,105,3783,397,15,12,1/140.1,1/252.2,1/315.2,5.993008283737876
2022-12-24,アイムジャグラーEX-TP,106,568,-453,1,0,1/568.0,1/568.0,1/0.0,6.209043406132546
2022-12-24,アイムジャグラーEX-TP,107,2518,-75,9,8,1/148.1,1/279.8,1/314.8,6.163901972220973
2022-12-24,アイムジャグラーEX-TP,108,7004,2133,36,20,1/125.1,1/194.6,1/350.2,6.301852849108702
2022-12-24,アイムジャグラーEX-TP,109,4559,381,17,15,1/142.5,1/268.2,1/303.9,5.875368270506027
2022-12-24,アイムジャグラーEX-TP,110,1885,-961,4,2,1/314.2,1/471.2,1/942.5,5.779143515601694
2022-12-24,アイムジャグラーEX-TP,111,5733,695,20,23,1/133.3,1/286.6,1/249.3,5.751614698358207
2022-12-24,アイムジャグラーEX-TP,112,3139,541,14,8,1/142.7,1/224.2,1/392.4,5.982043654397118
2022-12-24,アイムジャグラーEX-TP,113,1252,-1036,1,3,1/313.0,1/1252.0,1/417.3,6.289653198971873
2022-12-24,アイムジャグラーEX-TP,114,2361,-1017,5,5,1/236.1,1/472.2,1/472.2,5.866087143966897
2022-12-24,アイムジャグラーEX-TP,115,5893,166,22,20,1/140.3,1/267.9,1/294.6,6.1764287815418415
2022-12-24,アイムジャグラーEX-TP,116,1652,-1005,2,5,1/236.0,1/826.0,1/330.4,6.026352597877798
2022-12-24,アイムジャグラーEX-TP,117,4624,-512,16,13,1/159.4,1/289.0,1/355.7,6.2479081026761
2022-12-24,アイムジャグラーEX-TP,118,5555,1684,25,21,1/120.8,1/222.2,1/264.5,5.9672492012426055
2022-12-24,アイムジャグラーEX-TP,119,2758,315,11,10,1/131.3,1/250.7,1/275.8,6.17717974654615
2022-12-24,アイムジャグラーEX-TP,120,6893,-335,25,21,1/149.8,1/275.7,1/328.2,6.258391469731619
2022-12-24,アイムジャグラーEX-TP,121,4912,-1140,15,12,1/181.9,1/327.5,1/409.3,6.1714766136027315
2022-12-24,アイムジャグラーEX-TP,122,4047,-1391,11,9,1/202.3,1/367.9,1/449.7,6.202166917889931
2022-12-24,アイムジャグラーEX-TP,123,2612,-819,6,8,1/186.6,1/435.3,1/326.5,5.94401006494764
2022-12-24,アイムジャグラーEX-TP,124,2700,14,9,8,1/158.8,1/300.0,1/337.5,5.658577171727862
2022-12-24,アイムジャグラーEX-TP,125,4553,-1265,13,11,1/189.7,1/350.2,1/413.9,6.1397998303888714
2022-12-24,アイムジャグラーEX-TP,126,1980,-419,6,6,1/165.0,1/330.0,1/330.0,6.315604135381035
2022-12-24,アイムジャグラーEX-TP,127,4495,391,19,12,1/145.0,1/236.6,1/374.6,6.158537750774594
2022-12-24,アイムジャグラーEX-TP,128,1038,-735,1,2,1/346.0,1/1038.0,1/519.0,5.736208356329283
2022-12-24,アイムジャグラーEX-TP,129,2909,538,15,7,1/132.2,1/193.9,1/415.6,6.7311029202527894
2022-12-24,アイムジャグラーEX-TP,130,2508,-403,8,9,1/147.5,1/313.5,1/278.7,6.533852140645492
2022-12-24,アイムジャグラーEX-TP,131,3136,1273,17,11,1/112.0,1/184.5,1/285.1,6.46129740544295
2022-12-24,アイムジャグラーEX-TP,132,3495,-335,13,7,1/174.8,1/268.8,1/499.3,6.120199670857588
2022-12-24,アイムジャグラーEX-TP,157,4767,-352,19,7,1/183.3,1/250.9,1/681.0,6.0920113781954655
2022-12-24,アイムジャグラーEX-TP,158,2247,-725,6,5,1/204.3,1/374.5,1/449.4,6.04766870983848
2022-12-24,アイムジャグラーEX-TP,159,2822,38,11,6,1/166.0,1/256.5,1/470.3,5.882737610953548
2022-12-24,アイムジャグラーEX-TP,160,7314,237,27,27,1/135.4,1/270.9,1/270.9,6.242190540843564
2022-12-24,アイムジャグラーEX-TP,161,737,-856,0,0,1/0.0,1/0.0,1/0.0,5.852853698987655
2022-12-24,アイムジャグラーEX-TP,162,2276,-213,8,6,1/162.6,1/284.5,1/379.3,6.151442126686518
2022-12-24,アイムジャグラーEX-TP,163,3718,-839,13,9,1/169.0,1/286.0,1/413.1,6.7024295423769304
2022-12-24,アイムジャグラーEX-TP,164,2096,-758,3,9,1/174.7,1/698.7,1/232.9,5.722166329178975
2022-12-24,アイムジャグラーEX-TP,165,1677,-770,4,2,1/279.5,1/419.2,1/838.5,5.89845830409018
2022-12-24,アイムジャグラーEX-TP,166,1282,-780,3,1,1/320.5,1/427.3,1/1282.0,6.361074432112848
2022-12-24,アイムジャグラーEX-TP,167,3498,-568,12,10,1/159.0,1/291.5,1/349.8,6.494972375200257
2022-12-24,アイムジャグラーEX-TP,168,4762,-563,17,12,1/164.2,1/280.1,1/396.8,6.283762439840595
2022-12-24,アイムジャグラーEX-TP,169,6007,-893,21,13,1/176.7,1/286.0,1/462.1,6.176769879014075
2022-12-24,アイムジャグラーEX-TP,170,3347,-837,10,8,1/185.9,1/334.7,1/418.4,6.154288811157256
2022-12-24,アイムジャグラーEX-TP,171,4107,-814,11,15,1/158.0,1/373.4,1/273.8,6.110117983447427
2022-12-24,アイムジャグラーEX-TP,172,1815,164,9,2,1/165.0,1/201.7,1/907.5,6.309886340347621
2022-12-24,アイムジャグラーEX-TP,173,5194,2175,27,16,1/120.8,1/192.4,1/324.6,5.936556272284303
2022-12-24,アイムジャグラーEX-TP,174,3034,-1625,3,11,1/216.7,1/1011.3,1/275.8,5.718563085306901
2022-12-24,アイムジャグラーEX-TP,175,4019,1255,18,15,1/121.8,1/223.3,1/267.9,5.883183801069867
2022-12-24,アイムジャグラーEX-TP,176,2150,538,9,8,1/126.5,1/238.9,1/268.8,5.829247776243647
2022-12-24,アイムジャグラーEX-TP,177,3021,202,12,8,1/151.1,1/251.8,1/377.6,5.9482339435487575
2022-12-24,アイムジャグラーEX-TP,178,5465,967,24,18,1/130.1,1/227.7,1/303.6,6.210431228934677
2022-12-24,マイジャグラーV,68,4030,-1081,11,10,1/191.9,1/366.4,1/403.0,5.827082519133806
2022-12-24,マイジャグラーV,69,4531,-1621,11,9,1/226.6,1/411.9,1/503.4,5.703109089537323
2022-12-24,マイジャグラーV,70,3080,-383,11,9,1/154.0,1/280.0,1/342.2,6.28245702406742
2022-12-24,マイジャグラーV,71,4122,128,20,7,1/152.7,1/206.1,1/588.9,6.456900095914808
2022-12-24,マイジャグラーV,72,5695,-674,19,15,1/167.5,1/299.7,1/379.7,5.868964659177816
2022-12-24,ファンキージャグラー2,73,3875,-49,17,6,1/168.5,1/227.9,1/645.8,6.065393749220426
2022-12-24,ファンキージャグラー2,74,1019,-474,2,2,1/254.8,1/509.5,1/509.5,5.685807653563014
2022-12-24,ファンキージャグラー2,75,4634,622,20,13,1/140.4,1/231.7,1/356.5,5.8688446826528935
2022-12-24,ファンキージャグラー2,76,4017,723,18,11,1/138.5,1/223.2,1/365.2,5.8148520070766185
2022-12-24,ファンキージャグラー2,77,1230,-452,4,2,1/205.0,1/307.5,1/615.0,6.513101328368197
2022-12-24,ファンキージャグラー2,78,1071,-660,2,3,1/214.2,1/535.5,1/357.0,6.67296111948736
2022-12-24,ファンキージャグラー2,79,4094,809,20,10,1/136.5,1/204.7,1/409.4,6.038350531779345
2022-12-24,ハッピージャグラーVIII,133,2920,-1038,9,3,1/243.3,1/324.4,1/973.3,6.212640382800772
2022-12-24,ハッピージャグラーVIII,134,1544,-627,5,1,1/257.3,1/308.8,1/1544.0,6.472494622673267
2022-12-24,ハッピージャグラーVIII,135,4437,-389,16,12,1/158.5,1/277.3,1/369.8,6.3020072947829435
2022-12-24,ハッピージャグラーVIII,136,1471,-698,3,3,1/245.2,1/490.3,1/490.3,6.052497599033657
2022-12-24,ハッピージャグラーVIII,137,5324,-313,19,15,1/156.6,1/280.2,1/354.9,6.170681347417648
2022-12-24,ハッピージャグラーVIII,138,3326,470,15,8,1/144.6,1/221.7,1/415.8,6.105023754480394
2022-12-24,ハッピージャグラーVIII,139,1135,-374,4,1,1/227.0,1/283.8,1/1135.0,6.548200488879417
2022-12-24,ハッピージャグラーVIII,140,2930,-1084,4,12,1/183.1,1/732.5,1/244.2,5.750624558552472
2022-12-24,ハッピージャグラーVIII,141,3284,-579,10,9,1/172.8,1/328.4,1/364.9,6.098414180187155
2022-12-23,アイムジャグラーEX-TP,97,1148,261,6,3,1/127.6,1/191.3,1/382.7,6.702370998770629
2022-12-23,アイムジャグラーEX-TP,98,1425,-422,3,7,1/142.5,1/475.0,1/203.6,6.4759628166120935
2022-12-23,アイムジャグラーEX-TP,99,4420,-439,15,16,1/142.6,1/294.7,1/276.2,6.495910919604211
2022-12-23,アイムジャグラーEX-TP,100,319,230,2,1,1/106.3,1/159.5,1/319.0,5.816072451853766
2022-12-23,アイムジャグラーEX-TP,101,1302,-375,3,5,1/162.8,1/434.0,1/260.4,6.174740020681111
2022-12-23,アイムジャグラーEX-TP,102,3730,-51,14,13,1/138.1,1/266.4,1/286.9,6.453449649986863
2022-12-23,アイムジャグラーEX-TP,103,1055,-681,2,2,1/263.8,1/527.5,1/527.5,6.52554984715987
2022-12-23,アイムジャグラーEX-TP,104,655,-175,2,1,1/218.3,1/327.5,1/655.0,5.932302018477083
2022-12-23,アイムジャグラーEX-TP,105,2122,-96,7,7,1/151.6,1/303.1,1/303.1,5.969907726382868
2022-12-23,アイムジャグラーEX-TP,106,753,-51,1,5,1/125.5,1/753.0,1/150.6,5.353120399995393
2022-12-23,アイムジャグラーEX-TP,107,1269,-496,1,10,1/115.4,1/1269.0,1/126.9,6.7290251275797175
2022-12-23,アイムジャグラーEX-TP,108,3984,274,13,19,1/124.5,1/306.5,1/209.7,6.046869063550044
2022-12-23,アイムジャグラーEX-TP,109,4882,1247,26,9,1/139.5,1/187.8,1/542.4,6.2988384965036355
2022-12-23,アイムジャグラーEX-TP,110,1474,-86,5,5,1/147.4,1/294.8,1/294.8,6.179504286370806
2022-12-23,アイムジャグラーEX-TP,111,2487,-246,8,9,1/146.3,1/310.9,1/276.3,6.267084704147866
2022-12-23,アイムジャグラーEX-TP,112,1701,-561,5,3,1/212.6,1/340.2,1/567.0,6.192005912874217
2022-12-23,アイムジャグラーEX-TP,113,1329,232,7,0,1/189.9,1/189.9,1/0.0,5.79910208605789
2022-12-23,アイムジャグラーEX-TP,114,1287,-455,3,3,1/214.5,1/429.0,1/429.0,5.851835880511241
2022-12-23,アイムジャグラーEX-TP,115,5138,-901,15,17,1/160.6,1/342.5,1/302.2,6.1335447213720915
2022-12-23,アイムジャグラーEX-TP,116,987,-454,2,2,1/246.8,1/493.5,1/493.5,5.85560400881651
2022-12-23,アイムジャグラーEX-TP,117,4927,-509,17,14,1/158.9,1/289.8,1/351.9,6.213817393449774
2022-12-23,アイムジャグラーEX-TP,118,1039,-401,3,1,1/259.8,1/346.3,1/1039.0,6.0366418933883725
2022-12-23,アイムジャグラーEX-TP,119,1767,20,7,5,1/147.2,1/252.4,1/353.4,6.275578219772951
2022-12-23,アイムジャグラーEX-TP,120,4192,-1369,11,10,1/199.6,1/381.1,1/419.2,6.082560632660598
2022-12-23,アイムジャグラーEX-TP,121,3275,266,12,9,1/156.0,1/272.9,1/363.9,5.605479505981816
2022-12-23,アイムジャグラーEX-TP,122,3458,-1114,8,12,1/172.9,1/432.2,1/288.2,6.18061420506041
2022-12-23,アイムジャグラーEX-TP,123,1491,-103,3,9,1/124.2,1/497.0,1/165.7,5.8023321717253715
2022-12-23,アイムジャグラーEX-TP,124,5938,2672,30,21,1/116.4,1/197.9,1/282.8,5.830561582743941
2022-12-23,アイムジャグラーEX-TP,125,1629,321,8,5,1/125.3,1/203.6,1/325.8,6.671501764876376
2022-12-23,アイムジャグラーEX-TP,126,1189,142,6,3,1/132.1,1/198.2,1/396.3,7.020327834548882
2022-12-23,アイムジャグラーEX-TP,127,3942,3,15,11,1/151.6,1/262.8,1/358.4,6.119766912329822
2022-12-23,アイムジャグラーEX-TP,128,1012,-206,4,1,1/202.4,1/253.0,1/1012.0,6.464337584572156
2022-12-23,アイムジャグラーEX-TP,129,3728,814,18,8,1/143.4,1/207.1,1/466.0,6.018877252715768
2022-12-23,アイムジャグラーEX-TP,130,858,-401,2,1,1/286.0,1/429.0,1/858.0,5.863917341455701
2022-12-23,アイムジャグラーEX-TP,131,4258,859,21,9,1/141.9,1/202.8,1/473.1,6.2035081086028265
2022-12-23,アイムジャグラーEX-TP,132,1237,-541,2,3,1/247.4,1/618.5,1/412.3,5.503030603923576
2022-12-23,アイムジャグラーEX-TP,157,6663,1006,29,19,1/138.8,1/229.8,1/350.7,6.087574904215029
2022-12-23,アイムジャグラーEX-TP,158,647,-275,2,0,1/323.5,1/323.5,1/0.0,6.030363579661102
2022-12-23,アイムジャグラーEX-TP,159,3803,-168,14,14,1/135.8,1/271.6,1/271.6,6.619379845393009
2022-12-23,アイムジャグラーEX-TP,160,2146,-698,6,6,1/178.8,1/357.7,1/357.7,6.4814874101486435
2022-12-23,アイムジャグラーEX-TP,161,1205,-725,2,3,1/241.0,1/602.5,1/401.7,6.286783225192837
2022-12-23,アイムジャグラーEX-TP,162,4193,1469,22,9,1/135.3,1/190.6,1/465.9,5.899925251197444
2022-12-23,アイムジャグラーEX-TP,163,2146,-458,6,6,1/178.8,1/357.7,1/357.7,5.943004098291195
2022-12-23,アイムジャグラーEX-TP,164,624,-263,2,0,1/312.0,1/312.0,1/0.0,6.146483708961633
2022-12-23,アイムジャグラーEX-TP,165,6048,961,24,24,1/126.0,1/252.0,1/252.0,6.09655958481784
2022-12-23,アイムジャグラーEX-TP,166,569,489,4,2,1/94.8,1/142.2,1/284.5,6.21761023910372
2022-12-23,アイムジャグラーEX-TP,167,4101,2113,24,11,1/117.2,1/170.9,1/372.8,6.071181696374622
2022-12-23,アイムジャグラーEX-TP,168,4422,-887,18,6,1/184.2,1/245.7,1/737.0,6.804083089948625
2022-12-23,アイムジャグラーEX-TP,169,3192,-707,9,11,1/159.6,1/354.7,1/290.2,6.298346518292988
2022-12-23,アイムジャグラーEX-TP,170,2382,-1863,3,3,1/397.0,1/794.0,1/794.0,6.107774057898929
2022-12-23,アイムジャグラーEX-TP,171,2865,-423,9,7,1/179.1,1/318.3,1/409.3,5.888039695868877
2022-12-23,アイムジャグラーEX-TP,172,2663,774,11,13,1/111.0,1/242.1,1/204.8,6.07831943118434
2022-12-23,アイムジャグラーEX-TP,173,7258,755,26,27,1/136.9,1/279.2,1/268.8,5.80564726299847
2022-12-23,アイムジャグラーEX-TP,174,753,792,5,4,1/83.7,1/150.6,1/188.2,5.690669274852297
2022-12-23,アイムジャグラーEX-TP,175,1328,-20,5,4,1/147.6,1/265.6,1/332.0,6.2480924616058715
2022-12-23,アイムジャグラーEX-TP,176,2368,483,11,5,1/148.0,1/215.3,1/473.6,5.864903338566504
2022-12-23,アイムジャグラーEX-TP,177,1425,109,5,4,1/158.3,1/285.0,1/356.2,5.495019295230034
2022-12-23,アイムジャグラーEX-TP,178,5214,1149,23,17,1/130.3,1/226.7,1/306.7,6.015869989642181
2022-12-23,マイジャグラーV,68,7700,3819,43,33,1/101.3,1/179.1,1/233.3,6.2391871392526825
2022-12-23,マイジャグラーV,69,3294,-1246,8,8,1/205.9,1/411.8,1/411.8,5.970682453762523
2022-12-23,マイジャグラーV,70,2792,-1943,4,4,1/349.0,1/698.0,1/698.0,5.9023744309477895
2022-12-23,マイジャグラーV,71,8120,875,27,35,1/131.0,1/300.7,1/232.0,5.585841048632967
2022-12-23,マイジャグラーV,72,6209,-1301,19,15,1/182.6,1/326.8,1/413.9,5.887707248744206
2022-12-23,ファンキージャグラー2,73,6240,262,25,17,1/148.6,1/249.6,1/367.1,5.91427990561795
2022-12-23,ファンキージャグラー2,74,428,-364,1,0,1/428.0,1/428.0,1/0.0,7.147724084490107
2022-12-23,ファンキージャグラー2,75,2810,-784,7,7,1/200.7,1/401.4,1/401.4,5.648032597790986
2022-12-23,ファンキージャグラー2,76,2317,-632,4,10,1/165.5,1/579.2,1/231.7,5.587343401181957
2022-12-23,ファンキージャグラー2,77,965,-815,1,1,1/482.5,1/965.0,1/965.0,5.98127133781748
2022-12-23,ファンキージャグラー2,78,3027,-97,13,5,1/168.2,1/232.8,1/605.4,6.098404157733601
2022-12-23,ファンキージャグラー2,79,2005,-747,4,6,1/200.5,1/501.2,1/334.2,5.739756779595665
2022-12-23,ハッピージャグラーVIII,133,7682,4453,46,27,1/105.2,1/167.0,1/284.5,6.209831641982107
2022-12-23,ハッピージャグラーVIII,134,696,-336,2,0,1/348.0,1/348.0,1/0.0,6.11271101368246
2022-12-23,ハッピージャグラーVIII,135,8443,1041,35,24,1/143.1,1/241.2,1/351.8,5.979529036662584
2022-12-23,ハッピージャグラーVIII,136,1734,-212,7,2,1/192.7,1/247.7,1/867.0,6.249943118849571
2022-12-23,ハッピージャグラーVIII,137,1338,-530,4,3,1/191.1,1/334.5,1/446.0,6.938298278635681
2022-12-23,ハッピージャグラーVIII,138,7053,-361,22,28,1/141.1,1/320.6,1/251.9,6.146702587213396
2022-12-23,ハッピージャグラーVIII,139,2914,813,12,12,1/121.4,1/242.8,1/242.8,5.80507835785011
2022-12-23,ハッピージャグラーVIII,140,4970,1551,22,24,1/108.0,1/225.9,1/207.1,6.303216082839731
2022-12-23,ハッピージャグラーVIII,141,4003,1723,23,11,1/117.7,1/174.0,1/363.9,6.296697169587038
2022-12-22,アイムジャグラーEX-TP,97,5827,535,24,14,1/153.3,1/242.8,1/416.2,5.89775787832457
2022-12-22,アイムジャグラーEX-TP,98,414,42,2,1,1/138.0,1/207.0,1/414.0,6.7457681303517045
2022-12-22,アイムジャグラーEX-TP,99,933,-570,2,0,1/466.5,1/466.5,1/0.0,5.8021370520740865
2022-12-22,アイムジャグラーEX-TP,100,292,-371,0,0,1/0.0,1/0.0,1/0.0,6.3604529688067695
2022-12-22,アイムジャグラーEX-TP,101,415,-400,0,0,1/0.0,1/0.0,1/0.0,5.113570553719599
2022-12-22,アイムジャグラーEX-TP,102,1705,-196,4,8,1/142.1,1/426.2,1/213.1,5.809729815192665
2022-12-22,アイムジャグラーEX-TP,103,2151,-499,6,6,1/179.2,1/358.5,1/358.5,6.015907502583399
2022-12-22,アイムジャグラーEX-TP,104,579,-289,1,3,1/144.8,1/579.0,1/193.0,7.261357189044607
2022-12-22,アイムジャグラーEX-TP,105,3030,182,12,10,1/137.7,1/252.5,1/303.0,6.254984117914088
2022-12-22,アイムジャグラーEX-TP,106,302,-86,1,0,1/302.0,1/302.0,1/0.0,5.667335299635958
2022-12-22,アイムジャグラーEX-TP,107,5882,2207,31,14,1/130.7,1/189.7,1/420.1,5.914285909350569
2022-12-22,アイムジャグラーEX-TP,108,1028,380,6,2,1/128.5,1/171.3,1/514.0,6.419418315774432
2022-12-22,アイムジャグラーEX-TP,109,1835,-512,5,5,1/183.5,1/367.0,1/367.0,6.129520270674271
2022-12-22,アイムジャグラーEX-TP,110,3471,-302,13,7,1/173.6,1/267.0,1/495.9,6.115223711127191
2022-12-22,アイムジャグラーEX-TP,111,833,-580,1,2,1/277.7,1/833.0,1/416.5,6.145670692240821
2022-12-22,アイムジャグラーEX-TP,112,436,-651,0,0,1/0.0,1/0.0,1/0.0,7.727969791436983
2022-12-22,アイムジャグラーEX-TP,113,6170,154,26,14,1/154.2,1/237.3,1/440.7,6.257817200335751
2022-12-22,アイムジャグラーEX-TP,114,3300,999,14,16,1/110.0,1/235.7,1/206.2,6.138170211459964
2022-12-22,アイムジャグラーEX-TP,115,1373,-617,3,3,1/228.8,1/457.7,1/457.7,6.052179573677948
2022-12-22,アイムジャグラーEX-TP,116,1686,-239,5,6,1/153.3,1/337.2,1/281.0,6.142083439147053
2022-12-22,アイムジャグラーEX-TP,117,3534,-1377,8,11,1/186.0,1/441.8,1/321.3,6.28220195124766
2022-12-22,アイムジャグラーEX-TP,118,2493,-746,5,11,1/155.8,1/498.6,1/226.6,6.130764258662477
2022-12-22,アイムジャグラーEX-TP,119,3146,-168,11,12,1/136.8,1/286.0,1/262.2,6.487693622648722
2022-12-22,アイムジャグラーEX-TP,120,2284,-1019,6,3,1/253.8,1/380.7,1/761.3,6.167903456432066
2022-12-22,アイムジャグラーEX-TP,121,1905,-263,4,11,1/127.0,1/476.2,1/173.2,6.094294572606802
2022-12-22,アイムジャグラーEX-TP,122,3764,103,14,11,1/150.6,1/268.9,1/342.2,5.957644597407972
2022-12-22,アイムジャグラーEX-TP,123,926,-1000,0,1,1/926.0,1/0.0,1/926.0,5.945547898611585
2022-12-22,アイムジャグラーEX-TP,124,316,-321,0,1,1/316.0,1/0.0,1/316.0,6.605711557424015
2022-12-22,アイムジャグラーEX-TP,125,334,-393,0,0,1/0.0,1/0.0,1/0.0,5.918589972136554
2022-12-22,アイムジャグラーEX-TP,126,6709,1871,33,21,1/124.2,1/203.3,1/319.5,6.283306841173455
2022-12-22,アイムジャグラーEX-TP,127,953,-260,3,1,1/238.2,1/317.7,1/953.0,5.862410396778762
2022-12-22,アイムジャグラーEX-TP,128,1615,477,8,4,1/134.6,1/201.9,1/403.8,5.956011810236669
2022-12-22,アイムジャグラーEX-TP,129,1420,-263,3,8,1/129.1,1/473.3,1/177.5,6.271169336808384
2022-12-22,アイムジャグラーEX-TP,130,722,-651,1,1,1/361.0,1/722.0,1/722.0,6.976291623676799
2022-12-22,アイムジャグラーEX-TP,131,1017,-580,2,1,1/339.0,1/508.5,1/1017.0,5.838320543086662
2022-12-22,アイムジャグラーEX-TP,132,7329,2372,35,25,1/122.2,1/209.4,1/293.2,6.027722291772092
2022-12-22,アイムジャグラーEX-TP,157,2655,-2058,2,7,1/295.0,1/1327.5,1/379.3,6.093922844051006
2022-12-22,アイムジャグラーEX-TP,158,2318,340,10,6,1/144.9,1/231.8,1/386.3,5.949986436700461
2022-12-22,アイムジャグラーEX-TP,159,4729,-73,16,15,1/152.5,1/295.6,1/315.3,5.879395362433891
2022-12-22,アイムジャグラーEX-TP,160,963,-539,2,1,1/321.0,1/481.5,1/963.0,5.935183725985078
2022-12-22,アイムジャグラーEX-TP,161,2449,-953,5,9,1/174.9,1/489.8,1/272.1,6.268726508593735
2022-12-22,アイムジャグラーEX-TP,162,3945,34,15,10,1/157.8,1/263.0,1/394.5,5.96938996693079
2022-12-22,アイムジャグラーEX-TP,163,1419,486,8,2,1/141.9,1/177.4,1/709.5,6.060262843721323
2022-12-22,アイムジャグラーEX-TP,164,5144,618,21,16,1/139.0,1/245.0,1/321.5,6.030986113947579
2022-12-22,アイムジャグラーEX-TP,165,2618,101,10,8,1/145.4,1/261.8,1/327.2,6.078403229011247
2022-12-22,アイムジャグラーEX-TP,166,6172,2043,28,21,1/126.0,1/220.4,1/293.9,5.733035090419726
2022-12-22,アイムジャグラーEX-TP,167,2173,-581,7,4,1/197.5,1/310.4,1/543.2,6.268368620575533
2022-12-22,アイムジャグラーEX-TP,168,3678,656,18,5,1/159.9,1/204.3,1/735.6,5.936553735649071
2022-12-22,アイムジャグラーEX-TP,169,4988,394,19,15,1/146.7,1/262.5,1/332.5,5.865854309348456
2022-12-22,アイムジャグラーEX-TP,170,965,-886,0,4,1/241.2,1/0.0,1/241.2,6.5823758761722075
2022-12-22,アイムジャグラーEX-TP,171,1727,-621,5,4,1/191.9,1/345.4,1/431.8,6.553586498594811
2022-12-22,アイムジャグラーEX-TP,172,2329,-105,8,6,1/166.4,1/291.1,1/388.2,5.818940844832258
2022-12-22,アイムジャグラーEX-TP,173,2274,-1373,3,6,1/252.7,1/758.0,1/379.0,5.962342693066437
2022-12-22,アイムジャグラーEX-TP,174,872,156,4,1,1/174.4,1/218.0,1/872.0,5.534553097213981
2022-12-22,アイムジャグラーEX-TP,175,5524,1777,30,15,1/122.8,1/184.1,1/368.3,6.520696938793662
2022-12-22,アイムジャグラーEX-TP,176,4356,863,22,7,1/150.2,1/198.0,1/622.3,6.1329309402268875
2022-12-22,アイムジャグラーEX-TP,177,882,761,7,1,1/110.2,1/126.0,1/882.0,6.205923518817739
2022-12-22,アイムジャグラーEX-TP,178,4167,680,20,9,1/143.7,1/208.3,1/463.0,6.250586601877369
2022-12-22,マイジャグラーV,68,5594,788,23,17,1/139.8,1/243.2,1/329.1,5.721456295444343
2022-12-22,マイジャグラーV,69,3816,290,16,9,1/152.6,1/238.5,1/424.0,5.802420643382619
2022-12-22,マイジャグラーV,70,7566,-765,26,21,1/161.0,1/291.0,1/360.3,5.957339602130146
2022-12-22,マイジャグラーV,71,4075,398,19,6,1/163.0,1/214.5,1/679.2,5.82906907576489
2022-12-22,マイジャグラーV,72,5042,-876,17,11,1/180.1,1/296.6,1/458.4,5.959870526245485
2022-12-22,ファンキージャグラー2,73,1238,-167,2,5,1/176.9,1/619.0,1/247.6,4.93035426566744
2022-12-22,ファンキージャグラー2,74,6413,1794,30,25,1/116.6,1/213.8,1/256.5,6.070184006061382
2022-12-22,ファンキージャグラー2,75,336,-189,1,0,1/336.0,1/336.0,1/0.0,6.378840474881892
2022-12-22,ファンキージャグラー2,76,1850,639,10,4,1/132.1,1/185.0,1/462.5,5.818536362903685
2022-12-22,ファンキージャグラー2,77,5630,2716,30,22,1/108.3,1/187.7,1/255.9,5.864903306573627
2022-12-22,ファンキージャグラー2,78,2225,93,8,7,1/148.3,1/278.1,1/317.9,5.671304870073751
2022-12-22,ファンキージャグラー2,79,287,-68,1,0,1/287.0,1/287.0,1/0.0,5.486432191784259
2022-12-22,ハッピージャグラーVIII,133,3311,1271,17,11,1/118.2,1/194.8,1/301.0,6.081264175621252
2022-12-22,ハッピージャグラーVIII,134,2610,921,14,7,1/124.3,1/186.4,1/372.9,6.197900016118102
2022-12-22,ハッピージャグラーVIII,135,1648,-166,6,4,1/164.8,1/274.7,1/412.0,6.276498018789884
2022-12-22,ハッピージャグラーVIII,136,1840,-807,3,5,1/230.0,1/613.3,1/368.0,5.7519053186367985
2022-12-22,ハッピージャグラーVIII,137,2812,-174,11,6,1/165.4,1/255.6,1/468.7,6.266812669435994
2022-12-22,ハッピージャグラーVIII,138,483,-109,2,0,1/241.5,1/241.5,1/0.0,6.338739689910298
2022-12-22,ハッピージャグラーVIII,139,8501,1137,33,26,1/144.1,1/257.6,1/327.0,5.751822671394999
2022-12-22,ハッピージャグラーVIII,140,1877,92,8,4,1/156.4,1/234.6,1/469.2,6.136184975737429
2022-12-22,ハッピージャグラーVIII,141,5504,113,20,18,1/144.8,1/275.2,1/305.8,6.075079327026024
2022-12-20,アイムジャグラーEX-TP,73,3716,-693,13,7,1/185.8,1/285.8,1/530.9,6.233282022261875
2022-12-20,アイムジャグラーEX-TP,74,5279,-1267,16,12,1/188.5,1/329.9,1/439.9,6.105535952712733
2022-12-20,アイムジャグラーEX-TP,75,2363,134,11,4,1/157.5,1/214.8,1/590.8,6.378577567484771
2022-12-20,アイムジャグラーEX-TP,76,4566,-542,17,11,1/163.1,1/268.6,1/415.1,6.4272414589336995
2022-12-20,アイムジャグラーEX-TP,77,1830,-521,5,5,1/183.0,1/366.0,1/366.0,6.168559425643072
2022-12-20,アイムジャグラーEX-TP,78,3003,-318,12,4,1/187.7,1/250.2,1/750.8,6.194075419458332
2022-12-20,アイムジャグラーEX-TP,79,6574,365,24,23,1/139.9,1/273.9,1/285.8,5.99993678801005
2022-12-20,アイムジャグラーEX-TP,80,1935,-824,5,6,1/175.9,1/387.0,1/322.5,6.909020341976868
2022-12-20,アイムジャグラーEX-TP,81,2683,-626,8,6,1/191.6,1/335.4,1/447.2,6.002266409263472
2022-12-20,アイムジャグラーEX-TP,82,3506,36,14,5,1/184.5,1/250.4,1/701.2,5.716452012480519
2022-12-20,アイムジャグラーEX-TP,83,2487,402,10,9,1/130.9,1/248.7,1/276.3,5.992442871743434
2022-12-20,アイムジャグラーEX-TP,84,4246,-607,15,10,1/169.8,1/283.1,1/424.6,6.282230554044057
2022-12-20,アイムジャグラーEX-TP,109,6959,1610,31,23,1/128.9,1/224.5,1/302.6,6.034853546965009
2022-12-20,アイムジャグラーEX-TP,110,2146,-754,6,6,1/178.8,1/357.7,1/357.7,6.621477704009702
2022-12-20,アイムジャグラーEX-TP,111,5932,-175,22,24,1/129.0,1/269.6,1/247.2,6.770245951439715
2022-12-20,アイムジャグラーEX-TP,112,2238,-413,7,7,1/159.9,1/319.7,1/319.7,6.349205988952383
2022-12-20,アイムジャグラーEX-TP,113,3280,-361,11,9,1/164.0,1/298.2,1/364.4,6.086910692400937
2022-12-20,アイムジャグラーEX-TP,114,4621,369,17,17,1/135.9,1/271.8,1/271.8,5.999480624923351
2022-12-20,アイムジャグラーEX-TP,115,1887,-289,5,6,1/171.5,1/377.4,1/314.5,5.68761125240386
2022-12-20,アイムジャグラーEX-TP,116,7236,97,25,29,1/134.0,1/289.4,1/249.5,6.192274010281468
2022-12-20,アイムジャグラーEX-TP,117,4437,-947,9,23,1/138.7,1/493.0,1/192.9,6.099853823471412
2022-12-20,アイムジャグラーEX-TP,118,6552,2372,32,22,1/121.3,1/204.8,1/297.8,5.9549746114674456
2022-12-20,アイムジャグラーEX-TP,119,4075,-34,11,19,1/135.8,1/370.5,1/214.5,5.723913527468815
2022-12-20,アイムジャグラーEX-TP,120,6813,-519,24,20,1/154.8,1/283.9,1/340.6,6.213800031761247
2022-12-20,アイムジャグラーEX-TP,121,6029,449,23,17,1/150.7,1/262.1,1/354.6,5.815118993017768
2022-12-20,アイムジャグラーEX-TP,122,3441,-975,10,8,1/191.2,1/344.1,1/430.1,6.185443144668509
2022-12-20,アイムジャグラーEX-TP,123,2168,348,9,5,1/154.9,1/240.9,1/433.6,5.609499843228968
2022-12-20,アイムジャグラーEX-TP,124,5305,986,22,21,1/123.4,1/241.1,1/252.6,6.17669576350276
2022-12-20,アイムジャグラーEX-TP,125,4360,1115,21,11,1/136.2,1/207.6,1/396.4,5.998821699334102
2022-12-20,アイムジャグラーEX-TP,126,2587,-507,8,6,1/184.8,1/323.4,1/431.2,5.994906808744953
2022-12-20,アイムジャグラーEX-TP,127,2536,-300,9,6,1/169.1,1/281.8,1/422.7,6.187121034262184
2022-12-20,アイムジャグラーEX-TP,128,5104,2039,24,24,1/106.3,1/212.7,1/212.7,6.160953758131093
2022-12-20,アイムジャグラーEX-TP,129,5372,230,21,11,1/167.9,1/255.8,1/488.4,5.739212737274566
2022-12-20,アイムジャグラーEX-TP,130,4825,136,18,16,1/141.9,1/268.1,1/301.6,6.138048202442371
2022-12-20,アイムジャグラーEX-TP,131,3536,411,16,7,1/153.7,1/221.0,1/505.1,6.0646736038460185
2022-12-20,アイムジャグラーEX-TP,132,6117,-1987,16,12,1/218.5,1/382.3,1/509.8,5.884748513535807
2022-12-20,アイムジャグラーEX-TP,157,5921,337,24,14,1/155.8,1/246.7,1/422.9,5.962977333012112
2022-12-20,アイムジャグラーEX-TP,158,6064,84,23,22,1/134.8,1/263.7,1/275.6,6.432687489317087
2022-12-20,アイムジャグラーEX-TP,159,2280,-453,7,6,1/175.4,1/325.7,1/380.0,6.118096161176413
2022-12-20,アイムジャグラーEX-TP,160,6314,1118,27,20,1/134.3,1/233.9,1/315.7,6.018303821801169
2022-12-20,アイムジャグラーEX-TP,161,2811,13,13,4,1/165.4,1/216.2,1/702.8,6.4753592309770305
2022-12-20,アイムジャグラーEX-TP,162,4553,-544,10,20,1/151.8,1/455.3,1/227.7,5.560966155639973
2022-12-20,アイムジャグラーEX-TP,163,2311,-250,9,3,1/192.6,1/256.8,1/770.3,6.069704050580621
2022-12-20,アイムジャグラーEX-TP,164,7010,-73,20,29,1/143.1,1/350.5,1/241.7,5.685739293929322
2022-12-20,アイムジャグラーEX-TP,165,3119,198,10,11,1/148.5,1/311.9,1/283.5,5.515985029273539
2022-12-20,アイムジャグラーEX-TP,166,5861,426,23,19,1/139.5,1/254.8,1/308.5,6.124360100503455
2022-12-20,アイムジャグラーEX-TP,167,2110,-799,6,3,1/234.4,1/351.7,1/703.3,6.1549564245128865
2022-12-20,アイムジャグラーEX-TP,168,5417,99,22,11,1/164.2,1/246.2,1/492.5,6.002499198217027
2022-12-20,アイムジャグラーEX-TP,169,2302,-124,10,3,1/177.1,1/230.2,1/767.3,6.354853179564658
2022-12-20,アイムジャグラーEX-TP,170,7688,-167,27,26,1/145.1,1/284.7,1/295.7,6.14396471305611
2022-12-20,アイムジャグラーEX-TP,171,3319,-574,12,10,1/150.9,1/276.6,1/331.9,6.8966339813177076
2022-12-20,アイムジャグラーEX-TP,172,3772,208,16,7,1/164.0,1/235.8,1/538.9,5.965908313573898
2022-12-20,アイムジャグラーEX-TP,173,2573,-699,7,9,1/160.8,1/367.6,1/285.9,6.451921574323027
2022-12-20,アイムジャグラーEX-TP,174,7235,2203,32,29,1/118.6,1/226.1,1/249.5,5.971230060599938
2022-12-20,アイムジャグラーEX-TP,175,5170,-320,18,15,1/156.7,1/287.2,1/344.7,6.082205894904541
2022-12-20,アイムジャグラーEX-TP,176,3685,-2739,4,9,1/283.5,1/921.2,1/409.4,6.251578269038918
2022-12-20,アイムジャグラーEX-TP,177,3404,-1736,7,9,1/212.8,1/486.3,1/378.2,6.400900669153616
2022-12-20,アイムジャグラーEX-TP,178,5956,2037,32,12,1/135.4,1/186.1,1/496.3,6.021731778882655
2022-12-20,マイジャグラーV,68,6583,-24,24,18,1/156.7,1/274.3,1/365.7,5.738082431587697
2022-12-20,マイジャグラーV,69,4670,-429,17,9,1/179.6,1/274.7,1/518.9,5.779635821372187
2022-12-20,マイジャグラーV,70,5019,-2629,8,16,1/209.1,1/627.4,1/313.7,6.052703317185167
2022-12-20,マイジャグラーV,71,6293,-235,23,17,1/157.3,1/273.6,1/370.2,5.876073975686206
2022-12-20,マイジャグラーV,72,7785,1118,32,21,1/146.9,1/243.3,1/370.7,5.579682191139405
2022-12-20,ファンキージャグラー2,61,7393,1576,27,35,1/119.2,1/273.8,1/211.2,5.645030922493249
2022-12-20,ファンキージャグラー2,62,6892,2874,36,22,1/118.8,1/191.4,1/313.3,5.747344261209625
2022-12-20,ファンキージャグラー2,63,3386,391,15,11,1/130.2,1/225.7,1/307.8,6.275195589052712
2022-12-20,ファンキージャグラー2,64,1605,445,10,1,1/145.9,1/160.5,1/1605.0,6.369636873649273
2022-12-20,ファンキージャグラー2,65,5574,-606,21,9,1/185.8,1/265.4,1/619.3,5.8616041503816945
2022-12-20,ファンキージャグラー2,66,1360,-314,4,2,1/226.7,1/340.0,1/680.0,5.50180730324465
2022-12-20,ファンキージャグラー2,67,7520,1955,41,12,1/141.9,1/183.4,1/626.7,6.004846597929006
2022-12-20,ハッピージャグラーVIII,154,6053,1476,29,18,1/128.8,1/208.7,1/336.3,6.196007017415547
2022-12-20,ハッピージャグラーVIII,155,5459,-1086,16,15,1/176.1,1/341.2,1/363.9,6.079692783401047
2022-12-20,ハッピージャグラーVIII,156,7106,831,32,21,1/134.1,1/222.1,1/338.4,6.477731464894624
2022-12-19,アイムジャグラーEX-TP,73,4900,953,24,12,1/136.1,1/204.2,1/408.3,6.354591386805274
2022-12-19,アイムジャグラーEX-TP,74,2958,-249,11,6,1/174.0,1/268.9,1/493.0,6.076229316401399
2022-12-19,アイムジャグラーEX-TP,75,2520,73,10,5,1/168.0,1/252.0,1/504.0,5.833980878201643
2022-12-19,アイムジャグラーEX-TP,76,1003,534,6,1,1/143.3,1/167.2,1/1003.0,5.469088282262973
2022-12-19,アイムジャグラーEX-TP,77,5131,826,23,13,1/142.5,1/223.1,1/394.7,6.052661529033241
2022-12-19,アイムジャグラーEX-TP,78,3103,54,11,11,1/141.0,1/282.1,1/282.1,6.072589816891162
2022-12-19,アイムジャグラーEX-TP,79,1944,-372,7,2,1/216.0,1/277.7,1/972.0,5.995826793517883
2022-12-19,アイムジャグラーEX-TP,80,4185,2860,23,21,1/95.1,1/182.0,1/199.3,5.913084858490059
2022-12-19,アイムジャグラーEX-TP,81,1184,-790,1,3,1/296.0,1/1184.0,1/394.7,5.683663059396775
2022-12-19,アイムジャグラーEX-TP,82,2482,-1009,5,10,1/165.5,1/496.4,1/248.2,6.494109133948798
2022-12-19,アイムジャグラーEX-TP,83,3896,-393,15,9,1/162.3,1/259.7,1/432.9,6.451219343378468
2022-12-19,アイムジャグラーEX-TP,84,1695,-862,4,2,1/282.5,1/423.8,1/847.5,6.086169386532078
2022-12-19,アイムジャグラーEX-TP,109,2714,-1625,5,3,1/339.2,1/542.8,1/904.7,5.876270597367725
2022-12-19,アイムジャグラーEX-TP,110,4817,666,20,12,1/150.5,1/240.8,1/401.4,5.771525609877843
2022-12-19,アイムジャグラーEX-TP,111,1496,-211,5,3,1/187.0,1/299.2,1/498.7,5.897406260806325
2022-12-19,アイムジャグラーEX-TP,112,7241,2066,31,28,1/122.7,1/233.6,1/258.6,5.840802565797374
2022-12-19,アイムジャグラーEX-TP,113,3685,-58,13,12,1/147.4,1/283.5,1/307.1,6.078840332124082
2022-12-19,アイムジャグラーEX-TP,114,1224,-115,4,2,1/204.0,1/306.0,1/612.0,5.488285693608559
2022-12-19,アイムジャグラーEX-TP,115,4530,-323,15,14,1/156.2,1/302.0,1/323.6,6.011904765854557
2022-12-19,アイムジャグラーEX-TP,116,3816,704,18,11,1/131.6,1/212.0,1/346.9,6.384181256943905
2022-12-19,アイムジャグラーEX-TP,117,2300,-548,6,8,1/164.3,1/383.3,1/287.5,6.138170211459964
2022-12-19,アイムジャグラーEX-TP,118,3196,113,11,12,1/139.0,1/290.5,1/266.3,5.964410348520689
2022-12-19,アイムジャグラーEX-TP,119,3690,-134,12,16,1/131.8,1/307.5,1/230.6,6.339524305461303
2022-12-19,アイムジャグラーEX-TP,120,5767,-406,18,21,1/147.9,1/320.4,1/274.6,6.029217103075034
2022-12-19,アイムジャグラーEX-TP,121,3128,561,14,8,1/142.2,1/223.4,1/391.0,5.972193938520999
2022-12-19,アイムジャグラーEX-TP,122,7337,110,26,21,1/156.1,1/282.2,1/349.4,5.795685398568859
2022-12-19,アイムジャグラーEX-TP,123,5272,361,19,18,1/142.5,1/277.5,1/292.9,5.856107941132296
2022-12-19,アイムジャグラーEX-TP,124,6550,1576,30,22,1/126.0,1/218.3,1/297.7,6.1621714174969915
2022-12-19,アイムジャグラーEX-TP,125,1894,-933,3,6,1/210.4,1/631.3,1/315.7,5.988014297000641
2022-12-19,アイムジャグラーEX-TP,126,1159,-892,2,0,1/579.5,1/579.5,1/0.0,6.037154492710774
2022-12-19,アイムジャグラーEX-TP,127,5456,755,20,19,1/139.9,1/272.8,1/287.2,5.657723353898818
2022-12-19,アイムジャグラーEX-TP,128,2910,280,11,13,1/121.2,1/264.5,1/223.8,6.403677251145621
2022-12-19,アイムジャグラーEX-TP,129,3862,-1179,11,8,1/203.3,1/351.1,1/482.8,6.10638521554014
2022-12-19,アイムジャグラーEX-TP,130,2749,-198,10,5,1/183.3,1/274.9,1/549.8,5.843338873204032
2022-12-19,アイムジャグラーEX-TP,131,3389,1169,17,7,1/141.2,1/199.4,1/484.1,5.648949445419514
2022-12-19,アイムジャグラーEX-TP,132,2915,-59,10,11,1/138.8,1/291.5,1/265.0,6.2173356594486915
2022-12-19,アイムジャグラーEX-TP,157,6149,799,24,19,1/143.0,1/256.2,1/323.6,5.783286857771708
2022-12-19,アイムジャグラーEX-TP,158,2125,-1426,4,2,1/354.2,1/531.2,1/1062.5,6.179166757536765
2022-12-19,アイムジャグラーEX-TP,159,3706,-378,14,7,1/176.5,1/264.7,1/529.4,6.166769105032574
2022-12-19,アイムジャグラーEX-TP,160,2038,-978,4,5,1/226.4,1/509.5,1/407.6,6.053166823525268
2022-12-19,アイムジャグラーEX-TP,161,2675,1408,16,8,1/111.5,1/167.2,1/334.4,6.314070108602007
2022-12-19,アイムジャグラーEX-TP,162,961,-432,2,3,1/192.2,1/480.5,1/320.3,6.356526806981649
2022-12-19,アイムジャグラーEX-TP,163,6079,331,22,23,1/135.1,1/276.3,1/264.3,6.092397730926103
2022-12-19,アイムジャグラーEX-TP,164,5544,111,18,24,1/132.0,1/308.0,1/231.0,6.059425255645118
2022-12-19,アイムジャグラーEX-TP,165,1195,-245,5,2,1/170.7,1/239.0,1/597.5,7.190173469703948
2022-12-19,アイムジャグラーEX-TP,166,4717,-620,18,7,1/188.7,1/262.1,1/673.9,6.16920307406537
2022-12-19,アイムジャグラーEX-TP,167,2516,309,10,6,1/157.2,1/251.6,1/419.3,5.612543043252898
2022-12-19,アイムジャグラーEX-TP,168,6865,850,26,27,1/129.5,1/264.0,1/254.3,6.033396718421023
2022-12-19,アイムジャグラーEX-TP,169,2283,-1438,3,8,1/207.5,1/761.0,1/285.4,6.480262010362345
2022-12-19,アイムジャグラーEX-TP,170,4280,-1001,11,14,1/171.2,1/389.1,1/305.7,5.98291834875088
2022-12-19,アイムジャグラーEX-TP,171,2258,915,10,11,1/107.5,1/225.8,1/205.3,5.896145276214952
2022-12-19,アイムジャグラーEX-TP,172,2890,124,13,5,1/160.6,1/222.3,1/578.0,6.268394429935076
2022-12-19,アイムジャグラーEX-TP,173,6031,302,25,17,1/143.6,1/241.2,1/354.8,6.307094710810347
2022-12-19,アイムジャグラーEX-TP,174,2765,327,11,10,1/131.7,1/251.4,1/276.5,6.141791872776724
2022-12-19,アイムジャグラーEX-TP,175,1734,-1581,2,2,1/433.5,1/867.0,1/867.0,6.574074579577693
2022-12-19,アイムジャグラーEX-TP,176,4075,-160,13,15,1/145.5,1/313.5,1/271.7,5.983952727507679
2022-12-19,アイムジャグラーEX-TP,177,2618,-868,7,6,1/201.4,1/374.0,1/436.3,6.1223802064991375
2022-12-19,アイムジャグラーEX-TP,178,3990,-50,15,12,1/147.8,1/266.0,1/332.5,6.226777844562614
2022-12-19,マイジャグラーV,68,6192,-503,21,18,1/158.8,1/294.9,1/344.0,5.878044977049662
2022-12-19,マイジャグラーV,69,5225,480,22,14,1/145.1,1/237.5,1/373.2,5.883164918940931
2022-12-19,マイジャグラーV,70,4563,-927,14,11,1/182.5,1/325.9,1/414.8,5.8663973420746
2022-12-19,マイジャグラーV,71,5134,-5,19,16,1/146.7,1/270.2,1/320.9,5.937842030045024
2022-12-19,マイジャグラーV,72,6764,72,25,19,1/153.7,1/270.6,1/356.0,5.758124146850673
2022-12-19,ファンキージャグラー2,61,1956,-1117,5,3,1/244.5,1/391.2,1/652.0,6.666845039991698
2022-12-19,ファンキージャグラー2,62,2398,-423,7,6,1/184.5,1/342.6,1/399.7,5.651374196563067
2022-12-19,ファンキージャグラー2,63,6643,2297,37,17,1/123.0,1/179.5,1/390.8,6.1625848374414725
2022-12-19,ファンキージャグラー2,64,684,-478,1,0,1/684.0,1/684.0,1/0.0,5.405080775929374
2022-12-19,ファンキージャグラー2,65,3968,-1677,11,7,1/220.4,1/360.7,1/566.9,6.275524962371365
2022-12-19,ファンキージャグラー2,66,3302,-682,10,9,1/173.8,1/330.2,1/366.9,5.97915254928602
2022-12-19,ファンキージャグラー2,67,2450,-526,7,7,1/175.0,1/350.0,1/350.0,5.889750481922823
2022-12-19,ハッピージャグラーVIII,154,3923,-364,14,8,1/178.3,1/280.2,1/490.4,5.9838123233625184
2022-12-19,ハッピージャグラーVIII,155,593,-474,1,1,1/296.5,1/593.0,1/593.0,7.17246993164231
2022-12-19,ハッピージャグラーVIII,156,4128,-2453,8,8,1/258.0,1/516.0,1/516.0,6.472148907087975
2022-12-18,アイムジャグラーEX-TP,73,7508,856,28,32,1/125.1,1/268.1,1/234.6,6.156857238291008
2022-12-18,アイムジャグラーEX-TP,74,3585,57,13,10,1/155.9,1/275.8,1/358.5,5.850342367420593
2022-12-18,アイムジャグラーEX-TP,75,7093,1607,32,21,1/133.8,1/221.7,1/337.8,5.972974819435405
2022-12-18,アイムジャグラーEX-TP,76,1500,-1052,3,2,1/300.0,1/500.0,1/750.0,6.680658935659687
2022-12-18,アイムジャグラーEX-TP,77,3271,-1408,7,8,1/218.1,1/467.3,1/408.9,6.027569931650747
2022-12-18,アイムジャグラーEX-TP,78,4395,-838,13,16,1/151.6,1/338.1,1/274.7,6.4117101314721525
2022-12-18,アイムジャグラーEX-TP,79,3168,-237,11,10,1/150.9,1/288.0,1/316.8,6.247800179730751
2022-12-18,アイムジャグラーEX-TP,80,2128,841,11,6,1/125.2,1/193.5,1/354.7,5.898791321580676
2022-12-18,アイムジャグラーEX-TP,81,4845,331,20,10,1/161.5,1/242.2,1/484.5,5.869872024674543
2022-12-18,アイムジャグラーEX-TP,82,3058,-1477,5,9,1/218.4,1/611.6,1/339.8,5.90760543733068
2022-12-18,アイムジャグラーEX-TP,83,4731,-84,17,15,1/147.8,1/278.3,1/315.4,6.1267682350416335
2022-12-18,アイムジャグラーEX-TP,84,4227,-1286,10,14,1/176.1,1/422.7,1/301.9,6.087260117740599
2022-12-18,アイムジャグラーEX-TP,109,4532,-901,14,8,1/206.0,1/323.7,1/566.5,5.7752290537144475
2022-12-18,アイムジャグラーEX-TP,110,3335,1246,19,7,1/128.3,1/175.5,1/476.4,6.2962436440505964
2022-12-18,アイムジャグラーEX-TP,111,5900,1756,28,22,1/118.0,1/210.7,1/268.2,6.257799047223579
2022-12-18,アイムジャグラーEX-TP,112,3213,-13,13,9,1/146.0,1/247.2,1/357.0,6.446965273189801
2022-12-18,アイムジャグラーEX-TP,113,4983,-1053,13,20,1/151.0,1/383.3,1/249.2,6.253795905393961
2022-12-18,アイムジャグラーEX-TP,114,2885,-864,8,8,1/180.3,1/360.6,1/360.6,6.309108252925918
2022-12-18,アイムジャグラーEX-TP,115,2130,-1018,4,6,1/213.0,1/532.5,1/355.0,6.105728864933537
2022-12-18,アイムジャグラーEX-TP,116,4907,158,21,13,1/144.3,1/233.7,1/377.5,6.4886312489571845
2022-12-18,アイムジャグラーEX-TP,117,3595,501,16,10,1/138.3,1/224.7,1/359.5,6.228059948065429
2022-12-18,アイムジャグラーEX-TP,118,2952,-667,8,10,1/164.0,1/369.0,1/295.2,6.1594627312651875
2022-12-18,アイムジャグラーEX-TP,119,3932,-919,11,12,1/171.0,1/357.5,1/327.7,6.149029229829553
2022-12-18,アイムジャグラーEX-TP,120,4502,146,17,14,1/145.2,1/264.8,1/321.6,6.079935923795687
2022-12-18,アイムジャグラーEX-TP,121,6777,1013,29,22,1/132.9,1/233.7,1/308.0,6.185034492678819
2022-12-18,アイムジャグラーEX-TP,122,5457,-899,15,18,1/165.4,1/363.8,1/303.2,5.887690253071743
2022-12-18,アイムジャグラーEX-TP,123,2951,1547,18,7,1/118.0,1/163.9,1/421.6,6.182010583828367
2022-12-18,アイムジャグラーEX-TP,124,4127,-56,16,10,1/158.7,1/257.9,1/412.7,6.1074275642368345
2022-12-18,アイムジャグラーEX-TP,125,2263,-241,8,4,1/188.6,1/282.9,1/565.8,5.859680663716681
2022-12-18,アイムジャグラーEX-TP,126,5440,2,20,15,1/155.4,1/272.0,1/362.7,5.959757286693413
2022-12-18,アイムジャグラーEX-TP,127,1304,-556,3,3,1/217.3,1/434.7,1/434.7,6.131315666555356
2022-12-18,アイムジャグラーEX-TP,128,5854,404,20,24,1/133.0,1/292.7,1/243.9,5.932768417029958
2022-12-18,アイムジャグラーEX-TP,129,1361,-610,4,1,1/272.2,1/340.2,1/1361.0,6.290756161370421
2022-12-18,アイムジャグラーEX-TP,130,3838,-354,14,10,1/159.9,1/274.1,1/383.8,6.292200203055431
2022-12-18,アイムジャグラーEX-TP,131,4418,-764,14,13,1/163.6,1/315.6,1/339.8,6.255168070688553
2022-12-18,アイムジャグラーEX-TP,132,6591,1169,30,20,1/131.8,1/219.7,1/329.6,6.284132368407398
2022-12-18,アイムジャグラーEX-TP,157,5132,1398,22,19,1/125.2,1/233.3,1/270.1,5.835060419878987
2022-12-18,アイムジャグラーEX-TP,158,4267,153,17,13,1/142.2,1/251.0,1/328.2,6.284424973936647
2022-12-18,アイムジャグラーEX-TP,159,1487,-864,4,0,1/371.8,1/371.8,1/0.0,6.292142971028892
2022-12-18,アイムジャグラーEX-TP,160,6591,161,21,28,1/134.5,1/313.9,1/235.4,5.936562867367611
2022-12-18,アイムジャグラーEX-TP,161,5340,2516,28,23,1/104.7,1/190.7,1/232.2,6.290235346092812
2022-12-18,アイムジャグラーEX-TP,162,1767,-1194,3,2,1/353.4,1/589.0,1/883.5,6.068798329504014
2022-12-18,アイムジャグラーEX-TP,163,5358,-1592,13,20,1/162.4,1/412.2,1/267.9,6.318872600855393
2022-12-18,アイムジャグラーEX-TP,164,5347,977,22,22,1/121.5,1/243.0,1/243.0,6.2238402577310055
2022-12-18,アイムジャグラーEX-TP,165,7288,4022,44,22,1/110.4,1/165.6,1/331.3,6.270665857812721
2022-12-18,アイムジャグラーEX-TP,166,2562,-559,8,9,1/150.7,1/320.2,1/284.7,6.717124101856666
2022-12-18,アイムジャグラーEX-TP,167,4277,281,16,13,1/147.5,1/267.3,1/329.0,5.862543464139239
2022-12-18,アイムジャグラーEX-TP,168,5582,87,20,18,1/146.9,1/279.1,1/310.1,5.985591816222643
2022-12-18,アイムジャグラーEX-TP,169,8143,2285,39,23,1/131.3,1/208.8,1/354.0,5.985514129642957
2022-12-18,アイムジャグラーEX-TP,170,3662,-445,10,15,1/146.5,1/366.2,1/244.1,6.01257126526517
2022-12-18,アイムジャグラーEX-TP,171,5476,1338,26,16,1/130.4,1/210.6,1/342.2,6.147127799438035
2022-12-18,アイムジャグラーEX-TP,172,5870,166,23,15,1/154.5,1/255.2,1/391.3,6.0207147460227635
2022-12-18,アイムジャグラーEX-TP,173,4875,-2092,10,17,1/180.6,1/487.5,1/286.8,6.391546115005219
2022-12-18,アイムジャグラーEX-TP,174,1198,-1033,1,2,1/399.3,1/1198.0,1/599.0,6.166606364668701
2022-12-18,アイムジャグラーEX-TP,175,4155,-243,15,13,1/148.4,1/277.0,1/319.6,6.325200237115087
2022-12-18,アイムジャグラーEX-TP,176,4183,125,15,12,1/154.9,1/278.9,1/348.6,5.780406169781405
2022-12-18,アイムジャグラーEX-TP,177,5476,585,21,16,1/148.0,1/260.8,1/342.2,5.741674213273986
2022-12-18,アイムジャグラーEX-TP,178,4742,-707,17,9,1/182.4,1/278.9,1/526.9,6.16465280641594
2022-12-18,マイジャグラーV,68,5931,-625,21,16,1/160.3,1/282.4,1/370.7,6.05565302107765
2022-12-18,マイジャグラーV,69,8334,486,29,33,1/134.4,1/287.4,1/252.5,5.800623396838483
2022-12-18,マイジャグラーV,70,6584,769,27,24,1/129.1,1/243.9,1/274.3,6.065226387891272
2022-12-18,マイジャグラーV,71,4388,855,19,16,1/125.4,1/230.9,1/274.2,5.9607258667132115
2022-12-18,マイジャグラーV,72,8695,2304,40,28,1/127.9,1/217.4,1/310.5,5.76306876817019
2022-12-18,ファンキージャグラー2,61,6116,293,25,13,1/160.9,1/244.6,1/470.5,5.72992536434938
2022-12-18,ファンキージャグラー2,62,3133,-575,12,4,1/195.8,1/261.1,1/783.2,6.120011561215585
2022-12-18,ファンキージャグラー2,63,3748,374,16,11,1/138.8,1/234.2,1/340.7,6.025944359375231
2022-12-18,ファンキージャグラー2,64,2861,254,14,4,1/158.9,1/204.4,1/715.2,6.090294253439634
2022-12-18,ファンキージャグラー2,65,3953,-171,15,10,1/158.1,1/263.5,1/395.3,5.985198519272788
2022-12-18,ファンキージャグラー2,66,2651,-1277,5,7,1/220.9,1/530.2,1/378.7,5.951312438655503
2022-12-18,ファンキージャグラー2,67,3788,-637,10,13,1/164.7,1/378.8,1/291.4,5.705930386745492
2022-12-18,ハッピージャグラーVIII,154,5795,296,23,15,1/152.5,1/252.0,1/386.3,6.004606942716683
2022-12-18,ハッピージャグラーVIII,155,7466,1764,35,21,1/133.3,1/213.3,1/355.5,6.0436804046594546
2022-12-18,ハッピージャグラーVIII,156,6149,-488,22,18,1/153.7,1/279.5,1/341.6,6.333164709003557
2022-12-17,アイムジャグラーEX-TP,73,8196,4013,38,39,1/106.4,1/215.7,1/210.2,5.715052383203689
2022-12-17,アイムジャグラーEX-TP,74,850,154,3,3,1/141.7,1/283.3,1/283.3,5.381569075604713
2022-12-17,アイムジャグラーEX-TP,75,2196,559,9,8,1/129.2,1/244.0,1/274.5,5.689228386482756
2022-12-17,アイムジャグラーEX-TP,76,7178,3126,39,22,1/117.7,1/184.1,1/326.3,6.1219414141464625
2022-12-17,アイムジャグラーEX-TP,77,2109,-422,6,7,1/162.2,1/351.5,1/301.3,6.166718777243468
2022-12-17,アイムジャグラーEX-TP,78,1920,-233,7,4,1/174.5,1/274.3,1/480.0,6.1894942683510035
2022-12-17,アイムジャグラーEX-TP,79,3167,-1003,8,8,1/197.9,1/395.9,1/395.9,5.986499507923728
2022-12-17,アイムジャグラーEX-TP,80,1765,-338,4,6,1/176.5,1/441.2,1/294.2,5.541634314302032
2022-12-17,アイムジャグラーEX-TP,81,3473,-154,14,6,1/173.7,1/248.1,1/578.8,6.122716084101897
2022-12-17,アイムジャグラーEX-TP,82,3118,-8,12,10,1/141.7,1/259.8,1/311.8,6.383128298708786
2022-12-17,アイムジャグラーEX-TP,83,2139,-1081,3,8,1/194.5,1/713.0,1/267.4,6.086806396103806
2022-12-17,アイムジャグラーEX-TP,84,6074,1343,23,30,1/114.6,1/264.1,1/202.5,6.025968750619748
2022-12-17,アイムジャグラーEX-TP,109,7809,2953,36,31,1/116.6,1/216.9,1/251.9,5.839104474440181
2022-12-17,アイムジャグラーEX-TP,110,5481,102,21,18,1/140.5,1/261.0,1/304.5,6.29188932074216
2022-12-17,アイムジャグラーEX-TP,111,3453,-421,11,10,1/164.4,1/313.9,1/345.3,6.014318676713337
2022-12-17,アイムジャグラーEX-TP,112,4145,-479,14,12,1/159.4,1/296.1,1/345.4,6.209288526388278
2022-12-17,アイムジャグラーEX-TP,113,5604,3003,33,17,1/112.1,1/169.8,1/329.6,6.174181595372826
2022-12-17,アイムジャグラーEX-TP,114,4528,1139,21,15,1/125.8,1/215.6,1/301.9,6.1582056076881395
2022-12-17,アイムジャグラーEX-TP,115,2250,-1387,3,6,1/250.0,1/750.0,1/375.0,6.047432025184196
2022-12-17,アイムジャグラーEX-TP,116,3598,339,16,8,1/149.9,1/224.9,1/449.8,6.184926340930881
2022-12-17,アイムジャグラーEX-TP,117,1749,-929,3,4,1/249.9,1/583.0,1/437.2,5.933133483867796
2022-12-17,アイムジャグラーEX-TP,118,3629,583,17,9,1/139.6,1/213.5,1/403.2,6.270717429169665
2022-12-17,アイムジャグラーEX-TP,119,1222,-997,2,1,1/407.3,1/611.0,1/1222.0,6.539755801665155
2022-12-17,アイムジャグラーEX-TP,120,5047,-1382,12,15,1/186.9,1/420.6,1/336.5,5.822329789518337
2022-12-17,アイムジャグラーEX-TP,121,4214,-704,14,8,1/191.5,1/301.0,1/526.8,5.944797798297439
2022-12-17,アイムジャグラーEX-TP,122,3958,233,14,14,1/141.4,1/282.7,1/282.7,5.875573929861739
2022-12-17,アイムジャグラーEX-TP,123,3778,-244,14,8,1/171.7,1/269.9,1/472.2,6.010548337329282
2022-12-17,アイムジャグラーEX-TP,124,3819,-662,12,14,1/146.9,1/318.2,1/272.8,6.5771768759067735
2022-12-17,アイムジャグラーEX-TP,125,3976,-959,10,12,1/180.7,1/397.6,1/331.3,5.849101364132246
2022-12-17,アイムジャグラーEX-TP,126,4134,-1348,13,5,1/229.7,1/318.0,1/826.8,6.168336867469059
2022-12-17,アイムジャグラーEX-TP,127,1628,-1038,2,5,1/232.6,1/814.0,1/325.6,6.203810336104381
2022-12-17,アイムジャグラーEX-TP,128,2013,-271,6,6,1/167.8,1/335.5,1/335.5,5.8784274619572585
2022-12-17,アイムジャグラーEX-TP,129,2089,-238,6,10,1/130.6,1/348.2,1/208.9,6.468342156164419
2022-12-17,アイムジャグラーEX-TP,130,7183,321,28,21,1/146.6,1/256.5,1/342.0,6.082988442228805
2022-12-17,アイムジャグラーEX-TP,131,2197,1029,12,8,1/109.8,1/183.1,1/274.6,6.262115925931796
2022-12-17,アイムジャグラーEX-TP,132,4927,-694,17,11,1/176.0,1/289.8,1/447.9,6.116666721290846
2022-12-17,アイムジャグラーEX-TP,157,6940,-43,24,23,1/147.7,1/289.2,1/301.7,5.98095995010466
2022-12-17,アイムジャグラーEX-TP,158,3496,-199,12,13,1/139.8,1/291.3,1/268.9,6.375553007644335
2022-12-17,アイムジャグラーEX-TP,159,3427,-1030,9,7,1/214.2,1/380.8,1/489.6,5.825070300286708
2022-12-17,アイムジャグラーEX-TP,160,5934,1570,24,25,1/121.1,1/247.2,1/237.4,5.81636341022816
2022-12-17,アイムジャグラーEX-TP,161,4395,527,19,11,1/146.5,1/231.3,1/399.5,6.043868169139747
2022-12-17,アイムジャグラーEX-TP,162,3778,1375,21,10,1/121.9,1/179.9,1/377.8,6.433043215798273
2022-12-17,アイムジャグラーEX-TP,163,1625,-1153,3,2,1/325.0,1/541.7,1/812.5,6.463577739438265
2022-12-17,アイムジャグラーEX-TP,164,5105,-847,13,20,1/154.7,1/392.7,1/255.2,5.928443283117309
2022-12-17,アイムジャグラーEX-TP,165,3243,-286,12,7,1/170.7,1/270.2,1/463.3,6.131026212226105
2022-12-17,アイムジャグラーEX-TP,166,4325,881,19,12,1/139.5,1/227.6,1/360.4,5.865168257438168
2022-12-17,アイムジャグラーEX-TP,167,6743,2401,34,17,1/132.2,1/198.3,1/396.6,5.8081044496152625
2022-12-17,アイムジャグラーEX-TP,168,6135,221,22,22,1/139.4,1/278.9,1/278.9,6.052352702900809
2022-12-17,アイムジャグラーEX-TP,169,5322,-875,17,16,1/161.3,1/313.1,1/332.6,6.274584667473481
2022-12-17,アイムジャグラーEX-TP,170,3074,-623,9,9,1/170.8,1/341.6,1/341.6,6.10139195496736
2022-12-17,アイムジャグラーEX-TP,171,5179,-1225,16,13,1/178.6,1/323.7,1/398.4,6.267207062313427
2022-12-17,アイムジャグラーEX-TP,172,3746,-689,12,11,1/162.9,1/312.2,1/340.5,6.35004488512106
2022-12-17,アイムジャグラーEX-TP,173,3779,-538,12,11,1/164.3,1/314.9,1/343.5,6.102825159097778
2022-12-17,アイムジャグラーEX-TP,174,6301,4216,38,25,1/100.0,1/165.8,1/252.0,6.133707483324633
2022-12-17,アイムジャグラーEX-TP,175,5883,905,26,13,1/150.8,1/226.3,1/452.5,5.876861207088911
2022-12-17,アイムジャグラーEX-TP,176,1784,-769,4,5,1/198.2,1/446.0,1/356.8,6.3142818401643614
2022-12-17,アイムジャグラーEX-TP,177,2068,133,9,4,1/159.1,1/229.8,1/517.0,6.08388339572599
2022-12-17,アイムジャグラーEX-TP,178,4599,-106,16,15,1/148.4,1/287.4,1/306.6,6.05829710002267
2022-12-17,マイジャグラーV,68,4418,161,17,12,1/152.3,1/259.9,1/368.2,5.765148299876459
2022-12-17,マイジャグラーV,69,3596,-1936,7,8,1/239.7,1/513.7,1/449.5,6.085843376335871
2022-12-17,マイジャグラーV,70,4443,-1308,14,7,1/211.6,1/317.4,1/634.7,6.005175165480514
2022-12-17,マイジャグラーV,71,2490,655,12,7,1/131.1,1/207.5,1/355.7,5.827509748572502
2022-12-17,マイジャグラーV,72,5590,-1614,15,19,1/164.4,1/372.7,1/294.2,6.2693088438877185
2022-12-17,ファンキージャグラー2,61,6638,-512,23,21,1/150.9,1/288.6,1/316.1,6.054835621542947
2022-12-17,ファンキージャグラー2,62,594,-468,1,0,1/594.0,1/594.0,1/0.0,5.978879156434505
2022-12-17,ファンキージャグラー2,63,6901,1417,31,23,1/127.8,1/222.6,1/300.0,5.961949247686735
2022-12-17,ファンキージャグラー2,64,5939,773,22,24,1/129.1,1/270.0,1/247.5,5.7650054341776995
2022-12-17,ファンキージャグラー2,65,962,462,5,3,1/120.2,1/192.4,1/320.7,5.448073614687826
2022-12-17,ファンキージャグラー2,66,2824,-1271,6,3,1/313.8,1/470.7,1/941.3,5.445431578894594
2022-12-17,ファンキージャグラー2,67,2917,-535,9,10,1/153.5,1/324.1,1/291.7,6.247142426254016
2022-12-17,ハッピージャグラーVIII,154,4583,-459,16,11,1/169.7,1/286.4,1/416.6,6.090046884424599
2022-12-17,ハッピージャグラーVIII,155,3069,-674,13,2,1/204.6,1/236.1,1/1534.5,6.762629048615266
2022-12-17,ハッピージャグラーVIII,156,4178,-586,13,11,1/174.1,1/321.4,1/379.8,5.960170355591996
